"Core_CN","PLT_CN","STATECD","COUNTYCD","PLOT","SUBP","DIA","SPCD"
"295712754489998","295712754489998",35,49,2,3,6.60,106
"295712755489998","295712755489998",35,49,3,1,7.50,106
"558531547126144","558531547126144",35,6,3,3,5.00,106
"9000303","2505734010690",4,9,3,3,17.00,106
"558531549126144","558531549126144",35,6,3,4,12.20,106
"558532050126144","558532050126144",35,31,3,4,4.40,106
"558531550126144","558531550126144",35,6,4,1,5.70,106
"558531553126144","558531553126144",35,6,4,3,7.60,106
"558532948126144","558532948126144",35,51,4,4,12.10,106
"11000601","2511050010690",4,11,6,1,14.90,106
"558531554126144","558531554126144",35,6,6,1,6.10,106
"9000601","2505918010690",4,9,6,1,27.50,106
"9000602","2505918010690",4,9,6,2,24.30,106
"9000701","2505957010690",4,9,7,1,27.00,106
"558532810126144","558532810126144",35,43,7,3,7.10,106
"558532949126144","558532949126144",35,51,7,3,8.00,106
"558532950126144","558532950126144",35,51,8,1,10.80,106
"9000901","2506014010690",4,9,9,1,16.30,106
"9000902","2506014010690",4,9,9,2,17.60,106
"9001003","2506041010690",4,9,10,3,25.70,106
"9001004","2506041010690",4,9,10,4,17.60,106
"9001101","2506056010690",4,9,11,1,16.70,106
"558531556126144","558531556126144",35,6,12,2,9.10,106
"558531558126144","558531558126144",35,6,12,3,5.30,106
"558531559126144","558531559126144",35,6,12,3,15.30,106
"558532812126144","558532812126144",35,43,12,3,4.10,106
"11001301","2511340010690",4,11,13,1,19.20,106
"295712327489998","295712327489998",35,35,13,1,6.70,106
"558531560126144","558531560126144",35,6,13,1,4.20,106
"558532952126144","558532952126144",35,51,13,1,5.20,106
"11001304","2511340010690",4,11,13,4,15.30,106
"295712756489998","295712756489998",35,49,13,4,5.20,106
"295712685489998","295712685489998",35,45,14,3,12.00,106
"558531488126144","558531488126144",35,1,15,2,8.50,106
"558531490126144","558531490126144",35,1,15,4,11.80,106
"558532755126144","558532755126144",35,39,18,1,7.30,106
"558531810126144","558531810126144",35,27,18,2,8.10,106
"558531812126144","558531812126144",35,27,19,2,6.00,106
"558531813126144","558531813126144",35,27,19,4,3.60,106
"558531569126144","558531569126144",35,6,20,1,6.30,106
"558531571126144","558531571126144",35,6,20,1,13.00,106
"558531814126144","558531814126144",35,27,20,1,12.20,106
"295711814489998","295711814489998",35,3,20,2,9.10,106
"558531572126144","558531572126144",35,6,20,2,8.60,106
"558531574126144","558531574126144",35,6,20,3,10.90,106
"11002101","2511629010690",4,11,21,1,8.90,106
"295711965489998","295711965489998",35,7,21,1,3.60,106
"11002201","2511642010690",4,11,22,1,7.60,106
"295712686489998","295712686489998",35,45,23,3,5.00,106
"11002304","2511686010690",4,11,23,4,8.60,106
"558533060126144","558533060126144",35,55,23,4,9.50,106
"558533061126144","558533061126144",35,55,24,3,5.20,106
"558532301126144","558532301126144",35,35,25,3,9.00,106
"295711979489998","295711979489998",35,7,26,2,11.30,106
"295712687489998","295712687489998",35,45,26,3,8.80,106
"295711815489998","295711815489998",35,3,27,2,12.10,106
"295712688489998","295712688489998",35,45,27,2,10.50,106
"9002802","2506634010690",4,9,28,2,17.30,106
"295711816489998","295711816489998",35,3,28,4,8.10,106
"295712760489998","295712760489998",35,49,28,4,9.20,106
"295711817489998","295711817489998",35,3,29,2,8.40,106
"9002903","2506647010690",4,9,29,3,11.40,106
"558531712126144","558531712126144",35,7,29,5,5.90,106
"558531492126144","558531492126144",35,1,31,1,14.20,106
"558531493126144","558531493126144",35,1,31,1,7.50,106
"11003102","2512169010690",4,11,31,2,30.30,106
"558531496126144","558531496126144",35,1,32,1,6.30,106
"295712761489998","295712761489998",35,49,32,4,9.10,106
"11003301","2512255010690",4,11,33,1,14.70,106
"9003301","2506689010690",4,9,33,1,16.40,106
"11003302","2512255010690",4,11,33,2,16.30,106
"11003303","2512255010690",4,11,33,3,16.70,106
"558532953126144","558532953126144",35,51,34,4,7.40,106
"295712762489998","295712762489998",35,49,35,1,14.60,106
"558532053126144","558532053126144",35,31,35,2,11.30,106
"558532054126144","558532054126144",35,31,35,4,7.40,106
"295712763489998","295712763489998",35,49,36,1,7.60,106
"558531822126144","558531822126144",35,27,37,1,5.30,106
"558531823126144","558531823126144",35,27,37,3,8.90,106
"17003704","2527493010690",4,17,37,4,16.40,106
"558531587126144","558531587126144",35,6,37,4,7.80,106
"558531824126144","558531824126144",35,27,38,2,3.30,106
"558532056126144","558532056126144",35,31,38,2,15.60,106
"11003803","2512540010690",4,11,38,3,18.10,106
"558531826126144","558531826126144",35,27,38,3,5.90,106
"558531827126144","558531827126144",35,27,38,3,4.00,106
"11003902","2512551010690",4,11,39,2,31.40,106
"558532874126144","558532874126144",35,47,42,1,12.40,106
"11004301","2512771010690",4,11,43,1,15.30,106
"11004304","2512771010690",4,11,43,4,13.60,106
"558531593126144","558531593126144",35,6,43,4,5.40,106
"558531594126144","558531594126144",35,6,44,1,10.50,106
"558531595126144","558531595126144",35,6,44,1,6.50,106
"558531596126144","558531596126144",35,6,44,1,4.50,106
"558531597126144","558531597126144",35,6,44,2,8.20,106
"558532757126144","558532757126144",35,39,44,3,10.40,106
"558531598126144","558531598126144",35,6,45,1,19.00,106
"11004601","2512970010690",4,11,46,1,19.60,106
"11004602","2512970010690",4,11,46,2,14.30,106
"295711811489998","295711811489998",35,1,47,1,6.40,106
"11004703","2513009010690",4,11,47,3,14.20,106
"558531499126144","558531499126144",35,1,47,3,9.00,106
"558531500126144","558531500126144",35,1,48,1,9.10,106
"295712366489998","295712366489998",35,35,48,3,3.70,106
"558532326126144","558532326126144",35,35,48,3,8.70,106
"295712765489998","295712765489998",35,49,49,1,7.30,106
"558531599126144","558531599126144",35,6,49,1,7.50,106
"558531600126144","558531600126144",35,6,49,2,14.30,106
"558531716126144","558531716126144",35,7,50,1,10.60,106
"558532875126144","558532875126144",35,47,50,1,5.20,106
"11005101","2513198010690",4,11,51,1,20.50,106
"295711819489998","295711819489998",35,3,51,2,9.60,106
"11005201","2513233010690",4,11,52,1,8.50,106
"295711820489998","295711820489998",35,3,52,1,8.70,106
"295712384489998","295712384489998",35,35,52,1,8.20,106
"558532342126144","558532342126144",35,35,52,1,7.40,106
"11005202","2513233010690",4,11,52,2,13.00,106
"558532346126144","558532346126144",35,35,52,2,12.10,106
"295712693489998","295712693489998",35,45,53,3,6.00,106
"295711821489998","295711821489998",35,3,54,1,9.40,106
"558532350126144","558532350126144",35,35,54,2,7.10,106
"11005403","2513346010690",4,11,54,3,6.50,106
"11005502","2513380010690",4,11,55,2,6.80,106
"558531719126144","558531719126144",35,7,55,3,4.80,106
"558531831126144","558531831126144",35,27,56,1,3.20,106
"558531832126144","558531832126144",35,27,56,1,3.40,106
"11005602","2513442010690",4,11,56,2,11.30,106
"558531833126144","558531833126144",35,27,57,1,4.50,106
"295712694489998","295712694489998",35,45,57,3,5.20,106
"11005704","2513464010690",4,11,57,4,16.50,106
"11005901","2513490010690",4,11,59,1,16.50,106
"295712785489998","295712785489998",35,53,59,1,10.20,106
"558533063126144","558533063126144",35,55,59,4,13.20,106
"11006004","2513540010690",4,11,60,4,9.80,106
"11006201","2513604010690",4,11,62,1,15.70,106
"558533171126144","558533171126144",35,59,62,2,7.50,106
"11006301","2513650010690",4,11,63,1,19.10,106
"558531501126144","558531501126144",35,1,63,1,8.60,106
"558531502126144","558531502126144",35,1,63,1,13.60,106
"9006302","2507226010690",4,9,63,2,15.40,106
"11006304","2513650010690",4,11,63,4,19.60,106
"558531503126144","558531503126144",35,1,64,1,5.10,106
"558531504126144","558531504126144",35,1,64,1,11.80,106
"558531505126144","558531505126144",35,1,64,1,9.60,106
"1006402","2445933010690",4,1,64,2,7.50,106
"11006403","2513662010690",4,11,64,3,17.80,106
"558531770126144","558531770126144",35,17,64,4,7.60,106
"558531610126144","558531610126144",35,6,66,1,9.70,106
"558532260126144","558532260126144",35,33,66,1,5.60,106
"558532351126144","558532351126144",35,35,66,1,9.90,106
"558533088126144","558533088126144",35,57,66,3,6.00,106
"9006603","2507296010690",4,9,66,3,13.80,106
"558532060126144","558532060126144",35,31,67,1,9.10,106
"558531613126144","558531613126144",35,6,67,4,8.60,106
"558533097126144","558533097126144",35,57,68,1,5.70,106
"295711822489998","295711822489998",35,3,68,2,12.90,106
"558532063126144","558532063126144",35,31,68,2,7.50,106
"558533099126144","558533099126144",35,57,69,2,7.30,106
"11007101","2513765010690",4,11,71,1,6.70,106
"295712024489998","295712024489998",35,7,71,3,5.70,106
"558532758126144","558532758126144",35,39,71,3,15.10,106
"558531614126144","558531614126144",35,6,72,1,8.00,106
"558532371126144","558532371126144",35,35,72,1,6.00,106
"11007202","2513790010690",4,11,72,2,14.00,106
"295711824489998","295711824489998",35,3,72,2,4.60,106
"558532759126144","558532759126144",35,39,72,3,4.80,106
"558531616126144","558531616126144",35,6,73,1,5.50,106
"558531617126144","558531617126144",35,6,73,1,19.90,106
"558531618126144","558531618126144",35,6,73,4,9.30,106
"11007401","2513901010690",4,11,74,1,10.00,106
"11007402","2513901010690",4,11,74,2,6.70,106
"558531722126144","558531722126144",35,7,76,1,7.90,106
"295712695489998","295712695489998",35,45,76,4,5.50,106
"558531620126144","558531620126144",35,6,76,4,6.60,106
"295712776489998","295712776489998",35,49,77,1,6.50,106
"558532760126144","558532760126144",35,39,77,1,10.50,106
"295711825489998","295711825489998",35,3,77,3,8.10,106
"11007704","2513949010690",4,11,77,4,23.10,106
"295712033489998","295712033489998",35,7,77,4,6.30,106
"295712777489998","295712777489998",35,49,78,1,9.00,106
"295711826489998","295711826489998",35,3,78,2,9.90,106
"558532761126144","558532761126144",35,39,79,2,13.90,106
"11007903","2513988010690",4,11,79,3,37.30,106
"11007904","2513988010690",4,11,79,4,11.00,106
"11008001","2514004010690",4,11,80,1,11.20,106
"558531507126144","558531507126144",35,1,80,2,6.20,106
"11008003","2514004010690",4,11,80,3,12.30,106
"295711812489998","295711812489998",35,1,80,4,9.70,106
"11008101","2514038010690",4,11,81,1,6.30,106
"295712696489998","295712696489998",35,45,81,1,4.20,106
"558531510126144","558531510126144",35,1,81,1,5.00,106
"11008102","2514038010690",4,11,81,2,9.30,106
"558531512126144","558531512126144",35,1,81,3,5.70,106
"295712697489998","295712697489998",35,45,82,1,8.70,106
"1008304","2446162010690",4,1,83,4,20.40,106
"9008401","2507508010690",4,9,84,1,10.00,106
"295712787489998","295712787489998",35,53,84,4,5.90,106
"15008601","2520415010690",4,15,86,1,11.60,106
"25008601","2548903010690",4,25,86,1,21.80,106
"11008702","2514163010690",4,11,87,2,14.20,106
"295711827489998","295711827489998",35,3,87,2,9.50,106
"558533066126144","558533066126144",35,55,87,3,9.10,106
"558532372126144","558532372126144",35,35,87,4,11.90,106
"11008801","2514189010690",4,11,88,1,9.80,106
"295712778489998","295712778489998",35,49,88,4,4.30,106
"558531627126144","558531627126144",35,6,89,1,5.80,106
"558531629126144","558531629126144",35,6,89,1,9.70,106
"558533104126144","558533104126144",35,57,89,2,5.00,106
"5008904","2467008010690",4,5,89,4,6.90,106
"558531630126144","558531630126144",35,6,89,4,9.20,106
"11009001","2514232010690",4,11,90,1,18.30,106
"5009001","2467022010690",4,5,90,1,9.00,106
"558531631126144","558531631126144",35,6,90,1,7.80,106
"558531632126144","558531632126144",35,6,90,2,5.90,106
"558531633126144","558531633126144",35,6,90,2,10.90,106
"558533105126144","558533105126144",35,57,90,3,6.10,106
"5009101","2467058010690",4,5,91,1,11.10,106
"558532390126144","558532390126144",35,35,91,5,3.80,106
"558532393126144","558532393126144",35,35,92,1,7.50,106
"11009204","2514261010690",4,11,92,4,10.80,106
"295712038489998","295712038489998",35,7,93,3,5.70,106
"558531514126144","558531514126144",35,1,94,2,6.10,106
"11009403","2514297010690",4,11,94,3,11.30,106
"558531515126144","558531515126144",35,1,95,1,5.90,106
"558531517126144","558531517126144",35,1,95,1,4.10,106
"558531519126144","558531519126144",35,1,95,2,9.50,106
"11009504","2514316010690",4,11,95,4,12.00,106
"11009602","2514365010690",4,11,96,2,14.50,106
"558532828126144","558532828126144",35,43,96,4,18.20,106
"558532267126144","558532267126144",35,33,97,2,6.60,106
"558532066126144","558532066126144",35,31,97,3,12.40,106
"558532762126144","558532762126144",35,39,99,2,10.30,106
"295711829489998","295711829489998",35,3,100,1,11.30,106
"295711830489998","295711830489998",35,3,101,4,6.30,106
"11010202","2514454010690",4,11,102,2,11.30,106
"558532763126144","558532763126144",35,39,102,3,12.20,106
"295711831489998","295711831489998",35,3,103,1,9.30,106
"11010304","2514485010690",4,11,103,4,10.90,106
"295712420489998","295712420489998",35,35,105,1,6.20,106
"295712422489998","295712422489998",35,35,105,1,10.30,106
"7010501","2497698010690",4,7,105,1,13.80,106
"558532395126144","558532395126144",35,35,105,4,10.60,106
"558532764126144","558532764126144",35,39,106,2,14.20,106
"558532396126144","558532396126144",35,35,107,1,5.80,106
"558532400126144","558532400126144",35,35,107,1,4.00,106
"558532765126144","558532765126144",35,39,107,1,5.50,106
"295712780489998","295712780489998",35,49,108,1,6.30,106
"558533106126144","558533106126144",35,57,108,1,10.30,106
"558533108126144","558533108126144",35,57,108,3,7.20,106
"295712789489998","295712789489998",35,53,109,1,8.60,106
"558533111126144","558533111126144",35,57,109,1,10.00,106
"558533114126144","558533114126144",35,57,109,1,6.50,106
"295712039489998","295712039489998",35,7,110,2,10.30,106
"558532968126144","558532968126144",35,53,110,3,6.80,106
"558532766126144","558532766126144",35,39,111,3,8.90,106
"295712702489998","295712702489998",35,45,111,4,6.10,106
"25011201","2549125010690",4,25,112,1,6.40,106
"295712443489998","295712443489998",35,35,112,1,5.80,106
"558532407126144","558532407126144",35,35,112,1,4.30,106
"558531640126144","558531640126144",35,6,112,3,9.70,106
"558532833126144","558532833126144",35,43,112,4,9.30,106
"558531642126144","558531642126144",35,6,113,1,7.60,106
"295711833489998","295711833489998",35,3,113,3,5.40,106
"9011401","2507861010690",4,9,114,1,15.50,106
"295711834489998","295711834489998",35,3,114,2,5.00,106
"558533172126144","558533172126144",35,61,114,3,5.80,106
"295712703489998","295712703489998",35,45,114,4,7.30,106
"558532971126144","558532971126144",35,53,115,2,7.00,106
"17011601","2528184010690",4,17,116,1,19.90,106
"295712052489998","295712052489998",35,7,116,4,6.10,106
"295712053489998","295712053489998",35,7,117,4,6.10,106
"558532269126144","558532269126144",35,33,118,1,10.60,106
"1011803","2446444010690",4,1,118,3,10.70,106
"558533068126144","558533068126144",35,55,118,4,9.60,106
"9011901","2507911010690",4,9,119,1,32.50,106
"9011902","2507911010690",4,9,119,2,12.00,106
"295712781489998","295712781489998",35,49,119,3,3.90,106
"7012001","2498152010690",4,7,120,1,15.40,106
"558533069126144","558533069126144",35,55,121,2,6.50,106
"558533070126144","558533070126144",35,55,122,1,6.40,106
"558533071126144","558533071126144",35,55,122,1,11.10,106
"295711835489998","295711835489998",35,3,122,3,9.90,106
"558532903126144","558532903126144",35,47,122,3,6.80,106
"5012301","2467301010690",4,5,123,1,25.70,106
"558531521126144","558531521126144",35,3,123,1,15.30,106
"558532067126144","558532067126144",35,31,123,4,7.10,106
"5012403","2467385010690",4,5,124,3,12.40,106
"558532423126144","558532423126144",35,35,125,1,12.00,106
"558532424126144","558532424126144",35,35,125,1,5.40,106
"11012504","2514769010690",4,11,125,4,11.90,106
"295711836489998","295711836489998",35,3,127,3,7.40,106
"558532068126144","558532068126144",35,31,129,1,6.40,106
"295712704489998","295712704489998",35,45,129,2,5.50,106
"295711837489998","295711837489998",35,3,130,1,7.00,106
"295711838489998","295711838489998",35,3,130,3,3.50,106
"7013101","2498422010690",4,7,131,1,13.50,106
"558532069126144","558532069126144",35,31,131,3,6.40,106
"558532442126144","558532442126144",35,35,132,3,11.90,106
"11013301","2514823010690",4,11,133,1,10.80,106
"7013303","2498499010690",4,7,133,3,22.40,106
"7013404","2498539010690",4,7,134,4,21.50,106
"295712791489998","295712791489998",35,53,135,4,5.00,106
"558531651126144","558531651126144",35,6,136,1,5.90,106
"295712792489998","295712792489998",35,53,136,2,9.10,106
"558531652126144","558531652126144",35,6,136,2,12.80,106
"558531654126144","558531654126144",35,6,136,4,3.00,106
"558531655126144","558531655126144",35,6,137,1,6.20,106
"558531656126144","558531656126144",35,6,137,1,9.60,106
"558532845126144","558532845126144",35,43,137,1,10.00,106
"558532846126144","558532846126144",35,43,137,1,5.30,106
"558531658126144","558531658126144",35,6,137,3,16.20,106
"558532912126144","558532912126144",35,47,137,4,6.50,106
"558531734126144","558531734126144",35,7,138,2,7.50,106
"295712707489998","295712707489998",35,45,139,3,5.60,106
"558532444126144","558532444126144",35,35,139,3,6.20,106
"25014501","2549503010690",4,25,145,1,10.30,106
"25014604","2549517010690",4,25,146,4,17.60,106
"558531522126144","558531522126144",35,3,148,3,10.70,106
"295711839489998","295711839489998",35,3,150,1,9.00,106
"558533121126144","558533121126144",35,57,150,1,9.40,106
"7015001","2498938010690",4,7,150,1,17.10,106
"295711840489998","295711840489998",35,3,151,1,8.10,106
"295711841489998","295711841489998",35,3,151,1,11.80,106
"558533125126144","558533125126144",35,57,151,1,11.10,106
"295711842489998","295711842489998",35,3,151,3,3.40,106
"7015103","2498998010690",4,7,151,3,10.20,106
"295712473489998","295712473489998",35,35,151,4,4.00,106
"295711843489998","295711843489998",35,3,152,1,8.00,106
"295711847489998","295711847489998",35,3,152,2,9.50,106
"7015204","2499049010690",4,7,152,4,18.80,106
"295712673489998","295712673489998",35,43,153,1,8.00,106
"558531839126144","558531839126144",35,27,153,1,7.80,106
"7015301","2499088010690",4,7,153,1,23.60,106
"5015401","2467571010690",4,5,154,1,9.70,106
"7015401","2499122010690",4,7,154,1,19.60,106
"7015402","2499122010690",4,7,154,2,15.80,106
"295711851489998","295711851489998",35,3,154,4,9.20,106
"558532477126144","558532477126144",35,35,154,4,5.30,106
"558532478126144","558532478126144",35,35,154,4,5.30,106
"295711853489998","295711853489998",35,3,155,3,5.70,106
"25015601","2549589010690",4,25,156,1,11.30,106
"7015603","2499219010690",4,7,156,3,17.70,106
"25015701","2549633010690",4,25,157,1,13.50,106
"558532768126144","558532768126144",35,39,157,2,7.60,106
"7015702","2499250010690",4,7,157,2,15.40,106
"7015802","2499288010690",4,7,158,2,12.00,106
"558532914126144","558532914126144",35,47,158,4,6.00,106
"295712748489998","295712748489998",35,47,159,1,7.60,106
"295712795489998","295712795489998",35,53,159,1,3.30,106
"7015901","2499378010690",4,7,159,1,11.30,106
"295712796489998","295712796489998",35,53,159,2,14.80,106
"295712797489998","295712797489998",35,53,159,3,6.90,106
"7016001","2499430010690",4,7,160,1,30.10,106
"295712798489998","295712798489998",35,53,160,2,11.60,106
"17016004","2528735010690",4,17,160,4,22.40,106
"7016004","2499430010690",4,7,160,4,12.70,106
"558532070126144","558532070126144",35,31,162,2,3.80,106
"558532975126144","558532975126144",35,53,162,4,12.40,106
"558532976126144","558532976126144",35,53,162,4,6.90,106
"15016301","2520828010690",4,15,163,1,13.50,106
"295711854489998","295711854489998",35,3,163,2,11.50,106
"558532071126144","558532071126144",35,31,163,3,4.50,106
"558532915126144","558532915126144",35,47,163,4,14.30,106
"558532916126144","558532916126144",35,47,164,2,5.80,106
"295711855489998","295711855489998",35,3,164,4,17.50,106
"558531744126144","558531744126144",35,7,165,4,5.90,106
"558532482126144","558532482126144",35,35,166,1,10.30,106
"558532483126144","558532483126144",35,35,166,3,8.60,106
"1016604","2446759010690",4,1,166,4,21.10,106
"558532484126144","558532484126144",35,35,166,4,5.50,106
"558532485126144","558532485126144",35,35,166,4,3.30,106
"295711856489998","295711856489998",35,3,167,1,11.10,106
"558532769126144","558532769126144",35,39,167,2,12.70,106
"558532847126144","558532847126144",35,43,168,3,13.10,106
"558533076126144","558533076126144",35,55,169,2,6.30,106
"558532848126144","558532848126144",35,43,170,2,9.20,106
"25017104","2549850010690",4,25,171,4,31.60,106
"558532495126144","558532495126144",35,35,172,1,6.00,106
"558532496126144","558532496126144",35,35,172,1,6.60,106
"558533077126144","558533077126144",35,55,172,1,7.30,106
"558532498126144","558532498126144",35,35,172,4,6.80,106
"295711857489998","295711857489998",35,3,173,1,10.50,106
"295712492489998","295712492489998",35,35,173,2,5.80,106
"295712494489998","295712494489998",35,35,173,2,2.80,106
"558532960126144","558532960126144",35,51,173,2,4.30,106
"558532500126144","558532500126144",35,35,173,4,7.30,106
"558532918126144","558532918126144",35,47,176,4,6.30,106
"7017701","2499963010690",4,7,177,1,20.80,106
"7017703","2499963010690",4,7,177,3,21.60,106
"295711858489998","295711858489998",35,3,178,1,5.30,106
"7017801","2499983010690",4,7,178,1,30.60,106
"7018102","2500080010690",4,7,181,2,11.30,106
"558533078126144","558533078126144",35,55,181,3,5.50,106
"558533079126144","558533079126144",35,55,181,4,10.70,106
"558533080126144","558533080126144",35,55,182,1,6.10,106
"558533081126144","558533081126144",35,55,182,1,15.70,106
"7018202","2500099010690",4,7,182,2,24.50,106
"558533083126144","558533083126144",35,55,182,3,3.50,106
"558532977126144","558532977126144",35,53,182,4,4.00,106
"7018301","2500138010690",4,7,183,1,19.30,106
"558531662126144","558531662126144",35,6,183,3,7.60,106
"7018401","2500176010690",4,7,184,1,12.40,106
"295712107489998","295712107489998",35,7,184,3,12.20,106
"558531663126144","558531663126144",35,6,184,3,7.50,106
"295711859489998","295711859489998",35,3,184,4,8.40,106
"295712498489998","295712498489998",35,35,185,1,6.10,106
"7018501","2500229010690",4,7,185,1,6.50,106
"295712499489998","295712499489998",35,35,186,1,7.30,106
"558532501126144","558532501126144",35,35,186,1,6.60,106
"7018601","2500255010690",4,7,186,1,17.40,106
"7018602","2500255010690",4,7,186,2,14.40,106
"5018603","2467875010690",4,5,186,3,10.30,106
"295712501489998","295712501489998",35,35,186,4,9.80,106
"558531664126144","558531664126144",35,6,187,1,5.90,106
"295712108489998","295712108489998",35,7,187,3,8.10,106
"558531665126144","558531665126144",35,6,188,2,6.60,106
"558532287126144","558532287126144",35,33,188,2,7.40,106
"295712676489998","295712676489998",35,43,188,4,8.20,106
"558531791126144","558531791126144",35,17,189,1,16.00,106
"558532771126144","558532771126144",35,39,189,3,7.90,106
"295712506489998","295712506489998",35,35,190,1,4.10,106
"558532506126144","558532506126144",35,35,190,1,7.50,106
"558532507126144","558532507126144",35,35,190,1,10.00,106
"558532510126144","558532510126144",35,35,191,1,7.00,106
"558532511126144","558532511126144",35,35,191,1,4.80,106
"558532072126144","558532072126144",35,31,191,2,5.10,106
"558531666126144","558531666126144",35,6,191,3,11.80,106
"558531845126144","558531845126144",35,27,191,4,6.90,106
"558531846126144","558531846126144",35,27,191,4,4.30,106
"558532513126144","558532513126144",35,35,191,4,9.70,106
"558532514126144","558532514126144",35,35,192,1,6.00,106
"558532979126144","558532979126144",35,53,192,1,5.80,106
"558533132126144","558533132126144",35,57,192,1,11.20,106
"558533134126144","558533134126144",35,57,192,1,7.50,106
"558532517126144","558532517126144",35,35,192,3,3.80,106
"295712805489998","295712805489998",35,53,193,1,13.10,106
"295711860489998","295711860489998",35,3,193,4,13.00,106
"558532073126144","558532073126144",35,31,194,1,3.90,106
"558532074126144","558532074126144",35,31,194,2,12.20,106
"295712807489998","295712807489998",35,53,194,4,13.40,106
"558532982126144","558532982126144",35,53,195,1,7.50,106
"295711861489998","295711861489998",35,3,195,2,4.20,106
"295711862489998","295711862489998",35,3,196,1,10.80,106
"295711863489998","295711863489998",35,3,197,1,11.40,106
"295712109489998","295712109489998",35,7,197,1,13.10,106
"295712808489998","295712808489998",35,53,197,3,6.90,106
"558531753126144","558531753126144",35,7,198,4,7.40,106
"25019901","2550174010690",4,25,199,1,24.70,106
"558532772126144","558532772126144",35,39,199,1,6.60,106
"295711864489998","295711864489998",35,3,200,4,6.60,106
"558533084126144","558533084126144",35,55,201,3,6.60,106
"558532075126144","558532075126144",35,31,202,4,6.80,106
"295711865489998","295711865489998",35,3,203,1,7.70,106
"3020301","2463174010690",4,3,203,1,14.50,106
"558531523126144","558531523126144",35,3,203,1,9.50,106
"1020303","2447191010690",4,1,203,3,14.40,106
"558532774126144","558532774126144",35,39,204,4,3.30,106
"558531792126144","558531792126144",35,17,206,1,7.80,106
"558532923126144","558532923126144",35,47,206,3,7.20,106
"17020604","2529378010690",4,17,206,4,20.70,106
"558531793126144","558531793126144",35,17,207,2,6.20,106
"558532532126144","558532532126144",35,35,209,1,7.30,106
"295712677489998","295712677489998",35,43,210,1,6.70,106
"295712678489998","295712678489998",35,43,210,2,11.30,106
"558531848126144","558531848126144",35,27,210,4,9.80,106
"558532534126144","558532534126144",35,35,211,1,5.20,106
"558532536126144","558532536126144",35,35,211,1,13.60,106
"558531668126144","558531668126144",35,6,212,1,3.70,106
"558532537126144","558532537126144",35,35,212,1,5.40,106
"558532539126144","558532539126144",35,35,212,1,10.80,106
"558532540126144","558532540126144",35,35,212,1,4.80,106
"295712710489998","295712710489998",35,45,212,4,10.40,106
"558531669126144","558531669126144",35,6,213,2,8.00,106
"7021302","2501142010690",4,7,213,2,20.40,106
"558533148126144","558533148126144",35,57,214,1,6.00,106
"7021401","2501207010690",4,7,214,1,13.00,106
"558533149126144","558533149126144",35,57,214,2,7.80,106
"5021801","2468217010690",4,5,218,1,6.90,106
"558532849126144","558532849126144",35,43,218,2,4.50,106
"295711868489998","295711868489998",35,3,219,2,4.10,106
"5021902","2468233010690",4,5,219,2,12.50,106
"295711869489998","295711869489998",35,3,220,1,7.50,106
"558531795126144","558531795126144",35,17,221,1,7.90,106
"558532544126144","558532544126144",35,35,222,1,12.00,106
"558531672126144","558531672126144",35,6,222,2,5.20,106
"558532545126144","558532545126144",35,35,223,1,11.40,106
"558532546126144","558532546126144",35,35,223,2,10.70,106
"295711873489998","295711873489998",35,3,223,3,12.40,106
"5022401","2468384010690",4,5,224,1,13.20,106
"558531796126144","558531796126144",35,17,225,1,9.40,106
"558531797126144","558531797126144",35,17,225,3,7.60,106
"558531798126144","558531798126144",35,17,225,3,9.60,106
"558531808126144","558531808126144",35,23,225,3,7.60,106
"295711874489998","295711874489998",35,3,225,4,10.70,106
"558532076126144","558532076126144",35,31,226,4,10.70,106
"558532983126144","558532983126144",35,53,227,2,9.20,106
"558531799126144","558531799126144",35,17,227,4,10.40,106
"295711879489998","295711879489998",35,3,228,1,8.20,106
"295711880489998","295711880489998",35,3,228,1,9.50,106
"7022902","2501581010690",4,7,229,2,14.40,106
"295712534489998","295712534489998",35,35,230,1,12.20,106
"295712535489998","295712535489998",35,35,230,1,5.10,106
"295711881489998","295711881489998",35,3,230,3,6.70,106
"295712538489998","295712538489998",35,35,230,4,6.20,106
"558532850126144","558532850126144",35,43,231,1,8.30,106
"558532778126144","558532778126144",35,39,231,4,4.30,106
"295712127489998","295712127489998",35,7,232,1,6.90,106
"7023201","2501612010690",4,7,232,1,14.00,106
"7023204","2501612010690",4,7,232,4,19.10,106
"295712749489998","295712749489998",35,47,233,1,5.10,106
"295712750489998","295712750489998",35,47,233,1,11.30,106
"295712751489998","295712751489998",35,47,233,3,3.70,106
"7023303","2501654010690",4,7,233,3,15.10,106
"558531673126144","558531673126144",35,6,233,4,5.20,106
"7023401","2501666010690",4,7,234,1,11.90,106
"7023403","2501666010690",4,7,234,3,10.50,106
"558531851126144","558531851126144",35,27,234,4,7.00,106
"7023502","2501684010690",4,7,235,2,9.70,106
"7023504","2501684010690",4,7,235,4,18.50,106
"558532077126144","558532077126144",35,31,236,3,9.50,106
"558532078126144","558532078126144",35,31,237,2,6.90,106
"7023801","2501722010690",4,7,238,1,15.70,106
"7023802","2501722010690",4,7,238,2,24.50,106
"558532079126144","558532079126144",35,31,238,4,7.10,106
"7023901","2501754010690",4,7,239,1,13.50,106
"7023902","2501754010690",4,7,239,2,20.80,106
"558532080126144","558532080126144",35,31,239,3,5.50,106
"295711882489998","295711882489998",35,3,239,4,6.60,106
"7024001","2501815010690",4,7,240,1,11.50,106
"7024002","2501815010690",4,7,240,2,14.80,106
"7024101","2501861010690",4,7,241,1,10.50,106
"558532563126144","558532563126144",35,35,242,1,11.20,106
"558532565126144","558532565126144",35,35,242,1,5.70,106
"558532567126144","558532567126144",35,35,242,1,10.40,106
"295711883489998","295711883489998",35,3,242,4,6.20,106
"558531524126144","558531524126144",35,3,245,2,7.40,106
"295712554489998","295712554489998",35,35,247,1,7.40,106
"558532779126144","558532779126144",35,39,247,1,7.60,106
"295712557489998","295712557489998",35,35,247,2,9.80,106
"558532576126144","558532576126144",35,35,247,3,5.70,106
"558531677126144","558531677126144",35,6,248,1,10.60,106
"295712811489998","295712811489998",35,53,248,2,5.00,106
"295711884489998","295711884489998",35,3,248,3,5.90,106
"7024902","2501979010690",4,7,249,2,17.70,106
"295711887489998","295711887489998",35,3,249,4,11.00,106
"295711892489998","295711892489998",35,3,250,4,10.80,106
"295711894489998","295711894489998",35,3,251,4,11.50,106
"558531678126144","558531678126144",35,6,252,3,7.60,106
"5025301","2468635010690",4,5,253,1,10.20,106
"558532780126144","558532780126144",35,39,254,3,12.40,106
"295712679489998","295712679489998",35,43,256,1,11.00,106
"558531859126144","558531859126144",35,27,256,4,4.30,106
"558532081126144","558532081126144",35,31,258,2,7.00,106
"5025804","2468851010690",4,5,258,4,15.60,106
"295712812489998","295712812489998",35,53,259,1,7.10,106
"5025901","2468894010690",4,5,259,1,15.20,106
"7025902","2502169010690",4,7,259,2,12.20,106
"7026003","2502182010690",4,7,260,3,28.30,106
"558532583126144","558532583126144",35,35,261,3,4.20,106
"558532082126144","558532082126144",35,31,263,1,4.20,106
"7026301","2502245010690",4,7,263,1,11.90,106
"7026302","2502245010690",4,7,263,2,14.70,106
"7026303","2502245010690",4,7,263,3,14.00,106
"7026304","2502245010690",4,7,263,4,16.00,106
"558532984126144","558532984126144",35,53,264,1,8.40,106
"558532985126144","558532985126144",35,53,264,1,3.90,106
"7026401","2502296010690",4,7,264,1,23.80,106
"7026504","2502310010690",4,7,265,4,15.80,106
"295712571489998","295712571489998",35,35,266,1,11.70,106
"295712574489998","295712574489998",35,35,267,1,6.60,106
"295712575489998","295712575489998",35,35,267,3,4.70,106
"295711895489998","295711895489998",35,3,268,1,5.80,106
"558532592126144","558532592126144",35,35,268,1,6.70,106
"558532926126144","558532926126144",35,47,268,3,3.20,106
"558532593126144","558532593126144",35,35,268,4,9.90,106
"558532594126144","558532594126144",35,35,269,1,6.00,106
"558532595126144","558532595126144",35,35,269,1,10.70,106
"558532596126144","558532596126144",35,35,269,4,9.50,106
"558532083126144","558532083126144",35,31,272,3,7.70,106
"558532084126144","558532084126144",35,31,273,3,6.80,106
"558532781126144","558532781126144",35,39,274,4,6.20,106
"295712680489998","295712680489998",35,43,275,2,10.20,106
"558531863126144","558531863126144",35,27,280,1,9.90,106
"558531864126144","558531864126144",35,27,280,1,8.50,106
"295712813489998","295712813489998",35,53,282,2,5.40,106
"558532782126144","558532782126144",35,39,282,2,10.20,106
"558531679126144","558531679126144",35,6,284,1,6.10,106
"558531876126144","558531876126144",35,27,285,4,7.60,106
"7028504","2502552010690",4,7,285,4,29.70,106
"295712586489998","295712586489998",35,35,286,1,6.70,106
"5028601","2469082010690",4,5,286,1,18.50,106
"558531879126144","558531879126144",35,27,286,1,5.20,106
"558532607126144","558532607126144",35,35,286,1,9.40,106
"558531880126144","558531880126144",35,27,286,2,10.30,106
"558531881126144","558531881126144",35,27,286,3,4.10,106
"558532608126144","558532608126144",35,35,286,3,8.10,106
"558533155126144","558533155126144",35,57,286,4,6.60,106
"5028701","2469112010690",4,5,287,1,18.40,106
"558531883126144","558531883126144",35,27,287,1,5.60,106
"558531884126144","558531884126144",35,27,287,1,14.00,106
"25028803","2551113010690",4,25,288,3,12.80,106
"7028901","2502648010690",4,7,289,1,14.60,106
"558532086126144","558532086126144",35,31,289,2,7.60,106
"1029101","2448610010690",4,1,291,1,12.70,106
"558532783126144","558532783126144",35,39,291,3,5.70,106
"1029104","2448610010690",4,1,291,4,19.00,106
"7029104","2502711010690",4,7,291,4,14.70,106
"558532087126144","558532087126144",35,31,292,2,16.60,106
"7029204","2502757010690",4,7,292,4,15.70,106
"5029302","2469406010690",4,5,293,2,17.80,106
"558532989126144","558532989126144",35,53,296,3,3.20,106
"295712817489998","295712817489998",35,53,297,1,15.90,106
"295712818489998","295712818489998",35,53,297,1,6.90,106
"558531681126144","558531681126144",35,6,297,3,6.30,106
"1029801","2448849010690",4,1,298,1,8.20,106
"1029802","2448849010690",4,1,298,2,8.10,106
"558531682126144","558531682126144",35,6,298,4,6.20,106
"558532088126144","558532088126144",35,31,299,2,10.50,106
"558532613126144","558532613126144",35,35,300,4,9.20,106
"558532089126144","558532089126144",35,31,301,4,13.70,106
"558532614126144","558532614126144",35,35,301,4,7.40,106
"558532090126144","558532090126144",35,31,303,4,9.70,106
"558532091126144","558532091126144",35,31,304,1,6.60,106
"558532618126144","558532618126144",35,35,304,1,7.50,106
"558532621126144","558532621126144",35,35,305,1,5.50,106
"558533157126144","558533157126144",35,57,305,4,8.20,106
"295712601489998","295712601489998",35,35,306,1,8.30,106
"558533158126144","558533158126144",35,57,306,1,6.80,106
"295712602489998","295712602489998",35,35,306,2,10.10,106
"558532626126144","558532626126144",35,35,306,3,8.30,106
"558533160126144","558533160126144",35,57,306,3,10.20,106
"558533161126144","558533161126144",35,57,306,4,6.00,106
"558533162126144","558533162126144",35,57,306,4,3.90,106
"558532784126144","558532784126144",35,39,307,1,10.10,106
"558532936126144","558532936126144",35,47,307,3,6.90,106
"558533164126144","558533164126144",35,57,307,4,5.50,106
"558533165126144","558533165126144",35,57,308,2,5.30,106
"558531801126144","558531801126144",35,17,308,4,5.40,106
"558533166126144","558533166126144",35,57,308,4,3.80,106
"1030902","2448926010690",4,1,309,2,9.60,106
"1030903","2448926010690",4,1,309,3,26.80,106
"1030904","2448926010690",4,1,309,4,25.10,106
"7031103","2502991010690",4,7,311,3,7.60,106
"25031401","2551414010690",4,25,314,1,14.70,106
"558531894126144","558531894126144",35,27,315,1,9.20,106
"558531895126144","558531895126144",35,27,315,1,5.70,106
"7031502","2503066010690",4,7,315,2,21.90,106
"7031503","2503066010690",4,7,315,3,19.00,106
"7031701","2503118010690",4,7,317,1,18.30,106
"7031702","2503118010690",4,7,317,2,18.00,106
"295711897489998","295711897489998",35,3,317,4,9.70,106
"295712712489998","295712712489998",35,45,318,4,5.70,106
"295711903489998","295711903489998",35,3,318,5,6.10,106
"295712280489998","295712280489998",35,23,319,1,4.80,106
"295711904489998","295711904489998",35,3,319,4,10.90,106
"5032002","2469621010690",4,5,320,2,10.20,106
"5032101","2469667010690",4,5,321,1,9.00,106
"558532630126144","558532630126144",35,35,321,4,7.40,106
"1032201","2449111010690",4,1,322,1,17.50,106
"25032201","2551508010690",4,25,322,1,29.60,106
"558531683126144","558531683126144",35,6,322,1,3.70,106
"295712604489998","295712604489998",35,35,323,1,23.50,106
"295712605489998","295712605489998",35,35,323,1,2.40,106
"558532632126144","558532632126144",35,35,323,1,9.70,106
"295712606489998","295712606489998",35,35,324,1,8.90,106
"558532635126144","558532635126144",35,35,324,4,9.10,106
"1032504","2449169010690",4,1,325,4,19.00,106
"1032701","2449229010690",4,1,327,1,14.10,106
"1032703","2449229010690",4,1,327,3,13.10,106
"1032704","2449229010690",4,1,327,4,11.20,106
"1032801","2449266010690",4,1,328,1,10.00,106
"5032801","2470020010690",4,5,328,1,10.80,106
"1032803","2449266010690",4,1,328,3,6.60,106
"1032804","2449266010690",4,1,328,4,5.90,106
"558533167126144","558533167126144",35,57,329,3,4.90,106
"558532992126144","558532992126144",35,53,331,2,9.40,106
"558531686126144","558531686126144",35,6,332,1,5.90,106
"558532785126144","558532785126144",35,39,332,4,15.20,106
"558533169126144","558533169126144",35,57,333,2,13.70,106
"558531687126144","558531687126144",35,6,333,4,4.50,106
"558533170126144","558533170126144",35,57,333,4,8.10,106
"558531688126144","558531688126144",35,6,334,1,4.40,106
"558532094126144","558532094126144",35,31,334,3,4.20,106
"295712181489998","295712181489998",35,13,335,1,9.80,106
"558531904126144","558531904126144",35,27,336,1,6.70,106
"558531905126144","558531905126144",35,27,336,2,15.60,106
"558532786126144","558532786126144",35,39,337,3,9.50,106
"7033901","2503631010690",4,7,339,1,19.90,106
"7033902","2503631010690",4,7,339,2,14.30,106
"558531907126144","558531907126144",35,27,340,1,6.30,106
"558531909126144","558531909126144",35,27,340,2,11.70,106
"558531910126144","558531910126144",35,27,340,3,3.60,106
"295712752489998","295712752489998",35,47,340,4,9.60,106
"558532639126144","558532639126144",35,35,341,1,8.30,106
"558532095126144","558532095126144",35,31,341,2,6.10,106
"558532787126144","558532787126144",35,39,341,3,4.20,106
"1034202","2449423010690",4,1,342,2,11.00,106
"1034203","2449423010690",4,1,342,3,15.40,106
"295712714489998","295712714489998",35,45,342,4,7.60,106
"558532788126144","558532788126144",35,39,342,4,8.40,106
"1034301","2449447010690",4,1,343,1,8.70,106
"558531689126144","558531689126144",35,6,343,1,5.10,106
"558532640126144","558532640126144",35,35,343,2,9.50,106
"1034401","2449533010690",4,1,344,1,17.30,106
"558531921126144","558531921126144",35,27,344,1,5.40,106
"558531922126144","558531922126144",35,27,344,2,3.20,106
"1034403","2449533010690",4,1,344,3,20.40,106
"558532641126144","558532641126144",35,35,345,2,16.20,106
"1034601","2449627010690",4,1,346,1,19.80,106
"1034603","2449627010690",4,1,346,3,10.00,106
"295712753489998","295712753489998",35,47,347,2,6.30,106
"558532996126144","558532996126144",35,53,348,4,5.90,106
"558532938126144","558532938126144",35,47,350,1,6.60,106
"295712177489998","295712177489998",35,7,351,2,7.40,106
"15035104","2521671010690",4,15,351,4,15.50,106
"558532096126144","558532096126144",35,31,351,4,6.50,106
"558531690126144","558531690126144",35,6,352,4,17.50,106
"15035301","2521706010690",4,15,353,1,10.90,106
"5035301","2470202010690",4,5,353,1,13.30,106
"15035401","2521731010690",4,15,354,1,14.80,106
"5035401","2470239010690",4,5,354,1,11.20,106
"558532789126144","558532789126144",35,39,354,1,8.20,106
"5035501","2470277010690",4,5,355,1,18.70,106
"558532997126144","558532997126144",35,53,355,1,5.10,106
"558532999126144","558532999126144",35,53,355,2,4.80,106
"295712825489998","295712825489998",35,53,355,3,10.80,106
"558531691126144","558531691126144",35,6,356,1,8.30,106
"15035603","2521754010690",4,15,356,3,9.50,106
"558533000126144","558533000126144",35,53,356,3,6.10,106
"558533001126144","558533001126144",35,53,356,4,13.50,106
"1035903","2449773010690",4,1,359,3,19.50,106
"1035904","2449773010690",4,1,359,4,14.10,106
"1036001","2449808010690",4,1,360,1,15.60,106
"558531926126144","558531926126144",35,27,361,1,7.10,106
"295712829489998","295712829489998",35,53,361,2,9.80,106
"558531927126144","558531927126144",35,27,361,2,4.20,106
"558533002126144","558533002126144",35,53,361,2,5.30,106
"558533003126144","558533003126144",35,53,361,2,10.50,106
"558531928126144","558531928126144",35,27,361,3,10.80,106
"7036103","2504143010690",4,7,361,3,12.50,106
"5036104","2470532010690",4,5,361,4,27.20,106
"558533005126144","558533005126144",35,53,361,4,4.00,106
"558531930126144","558531930126144",35,27,362,1,7.60,106
"558531931126144","558531931126144",35,27,362,1,14.30,106
"7036201","2504181010690",4,7,362,1,26.60,106
"558531935126144","558531935126144",35,27,364,2,8.70,106
"558531938126144","558531938126144",35,27,364,4,9.30,106
"295712681489998","295712681489998",35,43,365,1,8.10,106
"295712682489998","295712682489998",35,43,365,1,9.60,106
"1036503","2449901010690",4,1,365,3,9.30,106
"1036504","2449901010690",4,1,365,4,20.00,106
"9036601","2509982010690",4,9,366,1,15.50,106
"558532098126144","558532098126144",35,31,366,2,9.90,106
"9036701","2510012010690",4,9,367,1,17.50,106
"558532099126144","558532099126144",35,31,367,2,5.50,106
"295712716489998","295712716489998",35,45,367,4,6.10,106
"558531940126144","558531940126144",35,27,369,1,8.70,106
"558531941126144","558531941126144",35,27,369,1,5.00,106
"558531947126144","558531947126144",35,27,370,2,9.00,106
"558531948126144","558531948126144",35,27,370,4,8.90,106
"558531951126144","558531951126144",35,27,371,2,4.60,106
"558532790126144","558532790126144",35,39,371,3,6.30,106
"558531953126144","558531953126144",35,27,371,4,7.70,106
"558532791126144","558532791126144",35,39,372,3,11.20,106
"558531693126144","558531693126144",35,6,373,2,5.50,106
"558531694126144","558531694126144",35,6,374,3,15.50,106
"558532101126144","558532101126144",35,31,374,3,5.40,106
"15037701","2521953010690",4,15,377,1,15.30,106
"558532939126144","558532939126144",35,47,377,1,4.20,106
"295712221489998","295712221489998",35,15,378,1,6.50,106
"295712222489998","295712222489998",35,15,378,1,3.30,106
"295712223489998","295712223489998",35,15,378,3,9.00,106
"295712225489998","295712225489998",35,15,379,1,5.80,106
"295712226489998","295712226489998",35,15,379,1,9.30,106
"1037902","2450092010690",4,1,379,2,18.30,106
"1037903","2450092010690",4,1,379,3,16.30,106
"15038004","2522071010690",4,15,380,4,10.70,106
"558532940126144","558532940126144",35,47,380,4,6.50,106
"558532102126144","558532102126144",35,31,382,1,5.30,106
"558532103126144","558532103126144",35,31,382,1,18.50,106
"295712684489998","295712684489998",35,43,382,2,4.00,106
"558532105126144","558532105126144",35,31,382,2,7.60,106
"5038203","2470727010690",4,5,382,3,11.90,106
"5038204","2470727010690",4,5,382,4,13.10,106
"558532107126144","558532107126144",35,31,383,1,6.30,106
"558532109126144","558532109126144",35,31,383,2,16.30,106
"558532110126144","558532110126144",35,31,383,4,12.40,106
"558531697126144","558531697126144",35,6,387,1,6.40,106
"295712835489998","295712835489998",35,53,387,2,6.90,106
"558533007126144","558533007126144",35,53,387,4,12.90,106
"558531955126144","558531955126144",35,27,388,1,5.90,106
"558531956126144","558531956126144",35,27,388,1,10.50,106
"5038802","2470765010690",4,5,388,2,20.50,106
"558531698126144","558531698126144",35,6,388,3,11.70,106
"558531959126144","558531959126144",35,27,388,3,5.40,106
"295712839489998","295712839489998",35,53,389,1,9.80,106
"295712840489998","295712840489998",35,53,389,1,8.30,106
"558532111126144","558532111126144",35,31,389,1,6.90,106
"5039003","2470871010690",4,5,390,3,17.30,106
"295712845489998","295712845489998",35,53,391,2,10.70,106
"558533010126144","558533010126144",35,53,391,2,6.40,106
"295712717489998","295712717489998",35,45,391,3,9.00,106
"558532112126144","558532112126144",35,31,391,3,8.60,106
"558532113126144","558532113126144",35,31,393,1,8.80,106
"558532114126144","558532114126144",35,31,393,1,9.30,106
"558532115126144","558532115126144",35,31,394,1,7.70,106
"558532117126144","558532117126144",35,31,394,1,3.40,106
"1039404","2450317010690",4,1,394,4,12.60,106
"295712849489998","295712849489998",35,53,395,1,5.70,106
"5039501","2471064010690",4,5,395,1,29.40,106
"558532121126144","558532121126144",35,31,395,1,5.10,106
"558533012126144","558533012126144",35,53,395,2,8.30,106
"1039503","2450344010690",4,1,395,3,18.80,106
"558531526126144","558531526126144",35,3,395,3,7.00,106
"558532122126144","558532122126144",35,31,395,3,10.40,106
"558532123126144","558532123126144",35,31,396,1,14.90,106
"558532124126144","558532124126144",35,31,396,1,8.80,106
"558532125126144","558532125126144",35,31,396,1,11.60,106
"1039602","2450370010690",4,1,396,2,13.00,106
"15039801","2522217010690",4,15,398,1,10.30,106
"558531699126144","558531699126144",35,6,398,2,3.70,106
"1040001","2450445010690",4,1,400,1,29.40,106
"295712232489998","295712232489998",35,15,400,1,5.30,106
"1040002","2450445010690",4,1,400,2,29.40,106
"295712236489998","295712236489998",35,15,400,3,5.90,106
"1040102","2450460010690",4,1,401,2,8.00,106
"1040103","2450460010690",4,1,401,3,6.80,106
"558532126126144","558532126126144",35,31,402,1,6.80,106
"558532794126144","558532794126144",35,39,403,4,9.40,106
"558532127126144","558532127126144",35,31,408,1,7.00,106
"558532128126144","558532128126144",35,31,408,1,9.90,106
"558532131126144","558532131126144",35,31,409,2,5.30,106
"558532132126144","558532132126144",35,31,409,4,4.90,106
"1041101","2450551010690",4,1,411,1,11.90,106
"1041102","2450551010690",4,1,411,2,11.90,106
"1041104","2450551010690",4,1,411,4,7.70,106
"558532134126144","558532134126144",35,31,412,3,12.00,106
"558532135126144","558532135126144",35,31,412,4,10.30,106
"558532136126144","558532136126144",35,31,412,4,5.00,106
"558532137126144","558532137126144",35,31,413,1,10.40,106
"558532139126144","558532139126144",35,31,413,4,4.20,106
"558532140126144","558532140126144",35,31,414,1,8.10,106
"558531701126144","558531701126144",35,6,414,3,6.60,106
"1041602","2450654010690",4,1,416,2,6.80,106
"558531971126144","558531971126144",35,27,416,2,9.20,106
"1041604","2450654010690",4,1,416,4,18.60,106
"1041701","2450680010690",4,1,417,1,9.40,106
"1041702","2450680010690",4,1,417,2,6.70,106
"558531702126144","558531702126144",35,6,417,2,7.30,106
"1041703","2450680010690",4,1,417,3,7.40,106
"1041704","2450680010690",4,1,417,4,7.90,106
"1041801","2450710010690",4,1,418,1,17.50,106
"1041802","2450710010690",4,1,418,2,7.80,106
"1041803","2450710010690",4,1,418,3,17.50,106
"1041804","2450710010690",4,1,418,4,9.40,106
"558532942126144","558532942126144",35,47,418,4,5.50,106
"558531975126144","558531975126144",35,27,419,1,10.40,106
"558531976126144","558531976126144",35,27,419,1,8.30,106
"558533019126144","558533019126144",35,53,420,4,5.10,106
"295712654489998","295712654489998",35,39,422,1,8.20,106
"295712655489998","295712655489998",35,39,422,1,10.30,106
"295712656489998","295712656489998",35,39,424,1,10.10,106
"295712657489998","295712657489998",35,39,424,1,7.80,106
"558533022126144","558533022126144",35,53,425,3,11.00,106
"558533023126144","558533023126144",35,53,425,3,5.20,106
"558532795126144","558532795126144",35,39,427,3,7.50,106
"5042802","2471443010690",4,5,428,2,14.90,106
"558532149126144","558532149126144",35,31,428,4,6.40,106
"5043001","2471503010690",4,5,430,1,10.60,106
"558531703126144","558531703126144",35,6,433,3,6.50,106
"558532796126144","558532796126144",35,39,433,3,6.90,106
"1043502","2450979010690",4,1,435,2,13.20,106
"1043503","2450979010690",4,1,435,3,8.10,106
"1043601","2450990010690",4,1,436,1,20.50,106
"1043604","2450990010690",4,1,436,4,9.80,106
"15044004","2522496010690",4,15,440,4,11.50,106
"558531987126144","558531987126144",35,27,441,1,11.70,106
"295711908489998","295711908489998",35,3,442,1,13.30,106
"15044203","2522546010690",4,15,442,3,8.40,106
"295711909489998","295711909489998",35,3,443,2,4.10,106
"558531527126144","558531527126144",35,3,444,2,8.80,106
"1044603","2451172010690",4,1,446,3,7.80,106
"295712658489998","295712658489998",35,39,447,1,13.30,106
"558531704126144","558531704126144",35,6,448,2,4.60,106
"558532015126144","558532015126144",35,27,449,2,7.70,106
"558532152126144","558532152126144",35,31,449,3,7.30,106
"1045102","2451285010690",4,1,451,2,12.20,106
"558533024126144","558533024126144",35,53,453,3,12.20,106
"558532153126144","558532153126144",35,31,453,4,11.00,106
"558533025126144","558533025126144",35,53,454,3,5.40,106
"295711910489998","295711910489998",35,3,461,1,5.90,106
"295711911489998","295711911489998",35,3,461,1,5.90,106
"558532017126144","558532017126144",35,27,461,1,5.60,106
"558532160126144","558532160126144",35,31,461,1,8.00,106
"558532019126144","558532019126144",35,27,461,2,6.60,106
"1046202","2451383010690",4,1,462,2,17.50,106
"558532798126144","558532798126144",35,39,462,4,11.70,106
"558531705126144","558531705126144",35,6,463,1,7.70,106
"558532165126144","558532165126144",35,31,463,1,3.60,106
"558532026126144","558532026126144",35,27,463,2,3.50,106
"558532027126144","558532027126144",35,27,463,3,9.70,106
"558532166126144","558532166126144",35,31,464,2,6.80,106
"1046504","2451507010690",4,1,465,4,13.10,106
"1046802","2451537010690",4,1,468,2,12.70,106
"558531528126144","558531528126144",35,3,468,3,10.00,106
"558531529126144","558531529126144",35,3,469,3,6.00,106
"295711913489998","295711913489998",35,3,475,2,9.90,106
"558532167126144","558532167126144",35,31,475,4,4.10,106
"558532168126144","558532168126144",35,31,475,4,13.90,106
"15047601","2522813010690",4,15,476,1,18.90,106
"15047701","2522840010690",4,15,477,1,14.10,106
"1048301","2451764010690",4,1,483,1,19.90,106
"558531807126144","558531807126144",35,31,483,2,10.40,106
"558532171126144","558532171126144",35,31,484,1,8.00,106
"295712873489998","295712873489998",35,53,487,1,6.20,106
"1048702","2451795010690",4,1,487,2,23.50,106
"295712874489998","295712874489998",35,53,487,2,5.00,106
"295712875489998","295712875489998",35,53,487,2,3.40,106
"295712878489998","295712878489998",35,53,488,2,6.10,106
"558532173126144","558532173126144",35,31,489,1,12.50,106
"558532175126144","558532175126144",35,31,489,3,6.10,106
"558532177126144","558532177126144",35,31,490,1,6.90,106
"558532179126144","558532179126144",35,31,490,2,9.90,106
"1049003","2451814010690",4,1,490,3,12.30,106
"558532799126144","558532799126144",35,39,491,1,18.00,106
"15050101","2523027010690",4,15,501,1,15.40,106
"5050102","2472545010690",4,5,501,2,15.00,106
"558532800126144","558532800126144",35,39,502,1,5.00,106
"15050203","2523079010690",4,15,502,3,29.60,106
"558532187126144","558532187126144",35,31,502,4,9.10,106
"558532659126144","558532659126144",35,35,505,1,5.10,106
"558532661126144","558532661126144",35,35,505,2,9.30,106
"1050601","2452023010690",4,1,506,1,11.10,106
"1051101","2452055010690",4,1,511,1,9.70,106
"558532189126144","558532189126144",35,31,511,1,6.50,106
"1051301","2452074010690",4,1,513,1,17.80,106
"558532191126144","558532191126144",35,31,513,2,9.20,106
"558532193126144","558532193126144",35,31,514,2,10.20,106
"558532194126144","558532194126144",35,31,516,1,9.30,106
"1051701","2452147010690",4,1,517,1,22.20,106
"295712884489998","295712884489998",35,53,517,3,10.40,106
"558533031126144","558533031126144",35,53,518,1,7.60,106
"558532195126144","558532195126144",35,31,518,2,8.10,106
"558533032126144","558533032126144",35,53,518,2,3.40,106
"295712885489998","295712885489998",35,53,518,4,10.90,106
"295712886489998","295712886489998",35,53,518,4,7.40,106
"295712888489998","295712888489998",35,53,519,3,6.10,106
"558532196126144","558532196126144",35,31,520,1,6.60,106
"558532198126144","558532198126144",35,31,522,3,5.90,106
"1052502","2452217010690",4,1,525,2,9.30,106
"1052503","2452217010690",4,1,525,3,5.70,106
"1052504","2452217010690",4,1,525,4,10.40,106
"1052603","2452232010690",4,1,526,3,8.00,106
"558532201126144","558532201126144",35,31,529,3,7.00,106
"15052904","2523322010690",4,15,529,4,17.80,106
"558532203126144","558532203126144",35,31,530,4,11.20,106
"1053401","2452358010690",4,1,534,1,11.10,106
"1053402","2452358010690",4,1,534,2,11.10,106
"558532204126144","558532204126144",35,31,534,3,10.90,106
"1053701","2452377010690",4,1,537,1,11.00,106
"1053702","2452377010690",4,1,537,2,11.00,106
"558532205126144","558532205126144",35,31,537,3,14.40,106
"295712659489998","295712659489998",35,39,538,2,5.00,106
"1053902","2452401010690",4,1,539,2,12.10,106
"1053903","2452401010690",4,1,539,3,13.10,106
"558531530126144","558531530126144",35,3,539,3,6.70,106
"1054104","2452416010690",4,1,541,4,8.10,106
"1054203","2452442010690",4,1,542,3,25.40,106
"295712736489998","295712736489998",35,45,542,4,8.60,106
"295712889489998","295712889489998",35,53,542,4,6.30,106
"1054502","2452529010690",4,1,545,2,18.20,106
"558532208126144","558532208126144",35,31,549,1,9.30,106
"1054903","2452586010690",4,1,549,3,9.30,106
"1054904","2452586010690",4,1,549,4,32.50,106
"558531532126144","558531532126144",35,5,551,1,7.70,106
"558531533126144","558531533126144",35,5,551,1,9.60,106
"558532209126144","558532209126144",35,31,551,4,15.60,106
"295712896489998","295712896489998",35,53,553,1,6.90,106
"295712897489998","295712897489998",35,53,553,4,2.90,106
"1055401","2452640010690",4,1,554,1,11.30,106
"295712899489998","295712899489998",35,53,554,1,8.90,106
"1055403","2452640010690",4,1,554,3,14.10,106
"558532210126144","558532210126144",35,31,554,4,8.70,106
"1055601","2452684010690",4,1,556,1,26.50,106
"1055602","2452684010690",4,1,556,2,26.50,106
"1055603","2452684010690",4,1,556,3,9.10,106
"1055604","2452684010690",4,1,556,4,11.40,106
"1055703","2452712010690",4,1,557,3,11.70,106
"1055704","2452712010690",4,1,557,4,7.00,106
"1055901","2452750010690",4,1,559,1,29.50,106
"1055903","2452750010690",4,1,559,3,5.20,106
"1055904","2452750010690",4,1,559,4,29.50,106
"1056002","2452766010690",4,1,560,2,20.80,106
"1056502","2452801010690",4,1,565,2,15.70,106
"1056903","2452835010690",4,1,569,3,16.90,106
"1057101","2452862010690",4,1,571,1,21.60,106
"1057102","2452862010690",4,1,571,2,13.80,106
"1057103","2452862010690",4,1,571,3,5.70,106
"558532214126144","558532214126144",35,31,571,4,4.70,106
"1057201","2452875010690",4,1,572,1,11.50,106
"1057202","2452875010690",4,1,572,2,11.00,106
"1057203","2452875010690",4,1,572,3,11.50,106
"1057204","2452875010690",4,1,572,4,11.00,106
"558532215126144","558532215126144",35,31,574,3,4.50,106
"558532803126144","558532803126144",35,39,579,3,5.70,106
"1058001","2453005010690",4,1,580,1,18.50,106
"1058002","2453005010690",4,1,580,2,7.70,106
"1058003","2453005010690",4,1,580,3,10.90,106
"558533037126144","558533037126144",35,53,580,4,5.00,106
"558533039126144","558533039126144",35,53,580,4,12.20,106
"295712901489998","295712901489998",35,53,581,2,9.50,106
"558533043126144","558533043126144",35,53,582,3,18.80,106
"558532804126144","558532804126144",35,39,583,3,6.30,106
"558532805126144","558532805126144",35,39,584,1,6.60,106
"1058501","2453072010690",4,1,585,1,15.70,106
"295712908489998","295712908489998",35,53,585,1,8.20,106
"558533046126144","558533046126144",35,53,585,4,10.30,106
"1059302","2453180010690",4,1,593,2,16.40,106
"1059303","2453180010690",4,1,593,3,27.60,106
"1059304","2453180010690",4,1,593,4,3.80,106
"558532809126144","558532809126144",35,39,596,3,3.20,106
"1059801","2453220010690",4,1,598,1,15.40,106
"1059802","2453220010690",4,1,598,2,14.20,106
"1060001","2453251010690",4,1,600,1,16.50,106
"1060002","2453251010690",4,1,600,2,10.50,106
"1060003","2453251010690",4,1,600,3,16.50,106
"1060004","2453251010690",4,1,600,4,6.90,106
"1060101","2453266010690",4,1,601,1,12.80,106
"1060102","2453266010690",4,1,601,2,12.80,106
"1060103","2453266010690",4,1,601,3,6.70,106
"1060104","2453266010690",4,1,601,4,6.00,106
"1060201","2453292010690",4,1,602,1,11.00,106
"1060202","2453292010690",4,1,602,2,6.70,106
"1060204","2453292010690",4,1,602,4,5.90,106
"1060401","2453331010690",4,1,604,1,21.40,106
"1060402","2453331010690",4,1,604,2,19.20,106
"15060703","2523812010690",4,15,607,3,14.20,106
"295712910489998","295712910489998",35,53,609,1,10.90,106
"558533047126144","558533047126144",35,53,610,1,7.50,106
"295712911489998","295712911489998",35,53,610,2,9.60,106
"558533048126144","558533048126144",35,53,610,2,6.50,106
"558533049126144","558533049126144",35,53,610,2,6.50,106
"558533050126144","558533050126144",35,53,611,1,10.00,106
"1061501","2453419010690",4,1,615,1,16.90,106
"1061502","2453419010690",4,1,615,2,16.90,106
"1061503","2453419010690",4,1,615,3,14.60,106
"1061504","2453419010690",4,1,615,4,7.80,106
"15063301","2523956010690",4,15,633,1,19.50,106
"558533051126144","558533051126144",35,53,635,3,6.00,106
"295712916489998","295712916489998",35,53,636,4,7.80,106
"295712919489998","295712919489998",35,53,638,3,12.40,106
"558533056126144","558533056126144",35,53,662,3,9.40,106
"558533057126144","558533057126144",35,53,662,3,8.20,106
"295712921489998","295712921489998",35,53,663,1,6.50,106
"558533058126144","558533058126144",35,53,663,2,9.00,106
"558533059126144","558533059126144",35,53,664,1,9.70,106
"1070001","2454059010690",4,1,700,1,14.20,106
"1070102","2454090010690",4,1,701,2,7.90,106
"5070604","2474633010690",4,5,706,4,17.10,106
"1071301","2454161010690",4,1,713,1,13.60,106
"1072801","2454320010690",4,1,728,1,25.60,106
"1072901","2454355010690",4,1,729,1,14.70,106
"1074103","2454431010690",4,1,741,3,25.80,106
"5075201","2475024010690",4,5,752,1,10.60,106
"5075202","2475024010690",4,5,752,2,10.30,106
"5075501","2475102010690",4,5,755,1,14.70,106
"5078704","2475475010690",4,5,787,4,21.90,106
"17079901","2532772010690",4,17,799,1,21.00,106
"5080201","2475606010690",4,5,802,1,14.30,106
"5080402","2475692010690",4,5,804,2,19.50,106
"5080803","2475792010690",4,5,808,3,14.00,106
"5081004","2475873010690",4,5,810,4,25.80,106
"17081603","2533014010690",4,17,816,3,28.90,106
"17083201","2533232010690",4,17,832,1,25.00,106
"5083202","2476064010690",4,5,832,2,15.80,106
"17083502","2533348010690",4,17,835,2,14.70,106
"5084803","2476195010690",4,5,848,3,9.20,106
"5084904","2476245010690",4,5,849,4,9.80,106
"17085102","2533579010690",4,17,851,2,20.50,106
"17085301","2533652010690",4,17,853,1,11.90,106
"5085402","2476406010690",4,5,854,2,11.00,106
"17085502","2533692010690",4,17,855,2,10.40,106
"5085503","2476477010690",4,5,855,3,20.20,106
"5085702","2476529010690",4,5,857,2,8.30,106
"17087103","2534070010690",4,17,871,3,15.10,106
"17088802","2534497010690",4,17,888,2,13.70,106
"17089301","2534660010690",4,17,893,1,24.60,106
"5089402","2476832010690",4,5,894,2,9.00,106
"5089601","2476919010690",4,5,896,1,10.50,106
"5090001","2477051010690",4,5,900,1,13.40,106
"17091402","2535240010690",4,17,914,2,11.00,106
"17092903","2535821010690",4,17,929,3,10.20,106
"17093001","2535848010690",4,17,930,1,17.20,106
"5094303","2477664010690",4,5,943,3,8.80,106
"17095001","2536710010690",4,17,950,1,18.10,106
"1095901","2455344010690",4,1,959,1,19.10,106
"1096004","2455407010690",4,1,960,4,9.80,106
"1096204","2455433010690",4,1,962,4,12.50,106
"17096504","2537343010690",4,17,965,4,13.80,106
"17097001","2537579010690",4,17,970,1,10.10,106
"17098402","2537945010690",4,17,984,2,18.60,106
"5098703","2478357010690",4,5,987,3,9.40,106
"17098901","2538027010690",4,17,989,1,10.00,106
"17098903","2538027010690",4,17,989,3,11.10,106
"17098904","2538027010690",4,17,989,4,12.40,106
"5099404","2478444010690",4,5,994,4,19.80,106
"17100204","2538614010690",4,17,1002,4,27.00,106
"17100504","2538682010690",4,17,1005,4,15.30,106
"17100603","2538698010690",4,17,1006,3,13.90,106
"17100701","2538731010690",4,17,1007,1,28.40,106
"5101803","2478749010690",4,5,1018,3,21.80,106
"5102003","2478800010690",4,5,1020,3,29.10,106
"17102401","2539610010690",4,17,1024,1,14.00,106
"1102704","2456762010690",4,1,1027,4,13.50,106
"1102902","2456825010690",4,1,1029,2,14.10,106
"1103004","2456844010690",4,1,1030,4,19.80,106
"17103403","2539989010690",4,17,1034,3,15.40,106
"17103601","2540014010690",4,17,1036,1,20.00,106
"17103804","2540041010690",4,17,1038,4,31.20,106
"5103804","2478876010690",4,5,1038,4,25.20,106
"5103904","2478903010690",4,5,1039,4,13.80,106
"5104101","2479007010690",4,5,1041,1,22.90,106
"5104202","2479058010690",4,5,1042,2,17.90,106
"1104203","2457272010690",4,1,1042,3,11.30,106
"1106202","2458155010690",4,1,1062,2,14.60,106
"5106402","2479211010690",4,5,1064,2,18.40,106
"1107404","2458672010690",4,1,1074,4,22.60,106
"1114004","2461574010690",4,1,1140,4,36.40,106
"1114103","2461608010690",4,1,1141,3,17.70,106
"1114902","2461870010690",4,1,1149,2,15.20,106
"1115201","2462015010690",4,1,1152,1,11.10,106
"1115504","2462140010690",4,1,1155,4,29.40,106
"1115702","2462280010690",4,1,1157,2,22.60,106
"5127402","2480513010690",4,5,1274,2,17.50,106
"5127501","2480544010690",4,5,1275,1,19.90,106
"5131502","2480781010690",4,5,1315,2,16.40,106
"5131603","2480823010690",4,5,1316,3,21.20,106
"5131801","2480931010690",4,5,1318,1,8.40,106
"5131903","2480947010690",4,5,1319,3,9.10,106
"5132101","2481031010690",4,5,1321,1,7.80,106
"5132104","2481031010690",4,5,1321,4,16.80,106
"5132301","2481088010690",4,5,1323,1,14.40,106
"5132404","2481124010690",4,5,1324,4,4.30,106
"5135704","2481327010690",4,5,1357,4,20.40,106
"5135803","2481349010690",4,5,1358,3,14.60,106
"5139803","2481813010690",4,5,1398,3,17.10,106
"5139901","2481844010690",4,5,1399,1,23.20,106
"5139902","2481844010690",4,5,1399,2,19.00,106
"5140702","2482115010690",4,5,1407,2,15.90,106
"5141001","2482170010690",4,5,1410,1,17.50,106
"5146801","2483125010690",4,5,1468,1,17.30,106
"5147004","2483200010690",4,5,1470,4,16.30,106
"5148804","2483607010690",4,5,1488,4,12.00,106
"5150303","2483698010690",4,5,1503,3,13.60,106
"5150404","2483718010690",4,5,1504,4,16.90,106
"5152201","2484276010690",4,5,1522,1,19.50,106
"5153502","2484380010690",4,5,1535,2,13.80,106
"5158202","2485299010690",4,5,1582,2,8.00,106
"5158502","2485330010690",4,5,1585,2,16.20,106
"5161103","2485847010690",4,5,1611,3,13.10,106
"5162501","2485970010690",4,5,1625,1,12.30,106
"5163804","2486425010690",4,5,1638,4,14.40,106
"5165503","2486750010690",4,5,1655,3,14.60,106
"5165601","2486763010690",4,5,1656,1,29.90,106
"5165603","2486763010690",4,5,1656,3,11.60,106
"5167103","2487487010690",4,5,1671,3,21.80,106
"5168501","2487627010690",4,5,1685,1,7.50,106
"5175101","2489163010690",4,5,1751,1,10.00,106
"5176002","2489539010690",4,5,1760,2,17.60,106
"5177803","2489864010690",4,5,1778,3,15.90,106
"5177904","2489894010690",4,5,1779,4,27.00,106
"5182703","2490727010690",4,5,1827,3,13.90,106
"5185801","2491432010690",4,5,1858,1,8.60,106
"5186104","2491561010690",4,5,1861,4,14.00,106
"5187602","2492054010690",4,5,1876,2,18.80,106
"5187702","2492121010690",4,5,1877,2,14.70,106
"5189201","2492788010690",4,5,1892,1,19.60,106
"5189601","2492942010690",4,5,1896,1,34.30,106
"558532715126144","558532715126144",35,35,10682,1,6.20,106
"558532719126144","558532719126144",35,35,10701,4,7.00,106
"558532726126144","558532726126144",35,35,10704,2,9.20,106
"558532729126144","558532729126144",35,35,10708,3,6.80,106
"558532730126144","558532730126144",35,35,10709,1,11.10,106
"558532731126144","558532731126144",35,35,10713,1,8.50,106
"558532735126144","558532735126144",35,35,10736,2,8.00,106
"558532736126144","558532736126144",35,35,10737,1,5.90,106
"558532738126144","558532738126144",35,35,10739,4,7.50,106
"558532739126144","558532739126144",35,35,10749,1,7.20,106
"558532740126144","558532740126144",35,35,10754,1,7.70,106
"558532038126144","558532038126144",35,27,11004,2,4.90,106
"558532039126144","558532039126144",35,27,11008,2,5.60,106
"558532040126144","558532040126144",35,27,11009,1,9.60,106
"558532042126144","558532042126144",35,27,11016,2,8.20,106
"558532043126144","558532043126144",35,27,11022,2,8.10,106
"558532044126144","558532044126144",35,27,11023,1,9.50,106
"558532045126144","558532045126144",35,27,11031,2,10.10,106
"558532046126144","558532046126144",35,27,11040,4,5.80,106
"558532047126144","558532047126144",35,27,11046,4,4.40,106
"558532048126144","558532048126144",35,27,11049,1,8.20,106
"558532049126144","558532049126144",35,27,11054,1,7.30,106
"558532741126144","558532741126144",35,35,12056,4,10.30,106
"558532742126144","558532742126144",35,35,12058,4,6.30,106
"558532743126144","558532743126144",35,35,12066,1,11.00,106
"558532744126144","558532744126144",35,35,12083,3,10.60,106
"558532745126144","558532745126144",35,35,12106,4,7.60,106
"558532746126144","558532746126144",35,35,13130,2,7.90,106
"558532749126144","558532749126144",35,35,14071,1,8.30,106
"558532750126144","558532750126144",35,35,14089,4,3.90,106
"558532751126144","558532751126144",35,35,14089,4,8.00,106
"558532752126144","558532752126144",35,35,14097,2,7.90,106
"558532753126144","558532753126144",35,35,14118,4,5.90,106
"289857577489998","289857577489998",49,31,2,1,10.92,106
"289858421489998","289858421489998",49,47,3,2,11.68,106
"289857679489998","289857679489998",49,37,4,4,19.81,106
"289857581489998","289857581489998",49,31,5,1,18.03,106
"289858049489998","289858049489998",49,41,6,1,12.95,106
"289857072489998","289857072489998",49,19,6,4,34.29,106
"289859012489998","289859012489998",49,53,8,3,14.73,106
"289857076489998","289857076489998",49,19,10,1,30.98,106
"289864298489998","289864298489998",8,37,10,1,29.46,106
"289864300489998","289864300489998",8,37,10,2,55.11,106
"289855682489998","289855682489998",8,113,10,3,9.39,106
"289855683489998","289855683489998",8,113,10,4,27.17,106
"289856595489998","289856595489998",49,15,16,3,15.49,106
"289855949489998","289855949489998",49,7,17,2,16.76,106
"289855950489998","289855950489998",49,7,18,1,24.63,106
"289858055489998","289858055489998",49,41,18,3,17.52,106
"289855951489998","289855951489998",49,7,21,2,24.63,106
"289856690489998","289856690489998",49,17,21,2,33.02,106
"289855724489998","289855724489998",49,1,22,3,27.94,106
"289857593489998","289857593489998",49,31,22,3,12.70,106
"289857374489998","289857374489998",49,25,25,3,14.22,106
"289857685489998","289857685489998",49,37,25,4,16.51,106
"289857686489998","289857686489998",49,37,26,3,27.43,106
"289858064489998","289858064489998",49,41,26,3,41.14,106
"289857079489998","289857079489998",49,19,27,1,39.37,106
"289858066489998","289858066489998",49,41,27,1,11.43,106
"289857687489998","289857687489998",49,37,28,2,20.82,106
"289856029489998","289856029489998",49,9,29,1,17.78,106
"289857180489998","289857180489998",49,21,30,4,21.33,106
"289857375489998","289857375489998",49,25,31,4,30.98,106
"289857597489998","289857597489998",49,31,32,1,20.32,106
"289859026489998","289859026489998",49,53,32,2,18.03,106
"289856032489998","289856032489998",49,9,32,4,10.41,106
"289857083489998","289857083489998",49,19,33,2,14.98,106
"289858068489998","289858068489998",49,41,33,3,16.00,106
"289857084489998","289857084489998",49,19,34,1,11.68,106
"289856033489998","289856033489998",49,9,35,2,10.92,106
"289855954489998","289855954489998",49,7,39,1,31.24,106
"289864594489998","289864594489998",8,77,39,1,27.94,106
"289864595489998","289864595489998",8,77,39,1,22.60,106
"289856693489998","289856693489998",49,17,41,4,10.41,106
"289855955489998","289855955489998",49,7,42,3,30.73,106
"289855958489998","289855958489998",49,7,44,2,22.35,106
"289857692489998","289857692489998",49,37,44,3,14.73,106
"289855959489998","289855959489998",49,7,45,3,15.74,106
"289857605489998","289857605489998",49,31,45,4,18.28,106
"289855691489998","289855691489998",8,113,46,1,32.51,106
"289856694489998","289856694489998",49,17,47,2,29.21,106
"289858076489998","289858076489998",49,41,48,2,12.70,106
"289855457489998","289855457489998",8,85,52,2,14.22,106
"289856696489998","289856696489998",49,17,52,4,11.93,106
"289855970489998","289855970489998",49,7,54,4,24.89,106
"289858078489998","289858078489998",49,41,57,3,23.11,106
"289857698489998","289857698489998",49,37,62,1,17.01,106
"289857391489998","289857391489998",49,25,63,3,18.79,106
"289855975489998","289855975489998",49,7,66,3,28.44,106
"289855976489998","289855976489998",49,7,67,1,22.09,106
"289858081489998","289858081489998",49,41,67,1,21.59,106
"289856709489998","289856709489998",49,17,67,4,30.73,106
"289856710489998","289856710489998",49,17,71,1,12.44,106
"289857392489998","289857392489998",49,25,71,3,9.90,106
"289855459489998","289855459489998",8,85,72,1,20.32,106
"289857700489998","289857700489998",49,37,75,1,22.86,106
"289857957489998","289857957489998",49,39,75,1,22.86,106
"289857394489998","289857394489998",49,25,75,2,11.17,106
"289858465489998","289858465489998",49,47,75,4,28.19,106
"289858084489998","289858084489998",49,41,77,2,12.95,106
"289857958489998","289857958489998",49,39,77,3,16.25,106
"289855979489998","289855979489998",49,7,77,4,21.84,106
"289858466489998","289858466489998",49,47,78,4,33.78,106
"289857615489998","289857615489998",49,31,79,3,20.57,106
"289857702489998","289857702489998",49,37,79,4,14.73,106
"289855482489998","289855482489998",8,85,80,1,18.03,106
"289855483489998","289855483489998",8,85,80,1,3.81,106
"289855981489998","289855981489998",49,7,80,1,18.03,106
"289856617489998","289856617489998",49,15,80,1,12.70,106
"289855484489998","289855484489998",8,85,80,3,23.62,106
"289855485489998","289855485489998",8,85,80,3,17.01,106
"289857104489998","289857104489998",49,19,80,3,11.93,106
"289857959489998","289857959489998",49,39,81,2,14.47,106
"289858089489998","289858089489998",49,41,83,2,19.81,106
"289857963489998","289857963489998",49,39,88,3,25.65,106
"289855988489998","289855988489998",49,7,89,1,25.40,106
"289858470489998","289858470489998",49,47,89,2,12.70,106
"289857111489998","289857111489998",49,19,92,1,17.27,106
"289858473489998","289858473489998",49,47,92,1,18.79,106
"289857113489998","289857113489998",49,19,92,4,20.82,106
"289856716489998","289856716489998",49,17,93,2,15.24,106
"289855989489998","289855989489998",49,7,94,1,27.17,106
"289856717489998","289856717489998",49,17,94,3,19.30,106
"289858091489998","289858091489998",49,41,94,3,15.49,106
"289864304489998","289864304489998",8,37,95,1,27.94,106
"289864874489998","289864874489998",8,37,95,2,18.79,106
"289857398489998","289857398489998",49,25,97,3,29.21,106
"289857402489998","289857402489998",49,25,100,2,18.54,106
"289855487489998","289855487489998",8,85,102,1,14.22,106
"289855489489998","289855489489998",8,85,102,2,29.71,106
"289857403489998","289857403489998",49,25,102,3,30.73,106
"289864243489998","289864243489998",8,15,102,3,33.02,106
"289859097489998","289859097489998",49,55,102,4,12.95,106
"289858093489998","289858093489998",49,41,103,4,14.22,106
"289855992489998","289855992489998",49,7,104,4,15.49,106
"289864350489998","289864350489998",8,43,105,1,23.11,106
"289855739489998","289855739489998",49,1,106,4,25.90,106
"289857117489998","289857117489998",49,19,106,4,12.44,106
"289855501489998","289855501489998",8,85,108,1,16.00,106
"289855502489998","289855502489998",8,85,108,2,28.95,106
"289856727489998","289856727489998",49,17,110,3,18.79,106
"289856261489998","289856261489998",49,13,114,1,9.90,106
"289856263489998","289856263489998",49,13,114,4,23.62,106
"289857123489998","289857123489998",49,19,114,4,25.90,106
"289857971489998","289857971489998",49,39,115,3,19.30,106
"289858108489998","289858108489998",49,41,117,1,25.65,106
"289857197489998","289857197489998",49,21,119,4,29.97,106
"289856265489998","289856265489998",49,13,120,2,23.11,106
"289856266489998","289856266489998",49,13,121,4,29.46,106
"289864352489998","289864352489998",8,43,124,1,21.59,106
"289858110489998","289858110489998",49,41,126,1,9.90,106
"289857128489998","289857128489998",49,19,127,1,15.49,106
"289857410489998","289857410489998",49,25,128,2,16.76,106
"289856729489998","289856729489998",49,17,129,3,23.11,106
"289857132489998","289857132489998",49,19,130,2,27.17,106
"289856730489998","289856730489998",49,17,131,1,23.11,106
"289864641489998","289864641489998",8,85,131,1,23.62,106
"289857713489998","289857713489998",49,37,132,4,15.74,106
"289855744489998","289855744489998",49,1,133,2,49.02,106
"289856733489998","289856733489998",49,17,134,3,48.26,106
"289856734489998","289856734489998",49,17,135,1,33.78,106
"289864826489998","289864826489998",8,55,135,4,20.82,106
"289864548489998","289864548489998",8,67,137,3,52.57,106
"289856735489998","289856735489998",49,17,137,4,11.68,106
"289858482489998","289858482489998",49,47,137,4,17.01,106
"289857416489998","289857416489998",49,25,138,3,17.52,106
"289856277489998","289856277489998",49,13,139,1,24.38,106
"289857417489998","289857417489998",49,25,140,1,22.09,106
"289864481489998","289864481489998",8,55,140,1,31.24,106
"289864482489998","289864482489998",8,55,140,1,17.52,106
"289864674489998","289864674489998",8,103,141,1,30.48,106
"289864675489998","289864675489998",8,103,141,1,13.97,106
"289858118489998","289858118489998",49,41,141,4,20.57,106
"289856001489998","289856001489998",49,7,142,3,33.27,106
"289857991489998","289857991489998",49,39,145,2,16.25,106
"289857419489998","289857419489998",49,25,146,3,25.65,106
"289856749489998","289856749489998",49,17,148,1,28.19,106
"289856695489998","289856695489998",49,17,149,1,14.98,106
"289855750489998","289855750489998",49,1,149,3,12.95,106
"289857420489998","289857420489998",49,25,150,2,28.19,106
"289856287489998","289856287489998",49,13,156,1,23.87,106
"289856288489998","289856288489998",49,13,156,1,31.24,106
"289856289489998","289856289489998",49,13,157,1,37.59,106
"289857721489998","289857721489998",49,37,157,1,11.93,106
"289858137489998","289858137489998",49,41,157,1,25.14,106
"289856291489998","289856291489998",49,13,157,2,22.60,106
"289857424489998","289857424489998",49,25,158,1,17.01,106
"289856292489998","289856292489998",49,13,158,2,25.40,106
"289859082489998","289859082489998",49,53,159,3,14.73,106
"289855519489998","289855519489998",8,85,160,1,17.27,106
"289856005489998","289856005489998",49,7,160,3,24.63,106
"289858139489998","289858139489998",49,41,160,3,13.97,106
"289855521489998","289855521489998",8,85,161,1,23.87,106
"289855523489998","289855523489998",8,85,161,4,17.78,106
"289856631489998","289856631489998",49,15,165,2,24.38,106
"289857140489998","289857140489998",49,19,166,1,29.21,106
"289858752489998","289858752489998",49,49,166,2,20.57,106
"289859107489998","289859107489998",49,55,166,3,21.84,106
"289856295489998","289856295489998",49,13,168,3,17.78,106
"289856296489998","289856296489998",49,13,169,2,23.11,106
"289857725489998","289857725489998",49,37,169,3,24.89,106
"289857425489998","289857425489998",49,25,171,1,20.32,106
"289857728489998","289857728489998",49,37,173,3,17.78,106
"289856303489998","289856303489998",49,13,173,4,24.63,106
"289857729489998","289857729489998",49,37,174,2,12.19,106
"289857206489998","289857206489998",49,21,177,4,22.86,106
"289857732489998","289857732489998",49,37,180,3,14.22,106
"289864602489998","289864602489998",8,77,181,2,45.72,106
"289855536489998","289855536489998",8,85,181,4,15.74,106
"289857426489998","289857426489998",49,25,181,4,28.95,106
"289855537489998","289855537489998",8,85,182,1,19.81,106
"289855541489998","289855541489998",8,85,182,3,15.74,106
"289857142489998","289857142489998",49,19,184,1,34.29,106
"289856770489998","289856770489998",49,17,185,4,18.03,106
"289857429489998","289857429489998",49,25,187,3,26.67,106
"289856772489998","289856772489998",49,17,187,4,16.25,106
"289858147489998","289858147489998",49,41,190,2,13.97,106
"289857735489998","289857735489998",49,37,190,3,16.00,106
"289855760489998","289855760489998",49,1,190,4,20.82,106
"289855762489998","289855762489998",49,1,195,3,22.86,106
"289856780489998","289856780489998",49,17,197,3,24.63,106
"289857736489998","289857736489998",49,37,199,1,20.82,106
"289858152489998","289858152489998",49,41,199,3,14.73,106
"289856309489998","289856309489998",49,13,200,1,37.08,106
"289857431489998","289857431489998",49,25,202,3,24.63,106
"289857432489998","289857432489998",49,25,204,4,12.44,106
"289857433489998","289857433489998",49,25,206,1,23.11,106
"289857434489998","289857434489998",49,25,208,4,16.51,106
"289857741489998","289857741489998",49,37,209,4,43.18,106
"289857742489998","289857742489998",49,37,210,1,18.54,106
"289857508489998","289857508489998",49,27,210,4,11.93,106
"289857435489998","289857435489998",49,25,212,2,23.11,106
"289857743489998","289857743489998",49,37,216,1,16.25,106
"289857436489998","289857436489998",49,25,216,2,28.95,106
"289856782489998","289856782489998",49,17,216,3,19.55,106
"289856312489998","289856312489998",49,13,217,4,12.44,106
"289856783489998","289856783489998",49,17,218,1,20.32,106
"289857745489998","289857745489998",49,37,218,1,26.92,106
"289857746489998","289857746489998",49,37,219,2,15.49,106
"289857748489998","289857748489998",49,37,224,1,17.27,106
"289864591489998","289864591489998",8,71,224,1,38.10,106
"289859121489998","289859121489998",49,55,224,2,30.48,106
"289855769489998","289855769489998",49,1,225,2,21.33,106
"289857211489998","289857211489998",49,21,225,3,25.90,106
"289856791489998","289856791489998",49,17,226,4,13.71,106
"289857751489998","289857751489998",49,37,226,4,21.08,106
"289857752489998","289857752489998",49,37,228,2,27.94,106
"289856794489998","289856794489998",49,17,230,2,23.87,106
"289856325489998","289856325489998",49,13,234,4,41.65,106
"289857213489998","289857213489998",49,21,240,3,12.70,106
"289856796489998","289856796489998",49,17,242,1,12.70,106
"289857440489998","289857440489998",49,25,245,2,45.46,106
"289857763489998","289857763489998",49,37,248,4,22.35,106
"289855779489998","289855779489998",49,1,249,3,15.24,106
"289856346489998","289856346489998",49,13,250,1,33.02,106
"289856349489998","289856349489998",49,13,250,1,58.67,106
"289856797489998","289856797489998",49,17,250,4,18.54,106
"289856353489998","289856353489998",49,13,251,3,22.09,106
"289857441489998","289857441489998",49,25,251,3,25.14,106
"289856354489998","289856354489998",49,13,251,4,46.99,106
"289857148489998","289857148489998",49,19,253,3,18.79,106
"289855780489998","289855780489998",49,1,253,4,19.30,106
"289856356489998","289856356489998",49,13,254,1,11.43,106
"289856357489998","289856357489998",49,13,254,1,30.98,106
"289856358489998","289856358489998",49,13,254,3,14.73,106
"289856359489998","289856359489998",49,13,255,4,18.03,106
"289857769489998","289857769489998",49,37,255,4,23.11,106
"289856807489998","289856807489998",49,17,263,3,30.73,106
"289856360489998","289856360489998",49,13,264,3,26.92,106
"289855786489998","289855786489998",49,1,267,4,11.68,106
"289855787489998","289855787489998",49,1,269,1,13.97,106
"289856368489998","289856368489998",49,13,269,2,35.05,106
"289856370489998","289856370489998",49,13,271,1,24.89,106
"289856372489998","289856372489998",49,13,271,1,25.40,106
"289856379489998","289856379489998",49,13,272,4,37.84,106
"289857777489998","289857777489998",49,37,274,1,25.65,106
"289856380489998","289856380489998",49,13,274,2,29.71,106
"289856809489998","289856809489998",49,17,274,4,17.27,106
"289857512489998","289857512489998",49,27,275,1,39.62,106
"289857778489998","289857778489998",49,37,275,4,31.49,106
"289857779489998","289857779489998",49,37,276,2,18.28,106
"289856641489998","289856641489998",49,15,278,2,17.27,106
"289856810489998","289856810489998",49,17,282,3,10.92,106
"289857231489998","289857231489998",49,21,286,1,20.32,106
"289856386489998","289856386489998",49,13,287,1,12.44,106
"289857154489998","289857154489998",49,19,287,3,18.28,106
"289856811489998","289856811489998",49,17,289,1,16.25,106
"289856389489998","289856389489998",49,13,291,3,19.05,106
"289864620489998","289864620489998",8,81,295,1,31.24,106
"289856394489998","289856394489998",49,13,296,3,26.16,106
"289857791489998","289857791489998",49,37,300,4,12.70,106
"289856823489998","289856823489998",49,17,302,1,16.25,106
"289857241489998","289857241489998",49,21,302,2,39.37,106
"289857792489998","289857792489998",49,37,302,3,21.84,106
"289856824489998","289856824489998",49,17,303,4,20.57,106
"289856400489998","289856400489998",49,13,304,3,25.14,106
"289856401489998","289856401489998",49,13,305,2,9.65,106
"289856402489998","289856402489998",49,13,306,2,39.87,106
"289864682489998","289864682489998",8,103,309,3,12.95,106
"289857799489998","289857799489998",49,37,310,1,25.40,106
"289856649489998","289856649489998",49,15,315,4,13.97,106
"289857251489998","289857251489998",49,21,316,3,13.20,106
"289856409489998","289856409489998",49,13,317,4,27.17,106
"289857453489998","289857453489998",49,25,318,4,30.98,106
"289857253489998","289857253489998",49,21,319,2,16.25,106
"289856410489998","289856410489998",49,13,320,3,23.87,106
"289857328489998","289857328489998",49,23,321,1,32.25,106
"289856411489998","289856411489998",49,13,321,3,14.22,106
"289857455489998","289857455489998",49,25,322,1,16.00,106
"289856412489998","289856412489998",49,13,323,4,19.81,106
"289857158489998","289857158489998",49,19,323,4,25.90,106
"289857808489998","289857808489998",49,37,325,1,16.51,106
"289858498489998","289858498489998",49,47,325,4,15.49,106
"289858500489998","289858500489998",49,47,328,1,23.87,106
"289864683489998","289864683489998",8,103,331,1,39.87,106
"289857811489998","289857811489998",49,37,331,4,17.01,106
"289857812489998","289857812489998",49,37,332,1,11.17,106
"289864606489998","289864606489998",8,77,335,2,37.84,106
"289858501489998","289858501489998",49,47,341,2,15.24,106
"289857457489998","289857457489998",49,25,343,3,12.70,106
"289857164489998","289857164489998",49,19,345,3,31.49,106
"289857165489998","289857165489998",49,19,347,2,17.01,106
"289857458489998","289857458489998",49,25,349,3,37.84,106
"289857166489998","289857166489998",49,19,350,1,30.73,106
"289857336489998","289857336489998",49,23,351,2,35.56,106
"289858503489998","289858503489998",49,47,353,3,19.55,106
"289857460489998","289857460489998",49,25,353,4,23.11,106
"289858507489998","289858507489998",49,47,356,3,20.32,106
"289858508489998","289858508489998",49,47,359,4,33.78,106
"289858514489998","289858514489998",49,47,374,1,24.63,106
"289857837489998","289857837489998",49,37,375,3,24.89,106
"289857838489998","289857838489998",49,37,376,4,14.73,106
"289857840489998","289857840489998",49,37,379,1,22.60,106
"289857464489998","289857464489998",49,25,380,2,18.03,106
"289856861489998","289856861489998",49,17,380,4,13.20,106
"289856862489998","289856862489998",49,17,381,1,29.46,106
"289857465489998","289857465489998",49,25,382,2,31.24,106
"289857466489998","289857466489998",49,25,386,2,27.68,106
"289857843489998","289857843489998",49,37,386,2,13.71,106
"289858520489998","289858520489998",49,47,388,1,22.09,106
"289858526489998","289858526489998",49,47,395,3,7.87,106
"289858527489998","289858527489998",49,47,395,3,20.32,106
"289858538489998","289858538489998",49,47,400,2,24.13,106
"289858540489998","289858540489998",49,47,402,4,16.51,106
"289857849489998","289857849489998",49,37,404,3,11.43,106
"289858546489998","289858546489998",49,47,407,4,18.79,106
"289857851489998","289857851489998",49,37,409,1,13.71,106
"289858553489998","289858553489998",49,47,411,1,16.76,106
"289858554489998","289858554489998",49,47,411,1,25.40,106
"289858557489998","289858557489998",49,47,412,1,11.43,106
"289857854489998","289857854489998",49,37,413,3,18.54,106
"289858563489998","289858563489998",49,47,413,3,9.14,106
"289857857489998","289857857489998",49,37,415,4,11.43,106
"289856880489998","289856880489998",49,17,419,2,11.93,106
"289858570489998","289858570489998",49,47,419,3,37.08,106
"289858580489998","289858580489998",49,47,430,1,32.00,106
"289857862489998","289857862489998",49,37,432,1,17.01,106
"289857867489998","289857867489998",49,37,439,4,31.24,106
"289858588489998","289858588489998",49,47,440,3,36.06,106
"289858593489998","289858593489998",49,47,444,1,21.33,106
"289858602489998","289858602489998",49,47,448,1,70.86,106
"289858606489998","289858606489998",49,47,448,2,26.16,106
"289858608489998","289858608489998",49,47,450,1,25.90,106
"289858616489998","289858616489998",49,47,453,4,26.41,106
"289858617489998","289858617489998",49,47,454,3,15.74,106
"289856896489998","289856896489998",49,17,463,4,32.00,106
"289858622489998","289858622489998",49,47,463,4,54.35,106
"289857874489998","289857874489998",49,37,468,2,19.55,106
"289856909489998","289856909489998",49,17,489,3,14.22,106
"289856910489998","289856910489998",49,17,491,1,23.36,106
"289856913489998","289856913489998",49,17,495,3,26.67,106
"289856914489998","289856914489998",49,17,497,1,30.48,106
"289857886489998","289857886489998",49,37,517,3,14.47,106
"289856920489998","289856920489998",49,17,520,2,17.01,106
"289856926489998","289856926489998",49,17,532,3,12.44,106
"289858409489998","289858409489998",49,45,705,3,28.95,106
"289858411489998","289858411489998",49,45,707,1,25.40,106
"289858414489998","289858414489998",49,45,737,2,18.54,106
"289864367489998","289864367489998",8,45,3010,2,41.40,106
"289864370489998","289864370489998",8,45,3028,1,39.87,106
