MDPg1   1973   485   608   902  1091   635   872   592
MDPg1   1980   465   550   676   618   587   862  1074  1118   770   961
MDPg1   1990  1041   899   836  1067  1211  1174  1214  1135   738   950
MDPg1   2000  1289  1162   675  1287  1480  1375  1248  1713   719   866
MDPg1   2010   823  1094  1290   634   846   634   719   740  1089 -9999
MDPg2   1972   971   462   484   316   556   461   571   464
MDPg2   1980   443   545   800   749   549   592   740   740   824   740
MDPg2   1990   782   808   777   756  1223  1310  1162  1163   529   592
MDPg2   2000   825   952   467  1376  1414  1155  1440  1223   613   952
MDPg2   2010   698  1216  1131   761   740  1565  1394  1819  2219 -9999
MDPg3   1977   760  1097   970
MDPg3   1980   870  1268  1268  1226  1201   739  1118  1289   929   930
MDPg3   1990  1014   486   507   359   359   510   913  1060   613   761
MDPg3   2000   888   846   465  1205  1437   718  1437  1449   495   359
MDPg3   2010   254   465   972   655   613   994   909  1142  1627 -9999
MDPg4   1970   486   928   228   531   359   950  1053  1146   981   774
MDPg4   1980   781  1035   990   921   909  1013   985   407  1432   948
MDPg4   1990   948   886   738   591  1438  1184  1055  1139   612  1115
MDPg4   2000  1034  1034   697  1015  1332   613   804   761   528   801
MDPg4   2010   485   949   907   779   800  1198  1070  1619  1175 -9999
MDPg5   1971   275   591   359   422   422   549   380   740   507
MDPg5   1980   528   443   676   550   507   549   779   359   539   433
MDPg5   1990   592   719   486   402   951   719  1099   909   994  1100
MDPg5   2000  1163  1161  1076  1176  1414  1688  1606  1586  1310  1183
MDPg5   2010  1311  1622  1706  1244  1500  1722  1767  2259  2397 -9999
MDPg6   1987  1344  1519  1493
MDPg6   1990  1244  1239  1203  1096  1880  1286  1521  1023  1088  1280
MDPg6   2000  1477  1369  1352  1628  1776  1543  1241  1262  1030   858
MDPg6   2010   859  1405  1593   817  1183  1882   909  1374  1101 -9999
MDPg7   1980   335   295   528   549   676   566   609   651   647   799
MDPg7   1990   739   748   715   774  1132   776  1572  1144   592   905
MDPg7   2000  1204  1436  1099  1392  1522  1374  1205  1650  1100  1015
MDPg7   2010   973  1290  1578   959  1372  1351  1499  1706  1470 -9999
MDPg8   1978   683   510
MDPg8   1980   363   421   569   655   580   516   613   550   571   576
MDPg8   1990   650   803   781   661  1649  1810  1478  1246   676   973
MDPg8   2000   973  1057  1098  1859  1374   994  1310  1543   928  1375
MDPg8   2010  1226  1339  1622  1247  1247  1450  2039  2399  2401 -9999
MDPg17  1978   798   483
MDPg17  1980   696   758  1035   670   715  1275   884   952   825   656
MDPg17  1990  1066  1197  1551  1298  1695  1218  1395   973   909  1882
MDPg17  2000  2050  2093  2422  2525  2693  2377  1891  2031  2002  1835
MDPg17  2010   982  2064  2903  1536  1732  2915  2704  2704  2006 -9999
MDPg18  1978   317   211
MDPg18  1980   232   232   380   359   465   317   422   498   423   359
MDPg18  1990   402   380   674   712   694  1012   880   630   732  1302
MDPg18  2000  1517  1050  1371  1289  1480  1565  1351  1368  1244  1173
MDPg18  2010  1192  1487  1916  1158  1722  2620  1896  3484  3294 -9999
MDPg19  1975   441   635   338   380   485
MDPg19  1980   402   708   675   612   803  1204   908  1225  1098   612
MDPg19  1990  1001   566   609   419   482   651   863   590   548   928
MDPg19  2000   845   734   673  1074  1225  1458   951  1670  1247  1057
MDPg19  2010  1120  1628  1500   739  1331  1818  1818  1965  1458 -9999
MDPg20  1970   255   316   391   423   465   384   430   226   281   317
MDPg20  1980   448   610   760   465   634   631   802   654   358   401
MDPg20  1990   337   581   598   431   752  1268  1564  1015   794  1525
MDPg20  2000  1400  1301  1469  1969  1757  1887  1846  2065  1366  1586
MDPg20  2010  1374  1371  1617  1007  1086  1229  1188  1266   861 -9999
MDPg21  1970   179   302   440   573   571   887   802   528   548   550
MDPg21  1980   613   740   821   549   802  1162   994   677  1121   930
MDPg21  1990   782  1142  1224  1055   778  1649  1544   677  1057  1243
MDPg21  2000  1416  1987  1500  2130  1539  1078  1669  2302  1903  1311
MDPg21  2010   908  1412  1875  1071   920  1125  1958  1670   716 -9999
MDPg25  1972   435   619   421   462   557   817   577   381
MDPg25  1980   275   444   253   360   672   656   613   698   844   528
MDPg25  1990   464   652   756   714  1051  1247  1121   655   507   909
MDPg25  2000  1184  1269  1076  1666  1374   861  1280  1406   796   862
MDPg25  2010   628   820   993   634   423   634  1087   952   708 -9999
MDPg22  1970   213   232   243   286   232   232   315   286   388   537
MDPg22  1980   429   421   631   569   653  1032  1199  1009   883   821
MDPg22  1990   906   967  1027  1066  1105  1195  1386  1029  1157   755
MDPg22  2000  1091  1112   965  1365  1386  1302  1511  1259   986   901
MDPg22  2010   899  1443  1487   861  1157  1291  1553  1755  1988 -9999
MDPg23  1981   992  1700  1268  1265  1924  1935  1603  1522  1353
MDPg23  1990  1521  1100  1459  1289  2114  2114  1969  1184   929  1479
MDPg23  2000  1374  1861  1586  1818  1923  1711  1235  2127  1248  1121
MDPg23  2010  1248  1501  1819   930  1245  2003  2192  2085  1150 -9999
MDPg24  1975   465   634   697   929   718
MDPg24  1980   612   704   823   697   759  1070   902  1007   958   959
MDPg24  1990   864  1137  1116  1288  1184  1269  1670  1036  1258  1659
MDPg24  2000  1650  1734  1396  2111  1644   968  1367  2037   962  1125
MDPg24  2010  1227  1053  1374   887  1139  1258  2012  2019  1958 -9999
MDPg26  1974   908   841   630   498   695   704
MDPg26  1980   982   655   802   622   601   739   655   676   610   612
MDPg26  1990   785  1180   716   652  1030  1214  1107   848   587  1152
MDPg26  2000  1087  1104  1046  1406  1496   886  1078  1251   800  1159
MDPg26  2010   970  1161  1289   846   613  1057  1289  1585  1683 -9999
MDPg27  1981   507   760   591   655   524  1017   507   592   823
MDPg27  1990   570   803   613   612   734   762  1057   634   548   990
MDPg27  2000   991   844   909  1036  1102  1118   758  1224   950   901
MDPg27  2010   707  1161  1359   956  1202  1430  1942  3059  2099 -9999
MDPg28  1985   866   780   844   633   461
MDPg28  1990   527   655   867   689  1085  1202  1122   634   539  1005
MDPg28  2000   909   803   867   973  1141  1327  1082  1053   981   879
MDPg28  2010   975   935  1186   793   941  1117  1493  2188  2113 -9999
MDPg29  1975   422   570   422   422   337
MDPg29  1980   359   401   519   955   888  1565  1096   661   899   950
MDPg29  1990   863  1227  1091  1395  1286  1586  1755  1142  1269  1331
MDPg29  2000  1480  1625  1508  1928  2307  1989  1386  2062  1486  1475
MDPg29  2010  1201  1538  2175  1414  1080  1659  1411  2079  1924 -9999
MDPg30  1977   380   529   613
MDPg30  1980   592   571   612   528   887  1267   993   698   719   824
MDPg30  1990   759   823   801  1090  1298  1184  1352   824   931  1374
MDPg30  2000  1352  1268  1247  1477  1709  1625  1498  1922  1327  1159
MDPg30  2010   967  1198  1259   756  1154  2064  1707  2075  1650 -9999
MDPg31  1979   528
MDPg31  1980   338   211   602   767   728   953  1034   675   842   904
MDPg31  1990   596   851   761   783  1342  1093  1509   798  1330  1637
MDPg31  2000  1687  1635  1738  1914  2687  2364  2305  2643  2114  1840
MDPg31  2010  2157  2238  2768  1247  1839  2578  2528  3401  2623 -9999
MDPg32  1974   317   689   893   808   977   641
MDPg32  1980   544   499   904   868   798   455   486   506   547   282
MDPg32  1990   296   409   651   901  1287  1237  1151   529   634  1099
MDPg32  2000  1184   844   939  1213  1511  1385  1175  1341  1078   760
MDPg32  2010   968  1166  1637   799   896  1322  1089  1290  1869 -9999
MDPg33  1989  1468
MDPg33  1990  1161  1020  1901  1103  1059  1245  1372  1387  1656  1396
MDPg33  2000  1627  1795  2119  2294  1479  1056  1352  1332  1565  1204
MDPg33  2010  2326  2347  1903  1818  1839  1691  1522  1158  1846 -9999
MDPg34  1983  1667  1217  1534   948   464   673   547
MDPg34  1990   653  1604  1310  1775  1668  1417  1290  1141   824  1099
MDPg34  2000  1224  1285  1268  1691  1985  2111  1731  1585  1774  2213
MDPg34  2010  2071  1987  2449  1957  2222  2451  2788  2439  2394 -9999
MDPg35  1976   422  1098  1263  1235
MDPg35  1980   632  1019  1060  1522  1590  1665  1733  1607  1199  1481
MDPg35  1990  1269  1078   846   909  2131  1837  1648  1290  1163  1015
MDPg35  2000  1627  1881   909  1606  1543  1248  2071  1754  1015  1248
MDPg35  2010  1057  1353  1522   803  1121  1311  1501  1819  2042 -9999
