141     1945  2560  1971  2394  2258  2386
141     1950  2368  2137  2524  2459  2236  3554  2367  2259  2851  1050
141     1960  1959  1705  1785  2207  2346  2896  2994  3101  2831  2686
141     1970  2679  2346  1957  1916  1603  2117  1889  2510  1773  2045
141     1980  2024  2653  2031  1734  2850  2632  2270  2748  2003  1616
141     1990  1687  1197  1620  1398  2151  1732  2225  2325  2857  1674
141     2000  2178  2353  2150  1759  1860  2207  1775  1806  1959  2276
141     2010  1855  1811 -9999
143     1945  1682  1761  1702  2152  1011
143     1950  1318  1386  1537  1496  1557  2162  1227  2225  2907  2485
143     1960  3045  2832  2793  3826  3124  3056  2924  3285  2910  3007
143     1970  3116  2927  2540  2282  2194  2369  2362  2837  2608  2787
143     1980  2506  3353  2580  2248  3043  3173  3108  3240  2929  3223
143     1990  2739  2319  2399  2255  3149  3125  3631  2677  2999  2091
143     2000  2787  2819  2678  2751  2620  3075  2507  2409  2198  2466
143     2010  2102  2287 -9999
145     1902  1951  2357  2654  2861  3300  2890  2933  3230
145     1910  2594  2714  2861  2902  2708  2670  2243  2750  2851  2750
145     1920  2733  2715  2588  2233  2491  2203  1901  2338  2789  2463
145     1930  2746  3012  2509  2327  2676  2526  2232  2273  2559  2440
145     1940  2787  2497  2059  2048  2418  2297  1641  1413  1892  1709
145     1950  1985  1499  1630  1406  1231  1347  1066  1216  1555   879
145     1960  1092   898  1086  1263  1148  1106  1138  1067   851  1006
145     1970   889   770   683   656   517   651  1065  1243   897  1088
145     1980   789   866   577   369   552   716   843   903   817   694
145     1990   741   503   725   393   617   453   507   255   431   291
145     2000   453   594   482   403   508   488   425   386   406   384
145     2010   372   287 -9999
P146    1945  4659  3211  3297  3708  3264
P146    1950  3857  2911  2858  2851  2289  2469  1633  2144  3040  2215
P146    1960  3000  2473  2322  2325  2171  2425  2453  2883  2294  2612
P146    1970  2563  2203  1412  1328  1060  1189   965  1387  1446  1804
P146    1980  1653  2033  1776  1422  2074  1745  1631  2081  1763  1507
P146    1990  1629  1070  1060  1243  1354  1401  1262   866  1385  1111
P146    2000  1652  1993  1790  2074  1671  1914  1714  1494  1732  1747
P146    2010  1630  1811 -9999
P147    1896  5748  3589  2853  1981
P147    1900  2455  2808  2447  2505  2547  2585  3036  2913  2517  2221
P147    1910   935  2201  2151  2356  2558  1837  1975  2423  1922  1923
P147    1920  1984  1607  1388  1428  1637  2092  2904  2824  2230  2970
P147    1930  3170  3845  3119  2315  1987  1576  1502  1658  1613  1360
P147    1940  2187  1752  1548  1509  1568  1471  1157   987  1735  1409
P147    1950  1631  1419  1505  1138  1297  1284   986  1046  1357   706
P147    1960   940   750   834   867   750   821   782   750   560   729
P147    1970   558   506   427   421   283   344   406   518   315   410
P147    1980   313   379   400   261   383   527   383   439   322   318
P147    1990   328   297   277   242   326   332   340   169   210   239
P147    2000   302   337   361   345   272   357   226   240   198   235
P147    2010   216   183 -9999
P148    1910  2008  2304  2115  1863  1745  2444  1540  1991  1771  1823
P148    1920  2099  1546  2031  1737  1853  1661  1413  1491  1522  1578
P148    1930  1718  1666  1478  1766  1603  1662  1563  1767  2157  2082
P148    1940  1988  1835  1394  1144  1863  1993  1438  1122  1821  1475
P148    1950  1839  1430  1425  1158  1249  1295  1005   960  1570   806
P148    1960  1115   874  1051  1111   926  1143  1283  1268  1093   975
P148    1970  1231  1386  1173  1276   896  1110  1232  1688  1219  1219
P148    1980  1011  1514   857   759  1252  1587  1453  1582  1464   963
P148    1990  1655   526   703   512  1295   885  1239   627  1065   770
P148    2000  1308  1181   832   984   904  1240  1217   886   847   746
P148    2010   666   519 -9999
P092    1942   679   909   854  1008   569   745   573   665
P092    1950   693  1072  1405  1203   738   848   554   746   776   395
P092    1960  1044   755  1024  1619  1079  1367  1617  1335  1727  1727
P092    1970  1482   844   739  1037   412   745   700  1446  1343  1488
P092    1980  1104  1920  1284  1119   879  1417  1533  1962  1678  1955
P092    1990  1856  1105  1422  1839  3002  2139  2598  2165  3079  1729
P092    2000  2171  1692  1483  1750  1990  2104  2231  1907  2187  1846
P092    2010  1749  2092 -9999
P133    1892   946   747   899   242   326   396   437   569
P133    1900   942   899   642   535   744   647   499  1031  1617  1327
P133    1910   487   827   810   853   831   697   981  1296   771   579
P133    1920   820   714   834   587   493   725  1016  1177  1023   808
P133    1930   749   886  1224  1661  1137   809   785  1082  1383  1060
P133    1940  1164  1278  1394  1196  1492  1748  1620  1458  2189  1617
P133    1950  1612  1074  1110   940  1170  1401   819   886  1031   709
P133    1960  1116  1296  1350  1193  1118  1213  1124  1394  1153  1231
P133    1970  1248  1005   949   858   985  1078   886  1166   648   724
P133    1980   686   668   864   700   875   822   547   599   668   599
P133    1990   722   395   562   294   578   492   602   352   624   607
P133    2000   828   629   548   635   624   618   511   466   541   625
P133    2010   546   751 -9999
135     1929  1705
135     1930  1495  1517  1537  1134  1096  1088  1138  1686  1317  1419
135     1940  1664  1750  1540  1561  1858  1472  1685  1022  1847   792
135     1950  1798  1134  1741  1768  1248  1424  1080  1337  1782  1370
135     1960  1545  1543  1471  1589  1627  1509  1409  1926  1925  2076
135     1970  2368  1771  1751  1330  1398  1516  1348  1596  1419  1325
135     1980   873  1359  1170  1114  1306  1366  1356  1260  1130  1079
135     1990  1093   811   928   636   848   732   995   758  1096   878
135     2000  1203   975   775   751   726   658   796   859   897   892
135     2010  1044   688 -9999
139     1865  1211   393   515   269   520
139     1870   325   142   299   656   771   673   487   555   304   391
139     1880   364   190   223   332   350   425   487   562   637   496
139     1890   606   401   413   426   296   828   875   848   801   352
139     1900   805  1289  1008   969   728  1071  1267   694   611   646
139     1910   281   628   563   789  1047  1211   995  1396   978   570
139     1920   795   816  1166   710   929  1017   939   928  1181  1608
139     1930  1241  1289   899  1018   654   775   791  1208  1018   863
139     1940   861  1043  1112   970  1138  1344   832   589  1081  1085
139     1950  1032   865  1116   824   672  1107   723   689  1200   690
139     1960   793   685   630   661   674   899  1015  1132  1082   862
139     1970  1044   776   431   599   450   858   580  1102   540   833
139     1980   674   759   502   375   467   666   626   791   716   601
139     1990   730   331   549   558   836   526   672   450   628   538
139     2000   878   832   838   931  1043  1030  1176  1114  1336  1399
139     2010  1032   761 -9999
