P01     1931  2161  2515  3271  3344  1739  2309  2359  2844  2417
P01     1940  3143  2702  2882  1808  2327  2685  1967  1837  1974  1887
P01     1950  2161  2190  2137  1614  1250  1614  1331  1622  1652  1250
P01     1960  1819  1481  1192  1654  1113  1409  2101  1741  1581  1614
P01     1970  1350  1055   895  1122   759   749   677  1155   837  1007
P01     1980   982  1423   765   987   970  1125  1139  1138  1050   763
P01     1990   902   526   752   628   956   686   922   450   661   418
P01     2000   714   808   547   695   576   931   549   569   602 -9999
P02     1927  1805  2523  2570
P02     1930  2608  2953  1817  3109  3711  2799  3262  3374  3550  3450
P02     1940  3550  3678  2968  2241  3121  3855  2755  3257  3120  2943
P02     1950  2755  3605  3693  2833  2073  2102  2303  2207  2646  2893
P02     1960  4956  3572  3080  3623  2450  3097  3231  3031  3175  2835
P02     1970  2501  2289  1776  2243  1710  1922  1959  3021  2815  2783
P02     1980  2549  2986  1759  1957  2354  2437  2623  2814  2467  1807
P02     1990  2849  1428  1844  1306  2419  1634  2123  1360  2661  1574
P02     2000  2545  2599  2142  2342  2426  1786  2301  1915  1743 -9999
P03     1911  1319   725   688  1229  2100   498   570  1097  1210
P03     1920  1948   779  1326  1107  1523  1244  1534  1165  1466  1655
P03     1930  1755  1795   812   879  1228  1051  1392  1652  2162  1734
P03     1940  2060  2832  2615  1744  2126  2472  2046  1750  2188  1763
P03     1950  1914  2403  2413  2140  1672  1853  1779  2078  2482  2406
P03     1960  3047  1751  1777  3054  1895  2514  2887  2920  3792  1939
P03     1970  2606  2473  1901  2947  1658  2283  1966  2924  2248  2364
P03     1980  2585  2723  1522  1745  2229  2301  2089  2458  2285  1233
P03     1990  2115  1380  2368  1147  2331  1567  2049  1061  1782  1090
P03     2000  1940  1856  1341  2152  1947  2183  1637  1825  1671 -9999
P11     1816   996   880   626   485
P11     1820   452   265   530   500   358   569   710   701   599   426
P11     1830   488   426   331   647   772   535   252   441   284   520
P11     1840   299   534   659   754   682   767   924   974  1094   523
P11     1850   396   608   496   357   345   488   373   565   594   723
P11     1860   502   379   398   488   137   202   139   185   241   309
P11     1870   291   230   219   257   340   378   242   420   399   470
P11     1880   281   320   459   550   632   744  1081   683   652   599
P11     1890   601   454   376   310   465   614   465   348   606   448
P11     1900   615   820   760   583   945   836   803   951  1007   496
P11     1910   474   741   574   561   685   668   287   480   674   740
P11     1920  1353   561  1158  1025  1097   755   642   391   578   596
P11     1930   619   663   458   771   885   944   570   518   529   429
P11     1940   753   716   957   812   785   790   462   408   656   502
P11     1950   498   455   376   338   263   405   270   415   419   272
P11     1960   288   177   170   203   132   203   214   198   225   270
P11     1970   274   235   183   287   257   279   310   422   354   416
P11     1980   426   481   407   265   691  1129   964   970   708   340
P11     1990   416   302   404   422   513   467   574   272   438   325
P11     2000   373   591   384   399   748   702   734   634   678 -9999
P12     1953  2888  2120  2146  2766  4309  3001  3468
P12     1960  4701  3238  1174  3945  2183  2958  3787  3165  3573  2977
P12     1970  3231  2377  1729  2966  1302  1320  1730  2100  2060  2085
P12     1980  2062  2483  1418  2476  3069  3090  2283  2729  3282  1004
P12     1990  2057  2222  3003  2514  3876  3345  3755  2460  4902  2813
P12     2000  4636  4654  3984  3578  3935  4579  3682  3913  3223 -9999
P13     1903  1399  1850  1754  1938  2095  1870   922
P13     1910  2098  2211  1921  1377  2526  2677  1356   941  1709  2231
P13     1920  2547  1228  1883  2315  2243  1638  2258  1853  2320  1984
P13     1930  1881  1803  1407  2143  2529  2003  1795  2027  2164  2220
P13     1940  2499  2795  2455  1874  2156  2231  1882  1441  2086  1801
P13     1950  1996  2789  2095  1954  1935  2054  1435  1721  2319  2527
P13     1960  3736  2288  2206  2408  1580  2310  2252  2061  2352  1405
P13     1970  1466  1616  1269  1863  1098  1400  1635  2156  2211  2115
P13     1980  2093  2478  1598  1607  2628  2370  2130  2598  2640  2143
P13     1990  2793  1776  2549  1575  2777  2139  2828  1703  2656  1582
P13     2000  2065  2295  1962  2389  2654  2414  1864  2066  1789 -9999
P14     1872  2009  1813  2267  2649  1563  2721  2099  2760
P14     1880  1495  1602  2486  2414  1694  1934  2542  2164  1698  2488
P14     1890  2492  2818  2148  1937  1654  2300  2068  1869  1928  1143
P14     1900  1828  2337  2096  1730  2704  2468  2353  2354  2381  1480
P14     1910  1646  2527  1815  1796  1675  1827   959  1161  1484  1580
P14     1920  1654  1125  1476  1825  1738  1585  1970  1205  1751  2166
P14     1930  1994  2041  1358  1503  1692  2061  1648  1714  2096  1745
P14     1940  2423  2291  2472  2049  1968  2013  1460   940  1887  1465
P14     1950  1406  1766  1375  1343   920  1363  1147  1471  1777  1409
P14     1960  2084  1532  1249  1332   847  1586  1661  1192  1590  1181
P14     1970  1144  1171   699  1023   521   809   758  1223   891   972
P14     1980   964  1288   649   685  1139  1318  1011  1209  1118   747
P14     1990  1345   583  1070   804  1284   811  1269   520   685   396
P14     2000   732   921   657   893   757   934  1021   956   754 -9999
P15     1879   798
P15     1880   276   291   292   468   497   588   684   392   465   632
P15     1890   885   683   497   350   383  1022   868  1207  1322   672
P15     1900  1222  1391  1347  1149  1468  1880  2038  1506  1855  1494
P15     1910  1789  1821  1463  1107  1733  1172   749  1169  1620  1510
P15     1920  1581  1307  1423  1358  1096  1108  1396  1446  1144  1276
P15     1930  1565  1296  1052  1719  1722  1351  1483  1378  1528  1751
P15     1940  1508  1455  1299   988  1320  1188  1203  1108  1402  1442
P15     1950  1428  1745  1692  1552  1247  1485  1380  1699  2353  1947
P15     1960  2924  2517  2158  2669  1501  1847  2276  1945  2673  1715
P15     1970  1723  1254  1413  2493  1048  1453  1352  2225  2193  2148
P15     1980  1808  2173  1281  1976  2166  2230  2107  2320  1788  1020
P15     1990  1576  1235  1827  1224  2225  1549  2030  1294  2369  1297
P15     2000  1952  2165  1317  2068  2682  2626  1608  1814  1387 -9999
P16     1904  1141   923  1495   955   448   472
P16     1910   788   361   798   642   707   929   242   323   403   141
P16     1920   402   342   929   706  1188  1040  1340   972  1780  1757
P16     1930  1756  1597   784   863  1473  1339  1391  1310  1381  1393
P16     1940  1632  1984  1680  1483  1909  1908  1441  1651  1826  1335
P16     1950  1321  2102  1920  1860  1533  1749  1476  1983  2173  1877
P16     1960  2932  2347  2136  3030  1718  2500  2856  2653  3401  2808
P16     1970  2848  1815  1123  2204  1411  1937  1811  3209  2413  2324
P16     1980  2210  2535  1698  2387  2481  2291  3123  3309  2721  1488
P16     1990  2129  1812  2460  1681  2629  2108  2789  1510  2239  1174
P16     2000  2311  2206  1590  2298  2582  2895  1983  1963  1568 -9999
P18     1812   341   498   398   715   694  1153   930   651
P18     1820   598   263   445   632   563   681   865   607   632   784
P18     1830   892   685   498   755   711   912   743   685   762   644
P18     1840   881   653   980   978   732   392   392   385   768   769
P18     1850   611   874   675   584   682   774   641   688   499   537
P18     1860   573   532   551   818   401   689   307   482   578   614
P18     1870   707   620  1264  1431  1573  1128  1207  1522  1505  1421
P18     1880  1398  1395  1825  1974  1876  1806  2032  1214   987  1559
P18     1890  1581  1539  1456  1503  1357  1599  1604  1374  1756  1312
P18     1900  1354  1291  1270  1037  1153   899  1227  1122  1376  1101
P18     1910  1015  1122  1100  1016  1227  1500   720  1018  1450  1809
P18     1920  2063  1251  1892  1346  1559  1837  1941  1295  1625  1962
P18     1930  2131  1656  1336  1620  1755  1815  1855  2016  2127  1938
P18     1940  2164  2109  2390  1684  2008  2119  1622  1460  1725  1588
P18     1950  1626  1892  1655  1510  1075  1633  1255  1214  1475  1500
P18     1960  2521  1751  1681  1536   819  1199  1454  1338  1752  1226
P18     1970  1123   882  1089  1308   578   852   880  1172  1077   938
P18     1980   850  1269   820   908  1613  1904  1572  1354  1270   900
P18     1990  1612   822  1251   781  1369  1108  1421   751  1758   852
P18     2000  1373  1511  1472  1423  1933  1538  1500  1039  1262 -9999
P19     1932  2389  2882  5126  3617  3515  3141  3549  3149
P19     1940  3888  3922  3732  2640  3491  3383  2456  2204  2611  2192
P19     1950  2585  3511  3491  2674  1734  2462  2002  1959  2448  2376
P19     1960  4120  3259  2847  2579  1613  2357  3136  2761  3348  2401
P19     1970  2496  2036  2109  3835  1799  1686  2067  3309  3805  3795
P19     1980  2986  3490  2403  2698  3216  3560  3580  3391  3140  2588
P19     1990  3659  2038  3000  1503  2492  2121  3366  2019  4290  1944
P19     2000  2689  2632  2216  2606  2666  2064  2283  2082  1434 -9999
P41     1864   982  1456   898   755   771  1072
P41     1870  1327   837   766   771  1129  1056  1161  2078  1497  1597
P41     1880   752   891  1000  1170  1249  1453  1487  1080   927  1113
P41     1890  1364  1387   909   982   788   938  1124  1204  1147   899
P41     1900  1132  1630  1279  1218  1188  1383  1263  1723  1987  1094
P41     1910  1889  2149  1872  1819  2838  2531   784  1478  1877  2048
P41     1920  2050  1551  2267  1110  2261  1739  2267  1823  2231  2079
P41     1930  1997  1389  1273  1600  1401  1531  1577  1305  1810  1564
P41     1940  1472  2030  2215  1524  1488  1810  1453   951  1418   970
P41     1950  1457  2043  1890  1036   637   990   736   819  1538  1405
P41     1960  1789  1001  1037  1049   475  1160  1138   859  1221   784
P41     1970   961   794   686  1443   673   881   821  1164  1686  1729
P41     1980  1433  1851  1407  1995  2677  2630  2585  1982  1501  1100
P41     1990  2000  1086  1537  1183  1900  1494  1645   897  2507   988
P41     2000   945   652   191   348   461   601   661   602   424 -9999
P04     1875  2771  1962  2736  2109  2678
P04     1880  2197  1520  1171  1125  1594  2180  2578  2836  2158  3081
P04     1890  2398  2249  1662  1614  1543  2156  2031  2234  2762  1362
P04     1900  1726  1864  1757  1891  2005  1707  1146  1571  1799  1597
P04     1910  1714  2975  2517  2709  3317  3221  1992  2772  2692  2673
P04     1920  2933  2441  2595  2307  2313  2535  3109  2678  2542  2435
P04     1930  2693  2636  1979  2485  2774  2369  1852  1652  1785  1798
P04     1940  2203  2265  1879  1826  2108  2031  1631  1491  1821  1702
P04     1950  1703  1926  1728  1226  1115  1359  1254  1378  1553  1059
P04     1960  1518  1263  1297  1569  1353  1469  1852  1953  1888  1631
P04     1970  1569  1420  1417  2037  1314  1250  1244  1830  1579  1358
P04     1980  1428  1620   996  1189  1469  1412  1294  1478  1359   930
P04     1990  1325   821  1192   857  1325   967  1187   782  1071   648
P04     2000  1033  1190  1009  1102   944  1267   971   777  1052  1059
P04     2010   946  1100  1433  1196  1060  1124 -9999
P05     1869  1210
P05     1870  1285   928  1161  1006  2101  1925  1161  1818  1332  1249
P05     1880  1028  1503   945  1685  1352  1646  1658  1371  1629  2242
P05     1890  1891  1759  1447  1235  1246  1581  1296  1374  1431   980
P05     1900  1917  1602  1583  1233  2101  2035  1853  1886  1819  1228
P05     1910  1773  1877  1761  1633  2162  1921   868  1555  2285  1878
P05     1920  2123  1384  1939  1710  1522  1495  1833  1288  1477  1560
P05     1930  1560  1470  1132  1457  1973  1745  1864  1605  1681  1588
P05     1940  1395  1409  1137   994  1410  1318  1565  1350  1845  1792
P05     1950  1868  1966  1876  1414  1121  1708   894  1291  2009  1468
P05     1960  2023  1610  1197  1541  1276  2234  2178  2126  1847  1502
P05     1970  1423   983  1412  2267   935  1370  1327  2069  1278  1370
P05     1980  1433  1755   809  1036  1115  1187  1243  1453  1300  1021
P05     1990  1289   693  1016   709  1443   988  1294   583   958   464
P05     2000   898   969   736  1091   968  1008   697   804   825   910
P05     2010   983   855  1536  1396  1353  1642 -9999
P06     1787  1312  1336  1296
P06     1790  1341  1501  1521  1406  1541  1356  1343  1362  1421  1213
P06     1800  1266  1215  1269  1079  1079  1328  1123  1412  1004   978
P06     1810   638   986   984  1150  1252  1127  1205  1373  1479  1326
P06     1820  1208  1129  1409   864  1583  1783  1385  1603  1615  1641
P06     1830  1267  1140  1160  1383  1647  1195  1350  1392   980  1442
P06     1840   932  1257  1434  1670  1513   956  1188  1133  1576  1004
P06     1850   810   916   852   903  1051  1191   759   996  1116  1095
P06     1860   987   854   934  1299   854  1387   985   842  1274  1042
P06     1870   890   641   991   886  1223  1132   596  1163  1023  1090
P06     1880   712   690   774   913   686  1009  1097   769   888   900
P06     1890  1011  1089   748   743   524  1133  1367  1276  1288   584
P06     1900   965   915  1045   784   854   892   979   914   806   674
P06     1910   892  1050   635   717   868   708   358   575   765   688
P06     1920   752   522   781   585   680   570   640   491   636   697
P06     1930   724   649   531   663   791   903   791   848  1048   926
P06     1940  1186  1056   951   974  1256  1153   801   809  1010   835
P06     1950   873   923   818   729   753   852   749   858  1022   710
P06     1960  1147  1022   961   987   861   823  1254  1052  1061   972
P06     1970   866   707   675   915   558   620   585  1004   743  1117
P06     1980  1161  1240   716   818  1088  1205  1021  1207  1079   618
P06     1990   902   618   998   820  1160   833   937   506   613   538
P06     2000   844  1090   742   848   786   759   540   744   658   813
P06     2010   540   816   971   729   832   889 -9999
P07     1797  2538  3557  2808
P07     1800  2418  1750  2259  1776  2100  2085  1403  1462  1152  1105
P07     1810   473   847  1186  1313  2194  1979  2534  2512  2495  1971
P07     1820  1301  1658  1917  1914  2018  2502  1710  1859  1725  1921
P07     1830  1686  1601  1423  1844  2059  1293  1233  1516  1295  1452
P07     1840   817  1197  1185  1284  1410  1211  1797  1569  2026  1451
P07     1850  1185  1553  1656  1425  1543  1585  1075  1318  1199  1229
P07     1860  1042   769   896  1067   807  1091   790   653   859   898
P07     1870   719   735   855   738  1110   714   537   956   853   890
P07     1880   507   682   789   704   612   907   789   704   928   912
P07     1890  1052  1104   746   737   573  1157   791  1129   931   426
P07     1900   952   923   913   658   730   868   718   753   658   669
P07     1910   697   769   737   660   958   937   378   536   734   521
P07     1920   930   598   744   572   722   549   777   557   762   613
P07     1930   801   818   544   609   861   694   675   725   666   668
P07     1940   796   866   811   524  1070   936   777   806  1076   859
P07     1950  1050   932   916   685   506   548   376   901   869   732
P07     1960   965   859   591   970   586   729   796   781   808   613
P07     1970   544   355   369   510   292   341   316   568   412   524
P07     1980   566   675   424   461   535   608   689   698   616   390
P07     1990   560   376   673   582   786   546   665   335   387   317
P07     2000   534   707   420   483   404   501   330   392   366   467
P07     2010   382   398   512   502   699   913 -9999
P08     1771  2000  1883  1716  1913  1405  1623  1745  1843  1384
P08     1780  1434  1389  1217  1547  1341  1184  1332  1053  1403  1282
P08     1790   965  1357  1326  1369  1469  1258  1017  1051  1218  1027
P08     1800  1095   958   986   853  1120  1159   609  1030   923   799
P08     1810   423   848  1144  1080  1229  1031  1247  1418  1238   820
P08     1820   467   688  1116   948   925  1184  1288  1232   990  1227
P08     1830  1215   880   846  1201  1263   822   998   992   856  1398
P08     1840   694  1087  1093  1153  1195   787  1186   960  1499  1031
P08     1850   959  1411  1318  1030  1137  1158   766   776   876   909
P08     1860   976   691   706   966   634  1026   666   706   851   784
P08     1870   595   557   619   666  1000   876   499   889   746   824
P08     1880   404   365   611   662   570   730   833   659   571   597
P08     1890   601   790   495   451   379   725   642   539   618   381
P08     1900   571   643   682   391   512   662   643   606   619   532
P08     1910   660   871   602   634   875   844   414   551  1042   857
P08     1920  1124   566   972   740   964   686   844   601   817   773
P08     1930   903   817   529   697   859   817   743   739   771   677
P08     1940  1045   973   794   657   957   928   597   476   806   611
P08     1950   529   770   695   482   365   534   456   688   732   710
P08     1960  1063   801   726   913   490   637   992   819  1076   758
P08     1970   729   547   484   694   458   488   439   863   553   797
P08     1980   921   961   609   514   885  1051   900  1019   870   590
P08     1990   850   605   932   710   927   666   855   450   723   418
P08     2000   746   865   656   835   687   704   563   652   499   762
P08     2010   679   619   735   771  1040  1218 -9999
P09     1765  1273  1490   895  1176  1116
P09     1770   793   827  1337  1112  1030  1178   777  1526  1379  1518
P09     1780  1184  1167  1057   825  1007   578   607   654   558   545
P09     1790   475   376   555   741   726   997   947   681   487   739
P09     1800   637   698   602   525   541   396   645   449   669   558
P09     1810   733   650   633   517   628   642   742   917   704   642
P09     1820   585   597   622   589   567   826   770   920   822   927
P09     1830   890   839   749   858  1028   868   746   791   558   987
P09     1840   501   606   698   728   992   783   972   846   784   558
P09     1850   453   684   699   590   902   842   568   709   823   754
P09     1860   782   601   674   832   450   772   439   659  1039  1168
P09     1870  1123   809   835   832   880   717   490  1025   889  1212
P09     1880   472   523   799   872   733   971  1108   717   827   805
P09     1890   879  1001   936   789   843  1407  1223  1115   782   545
P09     1900  1185  1398  1031   937  1383  1301  1450  1330  1245   751
P09     1910   972  1280  1012  1056  1344  1010   546   739  1197  1293
P09     1920  1157   839  1341  1148  1181  1260  1165   967   779  1048
P09     1930  1167  1072   811  1115  1127  1048   850   847  1116  1115
P09     1940  1238  1335  1400  1173  1512  1551  1383  1108  1315  1110
P09     1950  1062  1220  1073   695   533   851   565   790   916   821
P09     1960  1312   839   743   883   472   546   683   773   848   689
P09     1970   695   591   413   726   446   565   530   784   614   692
P09     1980   713   933   537   608   846   995   827   753   698   548
P09     1990   850   532   808   595   988   755   745   576  1030   575
P09     2000   914   983   721   812  1078  1029   601   590   594   692
P09     2010   321   479   680   553   708  1046 -9999
P10     1694  1869  1076  1173  1031   900  1138
P10     1700  1317  1088  1213  1655  1449  1497  1187   755  1115   908
P10     1710   860   912  1262   613  1155   534   848  1033   966  1449
P10     1720  1112  1501   782   921   721   826   818   914   914  1157
P10     1730   761   762   896   950   840   855   660   949   828   883
P10     1740   868   845   729  1005   913   770   734   837   982   879
P10     1750  1056   814   782   497   471   481   684   651   591   501
P10     1760   952   743   668   696   513   791   691   680   735   823
P10     1770   731   675   735   766   879   668   635   878  1049   766
P10     1780   961   823   843  1035   925   716   758   603   853   799
P10     1790   755   838   882   805   808   698   720   722   848   917
P10     1800   979   671   612   655   681   594   545   696   521   440
P10     1810   304   490   792   745   745   622   664   615   488   498
P10     1820   426   445   565   467   481   577   586   662   551   712
P10     1830   690   502   460   556   549   453   371   317   475   550
P10     1840   396   378   419   505   566   531   573   520   796   528
P10     1850   469   733   731   695   789   784   517   588   502   631
P10     1860   552   436   452   715   471   767   473   554   678   706
P10     1870   476   500   409   464   632   698   577  1033   785   768
P10     1880   563   573   647   782   707   814   907   640   605   725
P10     1890   694   894   530   416   392   693   539   545   613   396
P10     1900   724   795   699   531   744   731   758   739   697   468
P10     1910   570   714   573   489   717   739   395   440   637   617
P10     1920   751   455   715   630   650   472   521   406   593   614
P10     1930   849   780   563   784   979   916   682   622   719   746
P10     1940  1056  1138  1159   928  1180  1118   821   689   831   661
P10     1950   565   734   636   478   471   625   556   733   762   507
P10     1960   865   652   659   797   543   517   627   721   829   686
P10     1970   634   570   384   733   585   621   659   869   709   736
P10     1980   776   771   575   742   997  1215   985  1135  1178   805
P10     1990  1075   679   835   618   912   544   731   464   658   491
P10     2000   743   884   761   808   818   723   711   632   682  1106
P10     2010   954   860   903   757   803   895 -9999
P17     1844  1237  1044  1135  1401  1133  1081
P17     1850  1148  1455  1222  1209  1194  1321   840   997   700   825
P17     1860   764   937   934   990   461   992   602   751   953  1006
P17     1870   910   847   999   857  1163  1013   563  1169  1098  1338
P17     1880   474   497   516   700   781  1547  1276   891   982  1108
P17     1890  1217  1662  1285   979   720  1454  1341  1524  1891   139
P17     1900  1611  2226  1265   829  1448   982  1081  1586  1984   224
P17     1910  1148  1743  1189  1255  2269  2040   572   844  1354   865
P17     1920  1455   998  1633  1979  2674  2173  2064  1353  1631  2024
P17     1930  2378  1697   964  1265  1782  1790  1333  1279  1706  1601
P17     1940  1976  1683  1787  1206  1659  1973  1138   655  1304  1061
P17     1950  1403  1943  1664   951   654  1021   834  1380  1945  1764
P17     1960  2178  1423  1441  1485   626  1459  1745  1733  2208  1091
P17     1970  1212   858   780  2249   807  1125   943  1498  1080  1508
P17     1980  1391  1669   842   948  1647  1886  1419  1615  1547   656
P17     1990  1145   769  1022   738  1192   980  1372   438   881   486
P17     2000  1152  1322   936  1343  1675  1466  1318  1337   919  1138
P17     2010  1038   696  1215  1300  1523  1717 -9999
