P22     1744  1583  2217  1787  2033  1587  1357
P22     1750  1090  1658   958  1668  2376  2309  2689  1524   962  1313
P22     1760  1184  1257  1273  1175  1336  1154  1131  1162   974   916
P22     1770   982   904   987   897   908   516   682   761   795   730
P22     1780   788   509   509   799   715   594   704   535   703   630
P22     1790  1115  1613  1096   904   866   642   623   736   842   688
P22     1800   623   689  1001   924   847   822   464   529   859  1256
P22     1810   505  1242  1175   667   707   447   543   693   661   397
P22     1820   676   840   848   793   707   658   424   521   664   615
P22     1830   539   712   658   770   742   559   534   503   280   636
P22     1840   363   540   727   892   533   461   467   867  1196   686
P22     1850   483   628   350   373   489   401   186   409   380   369
P22     1860   414   423   462   603   451   453   231   269   446   454
P22     1870   291   215   399   330   406   367   209   348   401   462
P22     1880   312   507   461   462   334   484   473   403   383   435
P22     1890   561   601   533   467   437   811   535   649   646   299
P22     1900   604   796   594   587   737   734   741   592   717   380
P22     1910   702   718   700   715   874   639   291   633   712   737
P22     1920   860   692   633   648   671   603   552   453   544   523
P22     1930   562   597   521   507   711   674   849   502   510   623
P22     1940   542   677   504   488   543   742   653   785   490   674
P22     1950   652   946   876   616   515   704   755   794  1007   698
P22     1960   750   597   523   653   628   808  1027  1143  1083   614
P22     1970   673   745   783   755   550  1019  1067  1173   905   773
P22     1980   923  1012   752  1151  1177  1169  1039  1215  1173  1040
P22     1990  1665   714   728   606  1072  1063  1105   858  1115   924
P22     2000  1555  2046  2201  1726  1322  1231  1959  2416  1804 -9999
P23     1797   801  1552  1392
P23     1800  1499   525  1015  1575  1187  1350   665  1192   743  1199
P23     1810   303   616  1444  1157  1877  1158  1647  1733  1657   939
P23     1820   866  1312  1367  1556  1443  1776  1467  1541  1515  1789
P23     1830  1665  1349  1425  1230  2371  1907  1821  1514  1245  2734
P23     1840  1404  2215  1584  1723  1524  1230  1808  1241  1780  1289
P23     1850  1026  1204  1368  1235  1267  1500  1010  1275  1053   695
P23     1860   808  1311  1269  1750  1365  1445   861   760  1931  1514
P23     1870   807   924  1233  1062  1071   948   878  1366  1204  1159
P23     1880   529  1033   744   834  1327  2026  1689  1280  1150  1439
P23     1890  1183  1425   913   847   512  1206   693  1054  1039   430
P23     1900  1036  1466  1117   789  1242  1263   967  1032   950   615
P23     1910  1003   878   802   602  1357  1023   423   677   997  1145
P23     1920  1292   861   909  1044  1375   892   901   529   609   627
P23     1930   749   721   551   560   726   650   634   510   794   977
P23     1940  1021   852   615   565   548   441   460   547   619   734
P23     1950   860  1076   787   444   404   573   646   882   963   739
P23     1960   924   745   621   640   438   526   768   634   861   622
P23     1970   653   406   439   707   339   526   502   603   906   951
P23     1980  1055  1052   652   853   624   883   794  1161  1093   741
P23     1990   978   526   661   471   625   600   763   565   945   770
P23     2000   936   915   799   776   647   527   565   635   430   372
P23     2010   538   637  1686  1513  1293   976 -9999
P25     1801  1702  2110  1637  1636  1559  1001  1272   655   619
P25     1810   263   853  1291  1404  1523  1753  1498  1481  1052   958
P25     1820   458   954   732   886   844   958  1066  1003   790  1000
P25     1830   834   918   634   726   926   901   851   831   607   869
P25     1840   635   840   916   944   985  1195  1255   853  1019   720
P25     1850   788   820   910   970  1059  1031   792   839   712   699
P25     1860   628   886   867  1521  1031   987   652   646   864   745
P25     1870   551   580   538   437   501   457   505   628   844   805
P25     1880   519   523   541   673   745   769   538   648  1011  1367
P25     1890   990   922   537   665   796  1079   791  1054  1102   507
P25     1900   608   728   909   757  1252  1411   844   877  1020   655
P25     1910   946   820   971   959  1255   675   536   994  1253  1407
P25     1920  1508   968  1012   832  1101   796   808   417   562   528
P25     1930   780   828   666   780   989   961  1603  1327  1129   914
P25     1940   917   919   800   899  1140  1190  1067  1062   923   951
P25     1950  1180  1692  1512  1237  1210  1350  1193  1915  1541  1268
P25     1960  1924  1906  1214  1285   966   922  1223  1005  1426   841
P25     1970   872   886   894   801   575   686   713   832  1014  1270
P25     1980  1447  1301   844   926   792   928   980  1152   994  1118
P25     1990  1271   654   875   756   935  1110  1155   895  1424  1233
P25     2000  1389  1108  1197  1501  1289  1271   969   885   722   799
P25     2010   811   663  1476  1247  1372  1380 -9999
P27     1848  1449  1308
P27     1850  1018   966  1937  1267  1684  1576  1192  1971  1597  1547
P27     1860  1241  1422  1183  1502  1064  1290  1192  1216  1679  1366
P27     1870  1236  1713  1865  1495  1249  1008  1041  1516  1669  1587
P27     1880   974  1261  1129  1283  1411  1950  1479  1328  1539  1810
P27     1890  1422  1596  1471  1179  1456  1452  1345  2119  1961   890
P27     1900  1901  1503  1291  1531  2335  2490  1825  1906  2135  1556
P27     1910  1871  1168  1351  1267  2051  1777   800  1436  1392  1877
P27     1920  2220  1704  1844  1437  2228  2042  2003  1034  1149  1346
P27     1930  1342  1133  1286  1900  2602  1741  1963  1649  1561  1465
P27     1940  2117  1953  1418  1141  1368  1405   796  1258  1482  1327
P27     1950  1689  1964  1748  1399  1160  1567  1095  1398  2024  1573
P27     1960  1927  1934  1157  1418  1113  1255  1396  1292  1209  1192
P27     1970   972   796   918  1378   716   843   849  1218  1070  1388
P27     1980  1364  1702  1088  1395  1223  1178  1253  1384  1356  1219
P27     1990  1681  1148  1787  1080  1612  1418  1807  1240  1600  1122
P27     2000  1366  1296  1323  1315  1601  1770  1266  1085  1130 -9999
P32     1854  2035  2191  1496  1700  1836  1490
P32     1860  1748  1483  1185  1911  1483  1772  1315  1418  1930  1657
P32     1870  1121  1061  1610  1539  1539  1519  1122  1612  1928  1952
P32     1880  1180  1512  1390  2578  3039  3262  1782  1333  1210  2376
P32     1890  1529  1349  1095   991   886  1370   755  1723  1374   465
P32     1900  1213  1965  1550  1465  2350  2380  1355  1708  1702  1137
P32     1910  1552  1160  1369  1017  1800  1445   888  1201  1514  1598
P32     1920  1428  1076  1209  1485  1831  1732  1175   635   821  1118
P32     1930  1410  1360  1076  1220  1252  1287  1685  1202  1471  1523
P32     1940  1971  1624  1973  1493  1510   986   835  1180  1025  1499
P32     1950  2486  3519  1947  1062   909  1711  1104  2820  2596  2671
P32     1960  2450  1719  1512  3259  2368  2673  2472  2059  2067  1370
P32     1970   992   930  1097  1538   960   839   889  1261  1223  1309
P32     1980  1164  1348   948  1215  1093  1156  1107  1168  1082  1156
P32     1990  1134   704  1110  1059  1320  1292  1582   916  1543  1219
P32     2000  1508  1309  1195  1453  1553  1526   763   631   377 -9999
P33     1805  1180   953  1174   835   951
P33     1810   450  1363  2173  1133  1735  1144  1559  1566  1248   990
P33     1820  1457  1482  1051   768   890   889   626   994  1153   921
P33     1830   606   940   844   790  1180   896   817  1027   608   897
P33     1840   581   717   883   801   642   653   643   717   391   165
P33     1850   414   538   455   605   752   689   631   715  1009  1011
P33     1860   948  1225   888  1143   804   910   487   718   781   613
P33     1870   444   486   613   614   635   508   444   487   656  1031
P33     1880   733  1125   933  1010  1105  1492  1345  1149  1238  1432
P33     1890  1275  1180  1271  1334   815  1301  1115  1577  1365   673
P33     1900  1361  1309  1111  1210  1472  1428   999  1122  1117   975
P33     1910  1313  1103  1013  1108  1428  1174   794  1085  1006  1125
P33     1920  1074   818   825   851  1139   946  1133   861   880   986
P33     1930  1125  1170  1050  1242  1469   989  1029  1021  1162  1197
P33     1940  1395  1340  1262  1048  1171  1311  1011  1295  1170  1195
P33     1950  1162  1336  1130  1002   803  1141   818  1527  1688  1026
P33     1960  1109   759   936   929   801   895  1225  1154  1156   993
P33     1970  1018  1195  1179  1610   954  1209  1174  1360  1216  1204
P33     1980  1410  1150   862  1541  1478  1315  1311  1540  1514  1388
P33     1990  1516  1133  1370  1362  1359  1153   984   716  1048   957
P33     2000  1450  1447  1096   799  1407  1486  1200  1020   877   885
P33     2010  1020   909  1211  1093  1362  1088 -9999
P34     1858  1312  1425
P34     1860   964  1310   936  2042   891   974   636   512  1018   981
P34     1870   794   722  1020   942  1164   699   420   391   805   918
P34     1880   635   655   499   677   975  1597  1088  1174  1242  1494
P34     1890  1253  1104  1272   986   933  1374   803  1325  1098   838
P34     1900  1631  1648  1497  1514  1928  2398  1810  1964  2061  1466
P34     1910  2014  1573  1567  1424  2208  1848  1365  1261  1586  1682
P34     1920  1548  1546  2003  2073  2165  2353  2146  1856  1856  1736
P34     1930  2144  1867  1629  1642  1852  1507  1611  1359  1579  1919
P34     1940  2139  1953  1496  1324  1520  1736  1612  2024  1601  1515
P34     1950  1772  2314  2164  1433  1482  1491  1091  1384  2084  2329
P34     1960  2626  2203  1650  1428  1349  1630  2157  2090  1651  1368
P34     1970  1137  1019  1114  1566   770  1292  1281  1787  1467  1385
P34     1980  1566  1743  1208  1642  1724  1477  1382  1514  1383  1205
P34     1990  1369   827  1138  1038  1356  1296  1180  1051  1562  1287
P34     2000  1626  1325  1211  1201  1361  1741  1378  1223  1027  1085
P34     2010  1015   752  1226  1577  1029  1543 -9999
P35     1876   651   402   691   409
P35     1880   294   503   484   928  1249  1291  1216   822  1234  1953
P35     1890  1213  1181  1186  1003  1047  1270  1291  1588  1612   903
P35     1900  1904  1456  2626  2845  3748  3615  2292  3332  3062  2842
P35     1910  4369  3262  2690  2265  2777  2310  1205  2017  2242  2292
P35     1920  2270  1442  2055  2030  2133  1943  1870  1585  1349  1582
P35     1930  1695  1427  1133  1800  2515  1675  2403  1756  1803  1577
P35     1940  2266  1895  1980  1915  2151  2065  1866  2095  1803  1660
P35     1950  1868  2247  1832  1559  1351  1399   735  1330  1721  1043
P35     1960  1249  1119   812  1080   825  1029  1139  1471  1491  1239
P35     1970   982   735   981  1116   447   878   930  1514  1107   955
P35     1980  1091  1321   652   967   995  1002  1161   976   907   761
P35     1990   964   704  1052   754  1449  1011  1064   698   997   634
P35     2000  1171  1343  1077  1218  1253  1352  1056  1235  1458  1416
P35     2010  1560  1365  1752  1603  1390  1535 -9999
P36     1904  2650  4922  2759  2264  1974  1576
P36     1910  1985  1560  1807  1300  2019  2342  1165  1427  1609  2374
P36     1920  2258  1475  1807  1705  2529  2357  2611  1464  1624  1731
P36     1930  2467  2219  1893  1892  2316  1479  1923  1536  1431  1379
P36     1940  2017  1856  1361  1613  2068  1909  1456  1895  1888  1671
P36     1950  1556  1624  1598  1494  1418  1516  1473  1957  2168  1758
P36     1960  2534  2729  1867  2423  1683  2019  2238  2188  2069  2325
P36     1970  2012  1119  1369  2108  1365  1886  1616  2590  1725  1674
P36     1980  1602  1852  1235  2156  1675  1853  2453  2245  1960  1743
P36     1990  1980  1325  1911  1654  1801  1581  1920  1563  1994  1151
P36     2000  1579  1739  1530  1866  1996  2156  1803  1646  1548  1501
P36     2010  1478  1558  2073  1106   862   951 -9999
P37     1859  1383
P37     1860  1351  1342  1159  1180  1034  1053   781   821  1069  1013
P37     1870   934   771   682   675   914  1014   845  1086  1134   815
P37     1880   521  1117   757  1746  2203  2077  1759  1294  1498  2008
P37     1890  1654  1573  1365  1294  1274  2020  1317  1877  1664   839
P37     1900  2112  1801  1675  1330  1923  1624  1385  1799  1856  1241
P37     1910  1767  1336  1248  1168  1574  1078   819  1096  1292  1503
P37     1920  1405   951  1116  1114  1548  1464  1363  1180  1085  1210
P37     1930  1296  1192  1132  1254  1381  1274  1284   972  1261  1466
P37     1940  1427  1503   955  1118  1155  1472  1348  1292  1150  1152
P37     1950  1529  2210  1987  1378  1111  1134  1032  1203  1214  1177
P37     1960  1669  1519  1009  1059   762  1040  1118   796  1145  1156
P37     1970   893   999  1112  1157   639  1002   955  1148  1018  1435
P37     1980  1514  1492   958  1015  1182  1489  1657  1349   989   648
P37     1990   967   782  1557   519   783   828  1150  1229  1961  1892
P37     2000  2171  1843  1883  1607  1750  1593  1244  1001   871 -9999
P38     1863  1884  1602  1563  1161  1258  2144  1978
P38     1870  1610  1480  1769  1503  1627  1186  1031  1280  1588  1988
P38     1880  1161  1395  1042  1942  1846  2168  2019  1442  1529  1755
P38     1890  1904  1596  1389  1489  1135  1577  1201  1844  1446   794
P38     1900  1607  1851  1528  1622  2010  2194  1477  2024  1885  1330
P38     1910  1783  1307  1295  1325  2078  1471  1013  1370  1523  2065
P38     1920  1996  1558  1868  1919  2346  2030  1838  1304  1437  1468
P38     1930  1682  1547  1258  1544  1952  1293  1420  1138  1265  1549
P38     1940  1773  1581  1456  1140  1368  1485  1258  1473  1485  1271
P38     1950  1388  1880  1350  1054   938   895   727  1620  1617  1488
P38     1960  1805  2362  1476  1467  1123  1234  1308  1393  1115  1065
P38     1970   969  1053  1150  1543   803  1297  1282  1615  1454  1505
P38     1980  1623  1774  1211  1576  1518  1326  1260  1172  1034   835
P38     1990  1092   610   910   882  1206  1278  1376  1074  1611  1395
P38     2000  1636  1203  1531  1198  1612  2004  1547  1204  1073  1362
P38     2010  1063  1307  2083  1925  1709  1714 -9999
P39     1777  1054   777   586
P39     1780   941   795  1507  1660  1028  1251  1209   916  1240  1200
P39     1790   914  1396  1118   928   799   724   948   619  1070  1006
P39     1800   727   191   884   713   619   496   209   253   168   194
P39     1810    51   326   917   948  1266   950  1042  1222   813   708
P39     1820   620   806   882   844   766   861   676   640   499   792
P39     1830   668   766   643   760  1175  1063   955   876   582   972
P39     1840   635   857   976  1023  1007   703   835   730  1236   918
P39     1850   819  1095   951   984  1170  1030   734   684   959   872
P39     1860   914   773   834  1493   924  1062   684   638   875   980
P39     1870   685   778   873   835   943   755   596   772   706   789
P39     1880   521   621   547   813   840   986  1292   851  1131  1387
P39     1890  1318  1412  1410  1225   988  1382   880  1195   977   473
P39     1900   970  1136  1070   805  1219  1708  1362  1462  1103   760
P39     1910  1077  1023  1010   784  1355  1033   263   832  1127  1226
P39     1920  1309   627   683   644   870   732   981   568   879   999
P39     1930  1099  1057   621   808  1136  1014  1490  1227  1211   899
P39     1940  1338  1278   977   790  1048  1271   710  1091   913   832
P39     1950  1032  1547  1240   769   559   842   583  1125  1274   858
P39     1960  1395  1132   800   762   377   445   682   557   771   679
P39     1970   734   301   440   707   222   541   487   685   699   861
P39     1980   930   969   555   649   881  1027   906  1193   902   291
P39     1990   482   443   562   435   730   680   677   312   833   539
P39     2000  1056  1064   837  1164  1292  1470  1070   739   553 -9999
P40     1927  3168  1935  2101
P40     1930  2492  3073  1387  2062  2563  2181  2233  2270  2747  2551
P40     1940  2974  3215  2404  2055  2592  2487  2127  2164  2565  2727
P40     1950  2394  2903  2924  2692  2046  2315  1810  2219  2111  1686
P40     1960  2317  2659  1974  2867  1608  2405  2067  2305  1936  1862
P40     1970  1772   924  1059  1618   802  1021  1126  1676  1673  1781
P40     1980  1362  1431  1238  1715  1232  1333  1719  1488  1263  1306
P40     1990  1560   823  1278  1040  1241  1075   995  1040  1744  1283
P40     2000  1801  1703  1271  1653  1888  2083  1975  1655  1305 -9999
P21     1829  1627
P21     1830  1976  2261  1625  1989  1912  1602  1845  1627  1231  1427
P21     1840  1022  1650  1084   831   630   392   804   292   764   795
P21     1850   700  1089   579   592   375   581   488   705   940   662
P21     1860  1328   835   844   900   559   628   628   746   698   478
P21     1870   301   239   538   683  1160  1213   743  1024   916   950
P21     1880   385  1079  1041  1647  1375  1936  1814  2101  1873  2165
P21     1890  1260  1664  1360  1410  1327  1754  1396  2140  1755   985
P21     1900  1923  1837  1770  1727  2376  2564  1560  1554  1275  1380
P21     1910  2045  1437  1564  1670  2563  1867   969  1416  1727  1097
P21     1920  1270  1051  1262  1144  1435  1212  1533  1118  1515  1417
P21     1930  1091  1110   983  1202  1705  1029  1534  1332  1424  1256
P21     1940  2175  1657  1367  1236  1611  1490  1347  1620  1456  1317
P21     1950  1020  1446  1019   914   745   830   922  1166  1203   783
P21     1960  1126   977   746   830   620  1144  1358  1238  1045   859
P21     1970   901   674   837  1293   592   678   758  1066   851   663
P21     1980   743   640   300   428   540   523   400   664   540   245
P21     1990   369   332   368   211   404   334   313   191   404   191
P21     2000   423   519   320   429   439   341   296   433   302 -9999
P31     1753   829   785  1812   703  1250  1639  1360
P31     1760  1215   899  1005  1092  1330   973  1389  1082  1530  1399
P31     1770  1686  2043  1815  1260   879  1563  1231  1095  1077  1111
P31     1780   937  1172  1101   801   896  1040  1069  1349  1194  1292
P31     1790  1389  1213   973  1105   739  1107   598  1083  1095  1244
P31     1800  1099  1087   806  1196  1293   762   518   346   536   299
P31     1810   600   934   633   807   521   693   804   644   471   424
P31     1820   581   911   889   830   581   692   905   611   407   634
P31     1830   870   879   911  1144  1367   981   877   883   515  1199
P31     1840   552   632   714   682   650   792   810   492   793   286
P31     1850   333   555   651   905  1206   857   698   873  1079   810
P31     1860   778   683   841  1123   822   788   299   346   580   801
P31     1870   580   846   797   562   594   282   406   592   618  1097
P31     1880   389   594   548   799   815   643   942   691   723  1161
P31     1890   749   968   781   690  1009  1346   697   649   742   569
P31     1900   612   854   520   379  1164  1179   929  1118   724   501
P31     1910   595   610   438   503   989   849   267   455   549   661
P31     1920  1022   519   566   487   739   347   727   427   600   490
P31     1930   570   633   570   730   873   777   492   333   726   548
P31     1940   492   432   460   472   428   331   364   291   348   350
P31     1950   704   432   663   349   293   441   418   677  1112   639
P31     1960   357   149   119   122   194   195   346   332   366   291
P31     1970   292   247   280   282   331   362   332   492   444   413
P31     1980   429   508   301   158   317   553   584   631   678   504
P31     1990   472   173   283   391   484   671   672   345   360   314
P31     2000   504   584   649   728   760   746   635   794   619 -9999
P29     1710   625   699   729   697   795   522  1082   722   530   591
P29     1720   630   959   714   736   765   975  1165  1063  1123  1301
P29     1730   969   851  1080  1126   964   974   724   743   844   900
P29     1740   739   889   701   780   795   925   799   807   771   697
P29     1750   623   625   560   318   654   542   762   878   596   651
P29     1760   562   506   488   511   653   553   677   490   683   711
P29     1770   717   518   581   553   631   546   542   704   737   531
P29     1780   542   774   647   665   551   394   553   402   550   546
P29     1790   638   637   584   488   912   913   641   495   844  1083
P29     1800   579   652   746   580   502   636   520   558   453   443
P29     1810   378   563   505   448   425   343   386   398   399   370
P29     1820   303   341   411   297   274   350   478   490   640   658
P29     1830   454   423   414   446   435   477   390   383   369   461
P29     1840   422   567   603   678   565   539   525   296   528   387
P29     1850   444   607   474   521   580   581   443   551   522   695
P29     1860   619   701   625   899   603   610   455   547   446   992
P29     1870   871   858   872   849   925   782   766   828   704   815
P29     1880   521   499   532   737   623   812   742   675   543   627
P29     1890   636   680   626   565   627   812   574   648   732   439
P29     1900   429   485   423   403   548   554   640   470   400   372
P29     1910   666   690   740   646   814   579   601   603   686   707
P29     1920   691   565   555   609   653   671   618   573   695   711
P29     1930   770   711   685   637   599   641   496   632   521   605
P29     1940   483   495   432   326   289   379   484   518   465   442
P29     1950   348   484   464   432   368   390   495   741   715   707
P29     1960   635   622   612   664   580   907  1192   734  1036   874
P29     1970   841   989   944   794   695   824   789   985   783   786
P29     1980   935   979   745   881   729  1043   970  1118  1026   793
P29     1990  1013   740   719   645   771   909   877   760   884   802
P29     2000   973  1067   916   962   956   863   866   900   939 -9999
P30     1872  1184   623  1747  1749  1102  1132   839   731
P30     1880   559   538   509   907   639   875   919  1006  1268  1720
P30     1890  1311  1633  1324  1068  1070  1237   923  1056  1159   627
P30     1900  1162  1219  1140   966  1254  1143  1058  1460  1170   725
P30     1910  1071   905   700   601  1096  1074   853   843  1385  1402
P30     1920  1401  1149  1335  1259  1271   973  1118  1087  1452  1471
P30     1930  1287  1129   818   708  1069   964  1158  1046  1090   902
P30     1940  1070  1173   815   792   726   668   570   999   958   704
P30     1950   696   980   931   977   940  1138   993  1277  1335   840
P30     1960  1243  1555  1289  1502  1204  1361  1415  2086  1431  1681
P30     1970  1539  1056  1218   980   964   844   931  1009  1203  1483
P30     1980  1348   932   498  1134  1067  1043   757  1139   873   716
P30     1990   751   672  1399  1060  1581   874  1181  1261  1634  1454
P30     2000  1156  1018   964  1254  1181  1441  1067  1433  1031 -9999
P24     1822  1574  2607  2147  2500  2002  1580  2201  1620
P24     1830  1286  1541  1129  1482  2050  1286  1041  1533   953  1619
P24     1840  1158   926   819  1152   974  1095  1213  1132  1540  1148
P24     1850  1262  1431  1002  1198  1156  1148   889  1185  1356  1116
P24     1860  1131  1216  1080  1417  1049  1002   765   846  1034  1225
P24     1870  1022   782  1088   954  1070   874   815   864   999  1003
P24     1880   629   756   808  1093  1187  1486  1664  1240  1248  1460
P24     1890  1167  1375  1271  1046  1070  1410  1077  1274  1383   750
P24     1900  1109  1412   992  1180  1551  1706  1270  1274  1350  1050
P24     1910  1141  1114  1136  1180  1542  1323   803  1219  1304  1351
P24     1920  1220   728   677   838  1190  1284  1150   866  1016   929
P24     1930   966   914   934  1178  1090  1177  1241   867  1260  1356
P24     1940  1256  1186  1318  1078  1039  1165  1008  1151  1221  1242
P24     1950  1536  1577  1411   936   938  1200  1114  1356  1642  1468
P24     1960  1755  1767  1177  1108   874  1400  1256  1400  1456  1248
P24     1970  1062  1186   899  1134   596   831   765  1220  1231  1346
P24     1980  1407  1760  1335  1553  1540  1350  1442  1306  1158  1091
P24     1990  1486  1196  1476  1240  1609  1441  1492  1144  1557  1278
P24     2000  1485  1308  1472  1555  1643  1497  1237  1157   767 -9999
P28     1910  2083  1600  1767  2199  3341  2788  1900  2260  3310  2191
P28     1920  1931  1246  1477  1079  1093  1041  1547  1214  1372  1234
P28     1930  1418  1301  1040  1301  1289  1302  1274  1022  1206  1118
P28     1940  1295  1020  3394  2324  3777  2523  2140  2631  2365  1707
P28     1950  2125  2395  2343  1988  1151  2225  1661  2044  3219  2452
P28     1960  3153  2873  1942  2153  1677  2273  1943  2611  2407  2411
P28     1970  2315  1728  1669  2082  1217  1507  1464  1769  1462  1407
P28     1980  1569  1951  1542  1903  1620  1922  2232  1734  1711  1639
P28     1990  2250  1334  1853  1534  2019  1888  1934  1653  2700  2399
P28     2000  2514  2394  2558  2569  2493  2682  2237  1770  1847 -9999
P26     1772  1644  1132  1398   876   725   464   941  1215
P26     1780   716   632   833   734   750   823   616   749   535   645
P26     1790   887   500   871   975   870   854  1015   627   503   497
P26     1800   549   472   604   461   454   641   929   913   455   520
P26     1810   366   247  1193   773  1215   932   935   921   852   313
P26     1820   302   518   588   632   341   734   876  1034  1731  1371
P26     1830  1164   714   670   819   930   622   759   643   527  1425
P26     1840   590   700   642   912   721   502   859   635  1164   829
P26     1850   820  1161  1171   885  1247  1228   727   737   675   525
P26     1860   665   681   706   691   506   589   410   430   749   772
P26     1870   919   879   970   623   781   698   512  1107   956  1614
P26     1880   470   725   618   936  1125  1349   979   688   810  1056
P26     1890   941  1229  1130  1108   583  1478   896  1238   851   402
P26     1900   640   375   392   334   611   665   495   636   626   467
P26     1910   792   665   606   673   758   552   296   421   690   420
P26     1920   560   335   662   517   533   558   742   437   573   598
P26     1930   734   389   443   487   604   556   530   510   526   512
P26     1940   548   680   493   480   649   556   545   801   780   726
P26     1950   650   700   736   635   460   667   528   881   945   749
P26     1960  1038   753   703   784   526   655   889   788   632   503
P26     1970   596   426   424   747   434   671   593   916   747   841
P26     1980   842   861   938  1787  1319  1096  1623  1465  1307  1162
P26     1990  1543   712   871   956  1126   942   889   742   876   693
P26     2000   910  1095  1034  1177  1278  1345  1071  1049   693 -9999
