P20     1699   362
P20     1700   294   436   240   221   383   352   293   154   207   316
P20     1710   366   208   391   473   462   352   537   718   907   971
P20     1720   840   687   559   494   403   388   480   703   926   487
P20     1730   455   433   742   617   719   654   966   905   805   944
P20     1740  1160   577   601   603   733   735   630   668   781  1066
P20     1750   843   842   924   862   670   450   782   987   866   854
P20     1760   854   865   771   813   926  1144  1226  1030  1145  1017
P20     1770  1012  1095  1127  1030  1038   944  1046  1246  1062   747
P20     1780   872   739   674   779   767   873   833   778   759   849
P20     1790   770   899  1110  1216  1241  1064  1016   904   879   739
P20     1800   837   720   570   626   804   851   649   679   580   476
P20     1810   418   309   458   486   805   898   893   897   887   848
P20     1820   623   572   624   614   532   738   833   755   772   658
P20     1830   461   591   519   498   721   687   621   640   359   529
P20     1840   474   623   702   634   503   521   599   684   751   609
P20     1850   532   524   594   414   461   540   331   352   365   310
P20     1860   257   422   409   718   741   926   655   412   569   966
P20     1870  1111   848   634   536   585   594   349   694   610   601
P20     1880   349   527   518   578   456   861   978   743   754   819
P20     1890   613   646   426   413   482   676   561   644   629   298
P20     1900   671   614   656   633   867   966   951   868   741   684
P20     1910  1219   801   718   655   936   738   359   611   757   699
P20     1920   848   421   481   461   562   488   473   387   366   527
P20     1930   659   617   535   510   659   471   526   456   602   477
P20     1940   684   611   601   494   711   734   440   713   602   607
P20     1950   402   539   601   508   404   622   584   477   771   213
P20     1960   163   154   181   274   202   342   396   323   358   282
P20     1970   227   355   270   280   154   218   225   416   255   338
P20     1980   409   439   274   352   424   495   572   508   647   477
P20     1990   699   395   775   412   802   643   802   605   659   460
P20     2000   867   905   667   883   726   747   529   761   721   554
P20     2010   458   498   619   781   752   516 -9999
P42     1806  1495  1256   611   781
P42     1810   447   419  1538  1168  3181  2960  3191  2602  2476  1568
P42     1820  1538  1656  2042  1792  2383  1912  1647  1890  1881  2065
P42     1830  1403  1692  1074  1249  2026  1422  1497  1331  1243  1273
P42     1840   860  1415  1167  1221   870  1000  1273  1298  1327  1046
P42     1850  1272  1408  1290  1531  1540  1525  1418  1482  1312  1080
P42     1860  1136  1215   945  1206  1195   851   812   855   791   923
P42     1870   909   635   661   632   511   505   429   686   526   635
P42     1880   332   560   287   472   490   764   774   674   801   822
P42     1890   619   690   581   787   580   884   637   868   846   497
P42     1900   987   804   932   785  1489  1256  1208  1268  1125   784
P42     1910   945   902   676   619   883   818   446   652   954   816
P42     1920   793   387   752   678   826   556   670   502   538   568
P42     1930   638   556   410   578   658   521   583   445   490   494
P42     1940   638   670   641   444   642   623   489   553   587   611
P42     1950   547   469   617   759   564   790   544   515   833   733
P42     1960  1116   753   826  1030   672   990   944   796   989   621
P42     1970   646   691   520   626   292   562   504   598   451   539
P42     1980   544   718   387   511   526   591   762   738   781   748
P42     1990   851   442   807   619   778   610   746   443   658   319
P42     2000   675   798   498   736   728   699   477   686   527   578
P42     2010   483   481   573   690   873   900 -9999
P44     1800  1578   741   673   631   921  1119   684   925   914   852
P44     1810   487   656   684   426   649   695   850   840   799   719
P44     1820   637   655   660   529   499   723   686   677   519   730
P44     1830   646   658   543   553   694   630   572   501   409   618
P44     1840   408   537   428   552   461   465   574   492   745   513
P44     1850   500   850   680   626   769   894   623   650   702   508
P44     1860   649   496   535   688   580   510   404   423   524   545
P44     1870   518   433   437   436   371   453   267   374   331   457
P44     1880   250   376   228   326   322   444   450   274   295   366
P44     1890   286   354   332   315   203   327   346   357   473   197
P44     1900   523   471   513   443   759   689   539   590   585   446
P44     1910   612   540   550   368   594   487   274   296   430   455
P44     1920   416   244   334   432   408   314   258   212   250   304
P44     1930   285   309   174   192   228   282   198   175   269   281
P44     1940   337   369   367   409   462   486   515   646   551   476
P44     1950   225   476   594   595   395   434   271   261   380   378
P44     1960   506   428   380   301   198   509   487   280   413   396
P44     1970   374   335   280   395   244   318   327   353   295   432
P44     1980   377   392   240   275   378   387   363   469   438   276
P44     1990   371   256   492   426   523   422   517   220   280   244
P44     2000   487   567   530   699   764   709   476   572   511 -9999
P45     1827  3247  2408  2398
P45     1830  2054  2142  1666  1566  1863  1307  1406  1076  1047  1429
P45     1840  1300  1759  1369  1723  1501  1229  1534  1810  1849  1639
P45     1850  1570  2312  1956  1614  1736  1745  1353  1179  1180   866
P45     1860  1093   837  1044  1078  1018  1011   778   989  1279  1792
P45     1870  1786  1617  1093  1087  1210  1143   907  1380  1108  1033
P45     1880   482   661   367   619   658   860   794   687   788   886
P45     1890   928   935   688   670   584  1126  1211  1451  1322   584
P45     1900  1374  1189  1251  1066  1575  1683  1638  1303  1159  1038
P45     1910  1567  1547  1293  1150  1684  1725   925  1090  1259  1360
P45     1920  1500   666  1002   892  1194  1102  1355  1225  1231  1212
P45     1930  1436  1454  1149   996  1116  1001   911   804   890   981
P45     1940  1207  1348  1417  1110  1219  1376  1112  1194   896   873
P45     1950   928  1080  1018   921   684   835   679   699  1432  1183
P45     1960  1439  1353  1089   884   482   696  1018   914   905   703
P45     1970   760   755   622   628   303   582   485   559   579   568
P45     1980   620   697   514   588   572   651   819   929  1004   900
P45     1990   890   718  1267  1002  1410  1380  1548  1149  1140   732
P45     2000  1219  1396  1050  1243  1326  1296   964  1395  1290 -9999
P48     1761  1110   895  1195   735   973   890   976   819  1076
P48     1770  1204   897   873   690   643   967   616   679   695   474
P48     1780   475   396   411   459   459   428   475   301   317   302
P48     1790   317   246   294   444   413   524   634   666   681   325
P48     1800   372   435   420   261   151   238   317   262   151   198
P48     1810   151   167    56    87   103   142   167   182   349   238
P48     1820   254   214   182   214   126    87   110   166   150   142
P48     1830    87    56    40    48    32    87    95   262   222   151
P48     1840   127   135   111   111   103   103   111   174   198   143
P48     1850   182   206   151   166   285   254   238   277   341   986
P48     1860  1144   858   976   922   916   811   786   801   879  1074
P48     1870  1257  1045  1214   889   837  1035   635   844  1040  1071
P48     1880   227   415   367   528   590   582   619   488   715   775
P48     1890   904   924  1206   968   644   918   819   932   955   519
P48     1900   851   762   810   834  1201  1292  1122  1224  1023  1176
P48     1910  1177  1249  1341  1109  1509  1289   738   617   856   860
P48     1920   902   655   617   752   767   787   647   668   728   953
P48     1930  1027   923   951  1023  1361  1191  1221  1232  1734  1752
P48     1940  2131  2096  2017  1647  2005  2044  1654  1962  1875  1157
P48     1950  1317  1744  1816  1700  1101  1400   864   958  1690  1504
P48     1960  1945  1812  1575  1466   649  1609  1635  1466  1557  1390
P48     1970  1548  1205   632  1246   800  1050   909  1101  1097  1140
P48     1980  1050   980   810  1310  1197  1239  1126  1181  1395  1213
P48     1990   913   877   913   687   831   728   804   565   576   485
P48     2000   906  1062   941  1229  1231  1027   673  1198  1122 -9999
P49     1712  1618  1968   954   707  1022  1533  1700  1462
P49     1720  1729  1717  1413  1622  1378  1234  1350  1549  1660  1516
P49     1730  1071  1263  1370  1268  1234  1378  1589  1527  1182  1297
P49     1740  1381  2004  1628  1446  1340  1198   927  1111  1236  1195
P49     1750  1569  1553  1247   981   752   515   760   855   867   928
P49     1760  1275  1339   785   846  1418  1627  1412  1521  1341  1244
P49     1770  1406  1500  1223   985  1064  1045  1508  1192  1064   944
P49     1780   807   622   748   963   938   859   776   664   756   850
P49     1790   904  1361  1540  1341  1506  1126  1230   947   862   913
P49     1800  1063   709   566   634  1221  1181   826   755   622   544
P49     1810   110   198   425   330   387   523   874  1268   996   810
P49     1820   864   696   852  1067  1124  1590  1249  1084  1140  1119
P49     1830   953  1100   734   784   987   757   790   788   723  1107
P49     1840   642   916   964   778   525   404   450   475   485   457
P49     1850   405   553   483   472   520   648   430   440   381   243
P49     1860   352   458   546   638   458   642   506   396   786   548
P49     1870   681   657   442   504   750   949   567   865   706   754
P49     1880   352   488   491   525   573   843  1077   848   841  1145
P49     1890   723   603   464   433   316   344   326   431   480   234
P49     1900   520   557   717   547   996  1017   883   876   786   686
P49     1910   751   581   545   504   740   781   507   633   759   703
P49     1920   794   439   571   602   654   596   703   522   453   592
P49     1930   653   586   438   568   622   414   497   415   417   377
P49     1940   464   524   386   319   426   451   350   385   350   397
P49     1950   290   322   457   500   252   308   332   487   802   644
P49     1960   968   744   670   821   572   876   874   715   796   656
P49     1970   571   570   331   493   290   431   442   921   741   745
P49     1980   843  1111   737   684   514   744  1024   940   838   962
P49     1990   931   630  1226   637   816   718   888   524   555   463
P49     2000   884   962   724   939   909   778   500   690   619   762
P49     2010   606   413   799   920   749  1021 -9999
P50     1735   804  1009   683   847   792
P50     1740   637   733  1122   863   914  1072   972   852  1109  1068
P50     1750   858  1023   806  1019  1043  1072  1148  1159  1130   867
P50     1760   765  1112  1001   973  1258  1412  1280  1375   938   852
P50     1770   742   678   569   830   721   715   932   718   856   645
P50     1780   671   740   935  1324   977   815   911   624   579   669
P50     1790   695   813   695   752   760   844   849   591   535   638
P50     1800   693   510   555   478   821   906   794   566   831  1238
P50     1810   473   422   647   760  1379  1458  1680  2339  1997  1603
P50     1820  1360  1302  1593  1368  1249  1831  1670  1272  1522  1605
P50     1830  1253  1221   883   870  1099   825   869   717   599   592
P50     1840   559   588   534   463   323   313   357   420   416   373
P50     1850   425   555   455   321   408   383   338   346   337   276
P50     1860   286   268   328   442   360   587   355   486   556   407
P50     1870   458   463   410   439   416   473   402   552   573   512
P50     1880   395   470   411   431   591   695   756   653   773   852
P50     1890   802   854   531   591   396   529   418   581   525   415
P50     1900   594   690   762   678  1265  1226   984  1067   944   819
P50     1910   807   631   583   564   676   538   386   567   727   587
P50     1920   551   307   421   412   539   396   473   391   389   392
P50     1930   432   439   390   389   431   396   393   339   474   402
P50     1940   454   499   416   424   602   703   691   554   490   507
P50     1950   508   471   537   539   326   468   357   291   505   625
P50     1960   921   717   852   777   529   765   757   649   779   605
P50     1970   563   464   411   401   181   327   328   385   485   523
P50     1980   677   719   691   816   757   738   855   876   845   842
P50     1990   930   619   866   619   843   874   910   558   726   590
P50     2000   805   849   424   712   777   631   547   779   506 -9999
P51     1828  1147   775
P51     1830   740   789   657   800  1236   819   836   760   662   638
P51     1840   572   512   447   404   475   478   741   751   529   380
P51     1850   301   306   318   401   367   375   363   343   362   423
P51     1860   394   398   583   497   446   442   363   409   476   353
P51     1870   386   364   308   345   389   426   329   484   549   549
P51     1880   338   447   373   485   532   698   558   552   633   686
P51     1890   736   659   374   573   383   450   482   646   635   312
P51     1900   603   814   909   664  1177  1119   973  1070   966   696
P51     1910   690   617   626   502   722   687   378   593   779   740
P51     1920   830   546   739   882   850   767   658   614   601   686
P51     1930   726   707   607   681   911   643   716   824   932   745
P51     1940  1021   994  1146   896  1146  1345  1169  1090  1086  1145
P51     1950  1191  1313  1373  1323   822  1163   754   758  1564  1039
P51     1960  1440  1299  1289   984   830  1673  1496  1096  1281  1024
P51     1970   965   981   626   631   422   735   776  1067  1070  1384
P51     1980  1225  1466  1100  1276  1282  1613  2163  2288  2050  1583
P51     1990  1416  1377  1963  1216  1810  1901  1923  1522  1894  1281
P51     2000  1891  1986  1520  1801  1791  1432  1180  1566  1273 -9999
P52     1696   994   879  1133  1027
P52     1700   956  1115  1042   704   930   875   835   807   774   561
P52     1710   580   516   638   692   572   386   495   723   681   708
P52     1720   673   750   712   777   577   536   599   635   949   935
P52     1730   839   799   837   747   747   839   962   749   751   725
P52     1740   725   873   744   695   603   602   562   647   873   816
P52     1750   638   664   726   670   468   518   570   597   704   607
P52     1760   677   585   518   501   443   691   624   763   563   646
P52     1770   644   644   588   695   590   460   576   667   601   538
P52     1780   447   661   582   580   679   533   506   478   431   421
P52     1790   409   823   882   820   821   706   902   518   578   732
P52     1800   719   713   939   789   728  1114   790   646   702  1048
P52     1810   576   782  1134   637   848   582   706   913   799   655
P52     1820   844   902  1285   867   795   909   685   726   545   670
P52     1830   618   710   567   533   609   556   539   525   462   425
P52     1840   378   362   525   641   582   603   661   489   777   660
P52     1850   617   587   364   393   457   511   383   370   267   280
P52     1860   242   243   337   436   330   455   441   455   534   457
P52     1870   485   421   489   465   620   620   513   741   706   828
P52     1880   300   735   558   905   903   911   710   622   702   593
P52     1890   567   587   446   454   350   529   344   458   354   198
P52     1900   498   494   499   402   642   504   470   455   424   383
P52     1910   478   468   347   380   492   467   152   284   339   351
P52     1920   394   167   330   310   385   305   415   283   260   360
P52     1930   330   297   198   200   184   208   280   224   311   270
P52     1940   327   271   283   188   296   232   230   318   275   410
P52     1950   210   271   441   412   235   368   193   301   480   350
P52     1960   571   476   402   449   180   344   404   427   306   150
P52     1970   203   192   156   205   121   167   189   369   276   318
P52     1980   326   358   152   249   309   463   450   393   390   277
P52     1990   374   260   384   288   370   315   376   127   317   145
P52     2000   338   393   380   455   316   248   190   308   241 -9999
P53     1770   826   818   970   667   818   834  1011   737   781   974
P53     1780   853   733   843   861   796   776   851   658   697   842
P53     1790   895  1086  1168  1119  1126  1001  1218   722   844   718
P53     1800   838   743   871   821   934  1179   712   916   656   787
P53     1810   451   432   731   598   884   904   970   930   858   901
P53     1820   898   825   968   770   890  1258  1168  1086   986   989
P53     1830   875   967   888   763   878   797   943   811   682   763
P53     1840   666   636   658   610   636   805   850   889   940   747
P53     1850   712   897   682   686   700   795   677   775   753   622
P53     1860   684   638   754   727   908   842   798   832   924   902
P53     1870   942   902   957   870   880   956   709   835   898   968
P53     1880   506   616   620   821   831  1028  1132   808   829   935
P53     1890   836   829   581   708   530   727   797   958   895   549
P53     1900   806   713   753   711  1071  1077  1036   963   953   723
P53     1910   834   771   675   691   863   974   558   770   829   716
P53     1920   900   629   906   832   879   799   747   676   658   673
P53     1930   763   711   669   807   769   686   669   725   730   805
P53     1940   903   892   960   754   845   843   823   898   861   796
P53     1950   735   826  1000  1009   698   950   658   636   829   973
P53     1960  1324  1364  1019  1070   819  1626  1414  1133  1083   922
P53     1970   824   908   731   640   411   645   736  1004   761   785
P53     1980  1059  1490   910  1013   928   920  1252  1316  1234   975
P53     1990  1022   720  1536   877  1291  1175  1095   697  1369   926
P53     2000  1438  1392  1007  1435  1417  1240   684   948   912 -9999
P54     1734   675   680   737   597   554  1176
P54     1740  1107  1013   791   789   662   733   732   609   522   569
P54     1750   464   561   609   382   352   439   392   424   519   534
P54     1760   594   702   696   743  1273  1384  1205  1178   958   628
P54     1770   878   896   724   707   849   519   787  1006   989   785
P54     1780   614   804   505   756   726   566   641   425   383   386
P54     1790   362   549   628   518   722   599   677   502   548   406
P54     1800   525   352   551   519   733   765   458   411   427   372
P54     1810   119   214   198   126   222   269   539   714   698   476
P54     1820   444   508   730   571   508   587   476   492   492   429
P54     1830   397   413   333   357   406   297   337   553   523   501
P54     1840   459   561   694   709   736   930   895  1150  1385   997
P54     1850   779   785   510   454   496   479   344   391   341   251
P54     1860   213   291   322   364   341   423   280   345   413   446
P54     1870   253   313   308   266   343   435   307   542   668   611
P54     1880   349   468   397   541   494   495   809   637   777   731
P54     1890   587   628   619   599   298   505   388   521   546   312
P54     1900   607   578   794   605   833   943  1009  1095   793   626
P54     1910   958   825   513   447   697   785   351   447   881   734
P54     1920  1116   665   978   735   961   698   613   597   663   686
P54     1930   875   900   648   672   832   713   802   747   994   727
P54     1940   860   978  1073   745   669   821   617   801   454   507
P54     1950   309   490   600   504   368   420   357   292   632   773
P54     1960   890   856   793   585   431   545   569   462   759   775
P54     1970   424   449   438   545   214   306   350   495   807   854
P54     1980   797  1097   720   784   532   849  1196  1085  1196   940
P54     1990   807   577   794   908   969   872   978   721   974   613
P54     2000  1119  1352   954  1191  1464  1396   639   974   726 -9999
P55     1778   643   515
P55     1780   440   485   475   588   522   542   629   333   399   482
P55     1790   473   598   614   443   602   602   642   364   281   358
P55     1800   471   418   371   382   529   678   512   672   682   710
P55     1810   181   167   134   226   421   595   693   868   865   664
P55     1820   598   700   677   728   768   869   803   745   620   750
P55     1830   706  1040   579   708   803   703   776   872   601   612
P55     1840   643   855   732   639   512   666   724   827   821   589
P55     1850   771   948   580   641   698   762   778   895   638   357
P55     1860   461   423   359   514   575   632   561   564   820   936
P55     1870   929   668   678   682   570   819   359   501   650   603
P55     1880   300   627   210   613   693   877   829   566   725   808
P55     1890   609   635   482   440   359   431   312   405   475   295
P55     1900   525   491   569   415   798   790   643   674   725   731
P55     1910   893   680   508   464   755   671   326   498   571   510
P55     1920   604   284   436   423   651   540   661   457   461   582
P55     1930   719   638   565   409   445   459   349   449   610   641
P55     1940   724   703   625   451   595   579   535   545   386   480
P55     1950   318   455   466   551   297   294   328   325   493   385
P55     1960   585   607   580   514   423   706   706   618   580   522
P55     1970   427   399   363   297   214   370   365   689   567   584
P55     1980   664   853   502   543   568   784   658   735   772   683
P55     1990   794   404   751   506   731   583   647   502   656   460
P55     2000  1010   850   872  1098   971   975   664   977   800 -9999
P56     1794   903   838   791   537   647   726
P56     1800   592   465   347   481   576   459   364   380   412   492
P56     1810   159   349   571   682  1095  1158   984  1191  1304   968
P56     1820   845   977  1582  1823  2072  2324  1907  1480  1325  1312
P56     1830  1053  1351  1162  1281  1116  1046  1145  1446  1238  1170
P56     1840   941  1388  1223  1389  1297  1059  1325  1181  1179   970
P56     1850  1010  1204  1024  1075  1046  1190  1134  1114  1123   808
P56     1860   850   862  1195  1173  1148  1044   793  1081  1267  1277
P56     1870  1421  1268   995   928  1043  1123   869  1014  1358  1013
P56     1880   670   991   747  1189  1301  1548  1549  1003  1248  1290
P56     1890  1184  1134  1018  1030   758  1148  1127  1270  1070   653
P56     1900   964  1009  1093   760  1109  1132   824   943   842   683
P56     1910   925   874   736   632   963   870   426   596  1002   859
P56     1920   819   475   630   647   757   487   692   496   501   581
P56     1930   715   711   532   402   619   463   406   511   605   524
P56     1940   640   620   561   397   600   543   397   421   737   876
P56     1950   704  1192  1362  1452   914  1006  1046  1452  1165   953
P56     1960  1426  1471  1290  1324   782  1076  1245   723   993   750
P56     1970   649   523   394   555   240   331   284   614   479   310
P56     1980   510   777   588   774   703   986  1203   702   671   780
P56     1990   741   542  1039   726   890   821   747   457   682   514
P56     2000   706   637   617   696   667   667   423   631   382 -9999
P57     1810   313   377   508   398   510   967   758   612   898   717
P57     1820   662   837   944   892  1343   992  1092  1056   899   732
P57     1830   799   822   682   718   996   798   792   775   586   766
P57     1840   588   512   414   539   471   368   477   418   594   500
P57     1850   623   788   673   633   707   997   957   797   861   534
P57     1860   715   588   604   603   658   534   371   415   610   548
P57     1870   581   500   357   291   279   330   334   567   496   630
P57     1880   304   262   166   243   265   627   623   548   664   558
P57     1890   620   775   589   463   347   414   480   640   831   454
P57     1900   838   817   802   755  1079  1258  1193  1144  1048   980
P57     1910  1041  1005  1040   929  1165  1253   802  1014   962   904
P57     1920  1085   753   874   925  1024   746   797   578   637   691
P57     1930   766   703   547   492   607   522   592   523   701   636
P57     1940   776   821   805   696   727   842   762   823   880   815
P57     1950   801   803   909   901   751   871   354   430   401   451
P57     1960   660   788   588   680   455   738   920   944   961   879
P57     1970   920   895   651   484   269   396   447   592   638   611
P57     1980   599   811   667   714   840   867  1029   916   937   972
P57     1990   966   851   975   704   882   795   902   690   818   597
P57     2000   524   373   262   371   449   445   402   555   495   249
P57     2010   218   162   312   215   205   271 -9999
P58     1747  1124  1032  1286
P58     1750  1444  1635  1190  1158   793   840   950  1172   855   966
P58     1760   870   774   727   840   911   840   852   878   711   743
P58     1770   680   840   714   857   794   762  1174  1108  1265  1027
P58     1780  1253  1503  1180  1322  1334  1032  1141   819   777  1019
P58     1790   955  1290  1073   933   920  1015   809   591   594   744
P58     1800   814   553   397   327   563   538   457   485   255   440
P58     1810   244   304   256   298   477   386   446   728   693   625
P58     1820   593   575   735   487   460   598   540   570   416   704
P58     1830   584   888   620   719   774   639   503   444   313   362
P58     1840   260   409   367   441   318   251   305   164   282   231
P58     1850   154   330   262   323   363   463   342   327   384   359
P58     1860   322   283   320   567   466   587   453   429   582   462
P58     1870   611   605   572   542   504   602   489   586   484   586
P58     1880   225   287   245   361   288   492   502   372   441   532
P58     1890   468   483   322   368   261   389   316   356   336   270
P58     1900   344   451   439   363   591   594   551   610   462   413
P58     1910   502   595   576   451   741   622   339   489   607   574
P58     1920   629   291   391   437   535   546   665   522   466   496
P58     1930   616   671   555   521   398   479   433   405   584   560
P58     1940   578   562   518   411   441   562   529   416   421   383
P58     1950   401   459   583   653   465   505   329   403   762   676
P58     1960  1022   899   641   526   441   443   516   744   814   624
P58     1970   661   656   513   505   394   529   448   686   667   508
P58     1980   637   748   722   662   715   878  1286  1195  1273  1270
P58     1990  1517   922  1352   813  1131  1125  1397   854   909   594
P58     2000   902  1048   959  1396  1694  1400  1029  1213  1038  1017
P58     2010   699   485   631   910  1111  1686 -9999
P60     1735   949  1298   777   924   713
P60     1740   713  1473  1051   977   862   736   568   681   769   659
P60     1750   712   653   616   373   294   272   597   705   517   556
P60     1760   548   688   602   569   808   685   821   722   688   726
P60     1770  1030  1237   983   966   982   775  1100   974  1004   881
P60     1780   861   778   704  1098   618   979   918  1014   857   807
P60     1790   893   781   858   935   979  1009   879   836   594   721
P60     1800   546   678   613   513   609  1025   862   628   744   397
P60     1810   290   243   266   345   510   613   572   729   770   693
P60     1820   477   413   469   531   538   795   968   909  1001   802
P60     1830   531   652   356   494   525   480   523   436   414   422
P60     1840   366   582   674   541   499   464   514   438   402   322
P60     1850   328   572   486   419   567   700   618   606   596   419
P60     1860   427   543   483   534   293   560   494   452   601   715
P60     1870   696   710   444   271   308   306   155   269   343   549
P60     1880   345   245   231   269   312   329   460   441   488   648
P60     1890   537   647   327   306   163   243   286   237   315   233
P60     1900   343   266   377   428   766   797   662   627   669   605
P60     1910   647   650   565   548   875   840   416   734   955   885
P60     1920  1083   586   939   804   753   577   763   557   525   816
P60     1930   949   778   544   521   501   601   578   587   717   716
P60     1940   824   810   676   611   774   737   693   779   646   593
P60     1950   367   434   647   741   580   655   478   706   729   880
P60     1960  1117   930   787   615   473   597   680   661   668   469
P60     1970   497   521   373   331   235   393   442   538   442   665
P60     1980   847   937   577   633   598   837  1222   972   844   955
P60     1990   849   495   876   544   723   599   585   327   341   256
P60     2000   519   572   471   492   545   481   385   537   525   349
P60     2010   439   258   417   600   643   699 -9999
P46     1690  1232  1337  1145  1113   806  1108   812   693   918  1029
P46     1700   823   831  1218  1130  1014   826   758   778   880   868
P46     1710  1291   953   893   951   662   710   853   854   793   619
P46     1720   484  1468  1071   676   641   454   550   582   761   687
P46     1730   608   608   710   789   676   717   717   624   532   769
P46     1740   548   466   525   441   416   410   505   446   433   492
P46     1750   480   526   586   615   540   451   466   363   293   176
P46     1760   250   323   267   162   235   233   188   115   131   170
P46     1770   117   149   103    81   153   145   140   100    71    95
P46     1780   201   123   117   108   121   129   149   161   168   190
P46     1790   179    77   141   105   108   141   112   173   196   160
P46     1800    64   171   122    93   102    58    68    45  1313  1077
P46     1810   534   731   807   650   963  1137  1083  1575  1312  1143
P46     1820   601   957  1317  1154  1104  1124  1117  1211  1445  1681
P46     1830  1434  1458  1324  1152  1623  1369  1343  1151   941   860
P46     1840   863  1383  1505  1525  1234  1187  1146   936  1069   916
P46     1850   897  1137   789   936  1019  1189  1049   871  1058   765
P46     1860   928   783   612   623   655   519   510   447   595   836
P46     1870  1183   947   938   995   917   939   782   847   845   695
P46     1880   333   477   466   633   660   823   873   762   730   421
P46     1890   420   369   377   506   406   628   672   727   573   435
P46     1900   627   508   532   505   595   497   447   466   507   482
P46     1910   596   492   419   396   528   388   310   503   711   701
P46     1920   640   418   596   640   663   641   594   621   518   532
P46     1930   497   501   505   524   488   490   461   443   546   505
P46     1940   651   623   491   476   617   567   593   689   709   746
P46     1950   841   890   844   804   615   700   262   300   351   227
P46     1960   468   400   419   304   336   471   517   470   368   343
P46     1970   407   437   432   397   219   249   386   357   344   338
P46     1980   504   475   366   511   593   648   572   590   616   534
P46     1990   611   332   643   659   825   783   838   560   501   336
P46     2000   555   755   587   806   630   661   383   654   758 -9999
P47     1801  1379  1060   456   663  1460   839   804   669   655
P47     1810   836   344   377   542   342   160   287   819   683  1087
P47     1820  1442  1010   544   659   418   355   453   290   268   606
P47     1830   236   305   265   362   529   452   221   409   395   391
P47     1840   287   229   212   249   224   139   177   194   411   416
P47     1850   375   696   896   356   287   376   316   360   235   256
P47     1860   343   262   832   848   827   777   748   633   929   866
P47     1870   836   750   822   795   847   776   507   664   838   945
P47     1880   497   612   637   641   879  1333  1123   863  1186  1906
P47     1890  1418  1342   786   757   426   750   470   622   619   264
P47     1900   641   497   777   646   959  1156  1050  1102  1035   943
P47     1910  1006  1026  1037   903  1299  1372   716   815  1064  1362
P47     1920  1529   958  1320  1587  1278  1091   970   757   816   783
P47     1930   828   757   642   570   652   552   562   626   723   729
P47     1940  1036  1182  1125   999  1079  1280  1292  1285  1213  1320
P47     1950  1319  1462  1451  1458  1075  1173   665   988  1509  1246
P47     1960  1604  1539  1155  1171   750  1181  1446  1424  1059   896
P47     1970   955   923  1086  1278   818   932   792  1119  1176  1100
P47     1980  1082  1398  1286  1683  1569  1605  1697  1412  1396  1056
P47     1990   988  1054  1326  1007  1305  1129  1148   829  1257  1074
P47     2000  1761  1901  1564  2112  2207  1996  1682  1924  1526 -9999
P59     1726   811   964  1124  1150
P59     1730   886   679  1063  1285  1061   982  1082  1015   903   767
P59     1740   575   758   514   770   815   784   842   772   892   819
P59     1750   761   723   639   474   420   400   596   520   657   662
P59     1760   608   533   419   416   538   581   672   726   545   622
P59     1770   712   847   883   749   765   747  1007   976   870   803
P59     1780   808   663   911   969   827   834   934   715   828   790
P59     1790   862  1113  1181  1135  1040   970   839   649   571   725
P59     1800   773   543   569   630  1036  1007   713   717   455   549
P59     1810   235   353   416   540   924   861   761   894  1005   782
P59     1820   590   636   649   570   720   990   882   893   586   704
P59     1830   492   692   376   515   498   465   496   437   418   437
P59     1840   403   583   400   406   315   315   388   321   393   343
P59     1850   363   487   352   423   482   476   412   346   399   302
P59     1860   359   378   382   634   708   782   565   610   698   564
P59     1870   582   464   454   374   335   373   340   510   534   558
P59     1880   181   237   228   405   528   668   807   511   506   426
P59     1890   371   373   327   298   229   314   273   302   490   343
P59     1900   560   671   716   609   925   896   623   774   659   516
P59     1910   541   583   666   554   726   669   315   398   588   525
P59     1920   708   495   565   593   637   559   661   490   447   538
P59     1930   587   676   451   448   357   409   395   398   493   496
P59     1940   599   587   498   437   538   536   519   562   571   495
P59     1950   382   433   533   591   450   521   384   449   814   582
P59     1960   999   908   762   658   488   637   638   644   796   607
P59     1970   578   620   506   492   367   452   400   526   521   397
P59     1980   544   777   661   740   675   825  1157  1035  1127  1146
P59     1990  1396   777  1372   837  1199  1218  1608  1034  1055   671
P59     2000  1193  1083  1049  1418  1809  1408   948  1246  1076  1239
P59     2010   771   408   645   957   940  1250 -9999
