R05     1734   698   751  1462  1277   954   792
R05     1740   845  1234   862   970   915   931   672   980   894   901
R05     1750   805   756   634   576   295   283   533   555   433   369
R05     1760   543   822   809   831   990  1051   944  1229  1254  1070
R05     1770  1174  1328  1326  1527  1378  1036  1578  1283  1206  1061
R05     1780   860  1101  1036  1171   983   863   769   643   711  1031
R05     1790  1746  1365  1691  1638  1537  1689  1497  1443   624   475
R05     1800   520   875   561   782  1036  1303  1324  1297  1314  1034
R05     1810  1491   773   717   443   646   917  1280  1569  1435  1265
R05     1820  1344  1494  1684  1320  1177  1529  1505  1540  1464  1401
R05     1830   869  1272   763   782   791  1050  1034   866   569   807
R05     1840   905   965   811  1130   809   993  1057  1396  1344  1302
R05     1850   725   856   908   900  1001   973   698   658   652   484
R05     1860   796   588   682   980  1089  1073   796   738   886   945
R05     1870   928   775   724   625   667   808   637   672   475   609
R05     1880   642   824   821  1365   723   529   791   734   708   759
R05     1890   521   672   504   516   511   492   581   644   680   460
R05     1900   889   567   719   885  1231  1102   694  1407  1101   854
R05     1910   858  1115   875   609  1260   919   850   941  1285  1324
R05     1920  1310   833   859   900  1295  1046   804   880  1103   827
R05     1930   979  1075   829   666   762   880   837   718  1241  1122
R05     1940  1213  1199  1141   934   954  1162   831   834   855   687
R05     1950   630   966  1175  1112   707   800   761   497   978   687
R05     1960   958  1118   852   911   592   960   686   777   786   811
R05     1970   982  1060   729   652   463   739   539   628   751   715
R05     1980   674   640   595   568   531   616   612   570   582   603
R05     1990   580   500   641   400   554   609   536   313   555   376
R05     2000   591   629   568   696   709   447   487   664   609   638
R05     2010   384   230   313   355   641   652 -9999
R15     1688   623   642
R15     1690   474   367   227   249   213   374   508   556   395   392
R15     1700   276   156   210   201   242   228   192   415   233   255
R15     1710   239   174   290   368   293   657   569   466   708   653
R15     1720   704   661   754   583   624   660   650   393   521   523
R15     1730   587   539   618   567   589   564   464   739   556   524
R15     1740   371   715   940   689   869   983  1047   928  1089  1059
R15     1750   838   803   595   643   637   556   463   591   619   470
R15     1760   513   451   410   463   670   872   813   625   537   700
R15     1770   726   748   827   753   597   668   793   913   747   650
R15     1780   580   787   596   655   657   568   503   452   468   576
R15     1790   514   589   637   706   702   601   665   572   502   600
R15     1800   550   505   419   380   765   919   694   567   490   481
R15     1810   255   225   189   272   495   282   517   627   579   324
R15     1820   383   443   481   360   397   507   463   413   426   522
R15     1830   330   446   318   327   297   385   357   317   213   358
R15     1840   338   438   408   486   287   366   434   295   381   265
R15     1850   321   453   285   408   376   308   288   267   285   248
R15     1860   365   333   314   308   312   348   313   332   378   330
R15     1870   366   235   392   387   319   324   214   334   239   405
R15     1880   248   279   321   380   363   364   348   312   322   393
R15     1890   287   296   306   294   191   265   321   304   303   150
R15     1900   297   349   386   357   434   387   343   458   413   373
R15     1910   414   419   395   384   393   347   306   224   393   443
R15     1920   383   328   335   365   372   414   308   352   371   389
R15     1930   322   308   327   318   189   268   275   301   351   373
R15     1940   295   351   250   273   296   272   286   304   293   264
R15     1950   264   242   262   253   187   183   244   185   272   186
R15     1960   310   209   215   217   163   308   317   257   188   191
R15     1970   260   313   310   205   268   239   196   217   193   217
R15     1980   177   230   233   237   244   339   246   298   322   277
R15     1990   345   266   292   220   361   315   281   312   384   249
R15     2000   393   276   293   288   345   239   237   257   266   392
R15     2010 -9999
R21     1784    40   767   629   545   446   531
R21     1790   582   464   593   765   586   512   528   735   524   491
R21     1800   505   485   314   366   401   563   522   329   337   239
R21     1810   339   333   487   605   440   438   303   340   337   312
R21     1820   175   571   631   331   262   396   269   251   258   323
R21     1830   185   245   138   255   306   340   362   281   137   239
R21     1840   232   359   271   292   227   191   337   377   537   454
R21     1850   439   527   372   459   417   387   315   340   378   218
R21     1860   294   280   422   496   371   579   456   475   589   603
R21     1870   493   672   584   459   539   594   399   566   661   836
R21     1880   358   584   492   775   540   580   718   563   461   760
R21     1890   397   421   315   438   275   567   408   880   848   152
R21     1900   578   561   845   663   967   922   736   608   528   353
R21     1910   581   444   314   287   489   442   267   484   621   736
R21     1920   730   419   546   460   763   700   693   498   545   516
R21     1930   672   637   487   403   595   595   660   725   949  1047
R21     1940   971  1186   911   773   896   993   825   697   686   785
R21     1950   630   877   970  1005   915   890   797   699  1087   915
R21     1960  1427  1286   888  1318   787  1259  1158  1278  1263   903
R21     1970   914   802   692   671   611   755   714  1015   761   776
R21     1980   861  1073   785   928  1040   984  1170  1062  1218  1266
R21     1990  1507  1077  1439   833  1167   981   963   751  1248   755
R21     2000  1222  1203   819  1119  1360   934   903   963   944  1085
R21     2010  1059   971  1013  1657  1567  1523 -9999
R23     1812   725   395  1057   847   828   892   761   661
R23     1820   761   795   806   506   556   803   767   698   763   777
R23     1830   700   801   549   678   786   842   812   786   656   683
R23     1840   703   838   865   858   634   642   794   887   804   549
R23     1850   443   475   426   495   422   462   477   427   506   283
R23     1860   429   406   430   505   482   454   349   455   477   444
R23     1870   473   442   295   240   331   453   331   360   469   558
R23     1880   355   441   334   565   490   459   481   431   384   511
R23     1890   445   396   499   492   302   396   407   476   408   208
R23     1900   279   384   356   372   450   402   382   444   370   321
R23     1910   383   337   399   237   331   345   340   275   318   395
R23     1920   360   224   230   321   315   338   269   281   314   298
R23     1930   304   362   333   226   228   354   270   298   440   443
R23     1940   383   370   356   317   359   644   443   389   351   330
R23     1950   244   371   487   477   356   413   441   408   537   382
R23     1960   543   502   410   369   378   563   619   567   492   428
R23     1970   406   425   276   206   161   271   223   217   320   343
R23     1980   356   533   375   432   420   516   463   404   443   448
R23     1990   555   415   501   441   505   521   484   313   741   469
R23     2000   626   571   496   510   660   504   332   428   360   356
R23     2010   423   279   290   417   595   516 -9999
R25     1822   738   452   600  1595  1065  1216  1246  1457
R25     1830  1135  1331   992  1299  1117  1192  1018   819   615   983
R25     1840   652   787   843   742   555   697   667   732   766   708
R25     1850   629   715   549   574   566   611   454   454   554   353
R25     1860   545   431   531   574   490   505   349   401   457   451
R25     1870   499   526   616   572   488   589   290   404   303   414
R25     1880   223   323   256   460   399   456   533   484   597   582
R25     1890   532   508   400   501   288   566   656   734   706   218
R25     1900   475   470   495   560   805   807   772   836   821   652
R25     1910   715   575   558   434   608   510   550   536   708   730
R25     1920   585   438   551   486   623   638   545   612   623   616
R25     1930   732   636   625   593   545   579   500   623   859   891
R25     1940   705   731   695   531   556   676   595   444   464   436
R25     1950   374   694   805   662   412   532   509   320   614   432
R25     1960   695   745   630   629   273   701   604   517   539   547
R25     1970   527   498   458   417   216   331   283   455   371   462
R25     1980   395   519   341   401   391   387   388   403   462   407
R25     1990   540   442   568   319   511   448   495   289   696   369
R25     2000   623   757   549   623   699   556   548   547   481   620
R25     2010   516   373   526   976  1054  1037 -9999
R26     1952  1747  1657   766   818  1093   778  1527  1100
R26     1960  1820  1706  1307  1189   526  1466  1630  1667  1553  1141
R26     1970  1021  1116   746  1003   851  1104   831  1416  1466  1431
R26     1980  1454  1704  1388  1377  1104  1884  2075  1646  2207  1788
R26     1990  1875  1888  2503  1216  1761  1747  1649  1075  1197   850
R26     2000  1262  1472  1113  1888  1555  1296  1283  1279  1094  1597
R26     2010  1433   794   928  1593  1586  1388 -9999
R28     1635  1584  1719  1281  1250  1441
R28     1640  1306   617  1159   999   906   934   958  1015  1007   817
R28     1650   944  1166  1143  1151   746   942  1500  1570  1325  2127
R28     1660  2079  1713  1939  1526  1285  1706  1249  1344   646   660
R28     1670  1054  1009  1159  1248  2055  1562  1296  1871  2187  2561
R28     1680  1783  1647  2463  2945  2649  2736  2059  2060  1565  1991
R28     1690  1840  1151  1219  1549  1383  1368   961   660   774   668
R28     1700   872   953   938   809  1565  1781  1200   928   981   845
R28     1710   855   792   743   879   919   541   827  1008  1146   972
R28     1720   915   816   855   897   686   721   663   688   616   756
R28     1730   671   602   575   448   480   395   558   692   529   674
R28     1740   794  1286   758  1039   851   754   458   666   693   699
R28     1750   614   484   537   388   141   131   268   282   303   271
R28     1760   370   463   313   353   419   459   441   539   389   370
R28     1770   356   440   460   363   480   360   424   407   399   365
R28     1780   322   325   306   368   375   350   467   302   313   367
R28     1790   331   305   437   479   562   558   546   492   374   327
R28     1800   279   321   365   329   387   619   603   442   297   369
R28     1810   267   384   297   226   294   340   425   423   432   385
R28     1820   457   399   374   287   251   505   547   529   475   527
R28     1830   392   503   326   348   397   403   471   316   181   291
R28     1840   307   390   347   353   249   270   317   292   393   277
R28     1850   301   351   272   278   257   322   229   246   325   253
R28     1860   284   255   276   298   252   270   246   262   318   322
R28     1870   312   261   291   290   314   340   232   279   224   327
R28     1880   175   257   177   318   179   239   287   249   297   291
R28     1890   262   260   179   289   185   277   253   304   258   170
R28     1900   370   275   318   322   436   359   352   384   344   185
R28     1910   358   295   232   191   374   286   252   234   333   333
R28     1920   312   161   236   271   388   405   246   250   316   263
R28     1930   344   326   284   194   198   330   234   234   398   364
R28     1940   327   329   275   279   275   324   254   198   215   197
R28     1950   178   368   392   356   233   156   304   216   325   297
R28     1960   464   318   321   220   141   301   255   218   235   235
R28     1970   250   274   243   257   244   304   256   259   251   208
R28     1980   256   203   167   211   332   323   211   237   306   283
R28     1990   301   236   246   145   275   294   303   120   265   193
R28     2000   315   205   162   244   212   185   196   185   206   149
R28     2010   227   203   241   222   343   222 -9999
R30     1813   785  1073   580   646   906   933   662
R30     1820   771   452   826   857   925  1016   717   858   899  1039
R30     1830   734   759   616   811   826   948   884  1347   903  1754
R30     1840  1255  1450  1291  1014   474   645   674   716   794   713
R30     1850   600   653   539   758   704   787   675   697   720   556
R30     1860   808  1297  1012  1027  1940  1731  1274  1378  1073  1730
R30     1870  1890  1899  1085  1429  1095  1195   756  1134   986  1290
R30     1880   742   903   592  1267  1210  1423  1276  1358  1238  1535
R30     1890  1084   855   899  1212   653   848  1246  1764  1747   615
R30     1900  1181  1739  1509  1359  2023  1548  1236  1582  1540  1074
R30     1910  1087   951  1059   988  1158   969   934  1285  1433  1408
R30     1920  1392   949  1141  1245  1530  1319  1016  1041  1046   995
R30     1930  1042   998   955  1009  1115  1337  1145  1100  1464  1449
R30     1940  1437  1487  1628  1535  1488  1934  1343  1001  1350  1305
R30     1950  1327  1628  1634  1470   897  1246   919   990  1778  1578
R30     1960  1629  1966  1487  1335   698  1524  1332  1205  1070   937
R30     1970   991  1295   928   804   740  1012   877  1134   940  1200
R30     1980  1079  1187   953   923  1097  1045  1049   981  1241  1067
R30     1990  1409   948  1165   735   892   951   982   807  1176   879
R30     2000  1188  1342  1224  1290  1388  1155   987  1087  1029  1229
R30     2010  1143   998   860  1300  1340  1263 -9999
R32     1861   389   334   352   548   361   355   424   413   528
R32     1870   398   426   484   339   418   381   386   546   320   440
R32     1880   282   424   295   422   824   721   672   620   559  1024
R32     1890   993   675   494   663   299   380   353   764   892   388
R32     1900   709   813   686   661   947   868   577   817   515   550
R32     1910   784   556   626   503   691   661   689   420   827   744
R32     1920   738   582   537   332   566   526   476   294   547   428
R32     1930   369   361   264   221   371   307   449   427   662   656
R32     1940   728   817   984  1004   930  1109   884   975   754   933
R32     1950   760   767   805   725   547   597   446   408   481   334
R32     1960   645   339   295   351   345   561   482   285   237   284
R32     1970   248   240   250   191    96   176   263   406   300   360
R32     1980   443   538   373   511   388   478   455   341   405   557
R32     1990   522   406   587   535   724   701   579   437   541   304
R32     2000   446   577   522   607   549   365   375   557   565   539
R32     2010   464   374 -9999
R39     1674   278   360   423   613   581   708
R39     1680   443   328   607   573   522   777  1015   687   644   497
R39     1690   602   507   491   613   455   508   603   474   388   303
R39     1700   336   178   232   293   199   304   283   457   344   285
R39     1710   243   404   206   343   243   216   376   304   314   305
R39     1720   377   325   272   252   358   263   326   252   334   353
R39     1730   479   517   489  1050   803   591   856  1019   655  1069
R39     1740   868  1144   787   941   822   635   552   935   829   759
R39     1750   950   962   705   611   372   374   526   527   477   708
R39     1760   648   903   580   777   913  1174   958  1136  1067   905
R39     1770  1097  1071   940   896  1043   591  1092  1406  1067  1163
R39     1780   944  1158  1283  1343  1384   949   915   921   884  1012
R39     1790   896  1153  1349  1257  1636  1477  1876  1635  1122   866
R39     1800  1066   653   675   837  1044   956   740   792   718   610
R39     1810   389   221   330   253   585   652   868  1008   874   684
R39     1820   421   712   731   641   713  1459  1103  1084  1023   883
R39     1830   894   880   661   763   953   700   800   565   398   552
R39     1840   490   619   745   545   371   486   771   942   938   749
R39     1850   605   733   920   794   745   844   686   603   553   429
R39     1860   440   378   483   602   721   496   394   479   624   882
R39     1870   909   811   832   760   827   858   426   668   813   701
R39     1880   244   491   415   434   516   665   739   565   758   895
R39     1890   776   835   622   523   510   674   678   805   908   242
R39     1900   609   663   731   539   837   919  1031  1176   923   742
R39     1910   952   864   709   622  1012   858   447   640   706   688
R39     1920   857   522   704   423   782   627   759   496   644   585
R39     1930   732   784   429   428   578   387   402   438   741   621
R39     1940   775   702   670   488   833   821   483   456   388   421
R39     1950   390   445   568   388   182   528   233   266   503   359
R39     1960   537   562   351   482   332   627   565   405   463   332
R39     1970   418   431   357   390   213   338   189   295   293   269
R39     1980   298   317   285   273   311   316   372   348   344   280
R39     1990   368   316   595   221   515   493   349   193   280   245
R39     2000   437   435   336   588   419   421   460   350   452   415
R39     2010   395   199 -9999
R40     1744   512   324   369   413   402   379
R40     1750   365   518   401   344   424   524   707   846   862   955
R40     1760   967   768   849  1164   726   397   330   406   447   330
R40     1770   434   419   349   261   344   334   599   469   373   452
R40     1780   352   351   473   496   461   356   429   251   351   373
R40     1790   318   388   555   546   580   558   697   386   430   309
R40     1800   438   457   610   531   638   564   341   427   195   203
R40     1810   136   116   135   131   164   187   300   371   292   169
R40     1820   221   183   234   243   227   444   316   308   387   302
R40     1830   251   383   222   293   437   390   484   335   230   397
R40     1840   237   353   398   362   354   456   558   438   544   485
R40     1850   454   461   448   558   475   450   380   500   444   310
R40     1860   391   353   461   461   678   678   568   551   665   736
R40     1870   666   569   606   531   573   663   494   895   690   844
R40     1880   479   680   421   636   631   771   792   596   811  1114
R40     1890   955   800   547   597   410   724   716  1038  1029   371
R40     1900   880  1012   933   792   789   934   814  1116  1016   714
R40     1910   718   642   672   634   873   878   770   631   770   864
R40     1920   813   585   556   507   633   641   550   514   596   573
R40     1930   711   696   748   640   595   788   825   872  1074  1000
R40     1940   918  1115   958   749   843   959   887   709   901   752
R40     1950   614   909  1241  1372   978   993   880   681  1104   929
R40     1960  1233   898   882   903   600  1108   998   817   913   920
R40     1970   989   975   641   744   505   508   493   888   788   703
R40     1980   725   833   598   632   622   594   440   588   624   783
R40     1990   966   775  1059   750   933   917  1027   703  1249   721
R40     2000  1061  1248   881  1172  1508  1252   940  1001   629   880
R40     2010  1066   693 -9999
R48     1813   479   892   859   908   737   999   513
R48     1820   398   612   745   567   270   226   205   354   506   656
R48     1830   395   711   644   514   596   567   792   589   476   707
R48     1840   567   743   752   632   603   643   788   841  1139   808
R48     1850   859   827   611   768   840   829   710   856   840   634
R48     1860   744   682   613   635   822   874   502   840   767   889
R48     1870   963   819   785   740   772   791   526   688   888   960
R48     1880   429   592   361   684   600   687   796   658   788  1298
R48     1890   892   974   837   752   593   809   546   806   696   269
R48     1900   703   768   778   605  1122   987   978  1105   986   825
R48     1910   945   895   802   596  1019   818   556   642   905   924
R48     1920   979   663   820   619  1029   933   751   640   871   825
R48     1930   845   710   671   622   884   671   815   734   896   759
R48     1940   721   869   794   528   683   620   492   565   482   557
R48     1950   480   539   585   622   517   678   413   316   485   416
R48     1960   600   478   401   435   477   923   897   868   711   692
R48     1970   948   759   695   742   471   713   659   879   924   831
R48     1980   902  1043   753   903   810   768   706   727   864  1035
R48     1990  1082   754   779   636   770   745   742   563   790   529
R48     2000   770   828   664   662   795   542   405   484   541   645
R48     2010   639   450 -9999
R51     1775   645   707   647   598   567
R51     1780   337   695   464   582   391   466   529   294   381   449
R51     1790   338   497   550   474   623   613   653   524   595   334
R51     1800   366   333   401   295   405   568   402   532   261   783
R51     1810   434   348   391   305   396   431   446   481   478   457
R51     1820   440   333   506   387   290   518   577   565   454   565
R51     1830   527   527   325   453   410   477   494   395   376   460
R51     1840   498   536   639   491   310   455   462   336   474   472
R51     1850   397   593   453   469   424   461   373   406   461   345
R51     1860   406   385   323   491   423   442   523   491   497   468
R51     1870   507   538   473   385   305   468   274   370   332   449
R51     1880   156   326   357   496   533   459   585   471   587   565
R51     1890   418   434   408   412   287   381   371   394   442   193
R51     1900   367   364   366   478   558   428   426   494   432   349
R51     1910   393   346   481   410   378   279   274   327   447   431
R51     1920   455   402   415   330   465   452   425   479   452   452
R51     1930   458   490   477   455   398   356   319   401   502   511
R51     1940   512   515   468   362   457   509   386   374   460   427
R51     1950   421   491   592   562   455   487   248   301   390   229
R51     1960   576   750   515   537   326   618   580   676   513   555
R51     1970   625   665   513   607   515   625   508   630   561   621
R51     1980   609   721   692   617   697   617   602   629   588   510
R51     1990   534   470   497   317   486   463   477   380   476   301
R51     2000   517   422   416   479   390   302   409   387   415   448
R51     2010   468   327 -9999
R53     1890   522   799   608   726   543   696   642   801   804   439
R53     1900   870   598   594   441  1198  1268  1362  1662  1335  1362
R53     1910  1223   931   992   736  1061   995   734   782  1051   920
R53     1920   946   785  1075   914  1291  1294   978   903   949  1062
R53     1930  1364  1249   962   727  1304  1401  1240  1082  1535  1292
R53     1940  1519  1416  1273   980  1309  1540  1299  1313   989  1001
R53     1950   857  1542  1339  1201   952   978   850   425   839   921
R53     1960  1669  1851  1311  1434   838  1854  1589  1333  1504  1364
R53     1970  1306   953  1016  1159   598  1077   907  1123   939  1236
R53     1980  1016  1123  1152  1247  1035  1076  1100  1187  1392  1575
R53     1990  1376  1036  1617  1069  1242  1249  1259  1008  1447   941
R53     2000  1720  1602  1136  1500  1813  1602  1318  1226  1057  1149
R53     2010  1066   874 -9999
R55     1656   380   153   294   639
R55     1660   449   239   543   565   651   374   275   386   672   382
R55     1670   201   333   244   294   385   270   200   337   410   259
R55     1680   303   291   220   187   144   280   333   401   498   533
R55     1690   584   906   602   560   736   523   892   747   486   569
R55     1700   366   377   386   365   322   224   372   223   682   825
R55     1710   396   553   818   478   420   276   377   726   497   328
R55     1720   534   455   480   521   948   621   663   775   722   790
R55     1730   779   817  1032   938   872   616  1155   911   810   900
R55     1740   861  1082   628   728   924  1011   487   800   628   678
R55     1750   603   641   607   491   308   372   655   609   758   672
R55     1760   875   633   718   764   755  1007   914   917  1000  1108
R55     1770  1487  1348  1160   696   950   901  1560  1037   993  1112
R55     1780   929  1034  1106  1188   923  1138   949   816   790  1237
R55     1790   997  1063  1488  1129  1142  1025  1298   754   864   777
R55     1800   880   652   550   766   924   921   594   469   440   490
R55     1810   225   296   390   229   554   424   469   520   452   349
R55     1820   298   325   382   220   243   501   379   461   488   536
R55     1830   364   457   375   396   496   493   504   412   317   329
R55     1840   278   391   347   376   248   464   500   532   555   390
R55     1850   441   545   379   468   443   417   397   429   429   287
R55     1860   446   369   354   398   425   422   376   300   394   369
R55     1870   325   264   331   353   421   431   236   337   335   508
R55     1880   285   364   222   509   503   488   348   251   340   349
R55     1890   349   358   350   305   331   435   479   480   219   226
R55     1900   219   222   246   279   293   208   316   246   223   312
R55     1910   298   180   104   203   304   303   227   121   227   406
R55     1920   315   293   227   343   390   548   438   429   513   514
R55     1930   458   367   424   367   453   541   521   603   698   778
R55     1940   562   839   758   764   771   851   888   791   670   653
R55     1950   472   686   998  1053   722   592   643   521   666   546
R55     1960   808   762   782   796   679   999   938   669   598   636
R55     1970   613   636   506   550   406   629   518   654   661   774
R55     1980   751   784   669   554   730   700   565   606   890   860
R55     1990   892   775   951   533   689   654  1005   540   823   764
R55     2000  1177   912   636   719  1294   935   697   907   826   747
R55     2010   680   615 -9999
R59     1799   248
R59     1800   312   338   252   299   318   442   550   346   419   307
R59     1810   425   156    55   273   176   235   227   305   289   221
R59     1820   158   197   216   159   189   293   265   271   376   312
R59     1830   306   287   220   339   342   259   406   313   244   318
R59     1840   172   378   318   310   208   249   383   354   305   202
R59     1850   218   203   176   383   329   321   267   282   219   236
R59     1860   241   190   296   362   359   182   156   263   327   452
R59     1870   425   469   529   356   434   683   451   613   429   596
R59     1880   414   460   389   469   426   413   513   359   342   467
R59     1890   370   390   259   285   245   378   221   397   410   229
R59     1900   501   397   403   378   426   409   359   431   429   367
R59     1910   404   403   317   267   290   319   320   180   331   368
R59     1920   239   113   170   243   290   303   220   226   307   270
R59     1930   345   326   337   242   419   412   450   510   597   643
R59     1940   644   798   746   612   740   789   761   641   665   705
R59     1950   346   743   811   672   593   595   758   635   730   563
R59     1960  1062   973   950  1055   656  1141   896   666   843   677
R59     1970   641   694   543   590   386   543   605   717   534   494
R59     1980   600   695   423   545   621   591   511   506   656   725
R59     1990   967   669   852   493   624   607   634   364   610   377
R59     2000   710   716   496   605   803   499   523   498   450   689
R59     2010   668   424 -9999
R29     1754   314   369   701   549   494   574
R29     1760   574   497   324   397   819   812   868  1044  1127  1364
R29     1770  1584  1214  1115   980  1025  1084  1941  1505  1062   872
R29     1780   765   977  1181  1206   824   643   641   375   457   644
R29     1790   500   883   704   698   882   689  1007   708   962  1197
R29     1800  1067   602   675   767  1077  1167  1128   665   497   649
R29     1810   294   398   340   317   470   442   589   561   622   404
R29     1820   516   552   364   331   316   735   509   579   605   501
R29     1830   402   433   305   369   387   467   433   385   264   490
R29     1840   403   522   524   501   264   450   444   521   586   388
R29     1850   503   537   484   443   450   471   418   426   552   405
R29     1860   453   460   433   602   446   520   567   575   588   555
R29     1870   514   472   532   515   453   653   361   418   268   314
R29     1880   252   300   179   490   489   579   441   445   500   509
R29     1890   394   435   356   310   208   295   403   377   359   175
R29     1900   369   397   384   455   520   441   405   484   476   420
R29     1910   531   453   474   402   574   421   336   314   448   506
R29     1920   473   358   377   295   392   445   350   354   408   410
R29     1930   475   508   429   397   442   484   575   544   752   718
R29     1940   562   696   593   474   517   595   582   517   535   522
R29     1950   447   595   698   544   511   435   460   309   581   442
R29     1960   625   650   409   552   373   684   592   510   477   646
R29     1970   614   588   460   397   297   449   488   429   384   376
R29     1980   412   420   428   538   467   513   397   471   510   643
R29     1990   565   426   533   362   505   482   466   435   714   535
R29     2000   670   707   624   519   843   523   399   424   384   698
R29     2010   665   507   545   588   744   838 -9999
R34     1655   303   275   309   396   385
R34     1660   552   470   488   454   283   274   115   169   135   138
R34     1670   175   161   382   369   401   330   353   393   369   348
R34     1680   396   424   588   405   353   527   539   459   484   385
R34     1690   573   441   469   487   342   381   443   432   307   296
R34     1700   289   213   215   310   221   407   318   390   674   492
R34     1710   446   399   307   337   359   136   463   607   482   571
R34     1720   620   610   600   621   337   484   357   377   542   575
R34     1730   599   530   685   446   529   484   549   608   317   435
R34     1740   535   754   885   668   767   799   756   580   612   655
R34     1750   647   463   449   486   444   233   202   205   221   268
R34     1760   392   423   431   473   579   695   798   684   582   556
R34     1770   594   632   800   686   666   604  1228   943   734   667
R34     1780   611   884   671   798   737   641   632   524   736   831
R34     1790   807   801   847   969  1132  1067  1591   796   903   791
R34     1800  1025   948  1016   959  1189  1270   852  1044   848   829
R34     1810   383   515   710   444   625   629   779   821   686   590
R34     1820   563   562   576   636   577   824   647   667   649   742
R34     1830   657   858   498   620   645   540   604   491   336   493
R34     1840   438   521   541   366   250   296   562   638   572   423
R34     1850   522   687   524   527   484   436   330   432   471   306
R34     1860   423   299   350   509   419   413   341   401   385   536
R34     1870   506   467   517   487   506   588   326   320   362   558
R34     1880   244   430   331   501   386   532   480   456   429   558
R34     1890   419   504   420   523   245   319   420   478   498   162
R34     1900   444   357   476   429   639   614   535   703   622   502
R34     1910   579   611   558   442   653   485   283   441   649   668
R34     1920   703   323   471   281   447   433   465   382   476   468
R34     1930   571   492   333   262   223   396   340   459   675   469
R34     1940   510   541   380   342   601   631   439   413   478   459
R34     1950   464   658   817   473   291   408   365   260   629   374
R34     1960   626   644   527   593   310   577   500   550   635   491
R34     1970   545   461   414   522   270   423   354   409   395   345
R34     1980   438   462   282   374   445   445   352   443   484   434
R34     1990   481   381   611   359   616   665   604   333   670   365
R34     2000   676   804   547   806   695   484   446   537   396   619
R34     2010   370   231 -9999
R46     1545   169    85   275   243   256
R46     1550   197    53   672   600   604   157   346   577   566   136
R46     1560   336   127   433   444   148   105   443   601   485   379
R46     1570   232    74   338   370   941   486   265   286   433   317
R46     1580   265   159   307   412   474   274   347   336    42   273
R46     1590   136   325   409    63   220   137    73   230   157   220
R46     1600   387   336   317   517   285   263    63   381   137   402
R46     1610   328    59   176   243   434   324   137   232   507   336
R46     1620   295   356    95   296   791    85   582   455   497   529
R46     1630   920   296   508   370   254   338   264   137   169    70
R46     1640   102   349   106   180   180   296   359   497   423   265
R46     1650   349   265   201   233   286   307   349   381   212   169
R46     1660   190   148   116   157   583   718   163   169   119   629
R46     1670   365   290   610   569  1356  6814  4588  1914  3435   567
R46     1680  4281   857   346   150   802   373   756   577   623   552
R46     1690  1125   523   536   591   449   281   497   491   519   458
R46     1700  1583   387   565  1281   512   491   479   648   459   302
R46     1710   337   827   500   470   232   580   281   828   417   371
R46     1720   237   428   379   412   295   146   215   309   285   298
R46     1730   493   455   295   220    96   251   181   198   375   247
R46     1740   594   469   442  1297   967   121   381   277   376   114
R46     1750   678   349   366   662   327   383   749   262   176   291
R46     1760    93   465   366   218   268   252   470   310   384   674
R46     1770   450   213   285   420   324   199   236   236   608   307
R46     1780   293   957   331   802   589   358   337   428   334   738
R46     1790   277   663   270   171   258  1556   193   322   139   128
R46     1800   312  1404   651  1106   600   392   360   426   296   963
R46     1810   656   324   319  1433   308  2125  1347   617   770   565
R46     1820   790   629   570   991   596   422   279   438   437   924
R46     1830   333   573   800   223  1387   422   292   604   321   344
R46     1840   561   520   224   444   370   270   752   334  3283   440
R46     1850   526  1834  1446   455   307   383  4837   385   857   420
R46     1860  1284   474  1216  3019  1767  1503  1361  3332   210   257
R46     1870   329   315   235   243   123   194   185    87   189   188
R46     1880   203   191   127   275   261   255   340   135   247   282
R46     1890   199   212    95    98    60   201   174   188   222   198
R46     1900   161   154   173   202   174   267   201   230   177   134
R46     1910   205   243   172   116   161   172   155    83   243   243
R46     1920   241   104   179   147   235   194   188   196   191   164
R46     1930   233   282   134    56   148   222   172   132   316   242
R46     1940   269   309   212   238   307   316   160   209   186   126
R46     1950   101   351   302   201   106    94   147   183   363   191
R46     1960   316   357   296   268   102   314   291   144   273   296
R46     1970   218   148    71   228    86   277   237   361   317   256
R46     1980   305   372   235   300   266   280   357   384   358   313
R46     1990   308   117   350   212   287   331   304    77   235    69
R46     2000   266   326   191   375   313   273   266   300   192   331
R46     2010   342   151 -9999
R27     1645   561   454   148   212   137
R27     1650   518   275   392   254   243   265   233   243   212   286
R27     1660   286   264   582   381   381   370   317   148   476   370
R27     1670   286   222   222   190   159   148    63   296   592   264
R27     1680   307   243   635   254   413    85   254   169   427   220
R27     1690   199   440   532   167    74   412   590   263   211   263
R27     1700   166   114   125   260   177   208   474   379   495   642
R27     1710   800   369   559   602   801   147   226   139   357   972
R27     1720  1073   514   694   849   807   939   928   666   518   525
R27     1730   295   404  1274   673   863   394   764   551   849   483
R27     1740   462   441   164   751   408   683   615   581   396   558
R27     1750   589   511   180   368   480   471   274   569  1757   727
R27     1760   446   797   518   500  1099   580   995   796   925  1494
R27     1770   640   584  4477   613   402   740   458   520   532   942
R27     1780   978  1367   650   105   331   580   615   440   624  1126
R27     1790  1819   789   638   133  1195  1077  1828  1121  1040   980
R27     1800  1128   699   582   639   960   849   706   558   275   422
R27     1810   163   283   275   309   380   369   522   569   483   417
R27     1820   468   427   513   396   375   587   563   489   613   627
R27     1830   456   509   331   505   510   482   569   440   305   337
R27     1840   270   348   336   366   359   423   435   413   404   328
R27     1850   325   388   327   421   395   394   344   405   464   320
R27     1860   300   318   269   416   412   453   329   303   361   360
R27     1870   332   331   406   358   324   359   171   268   319   379
R27     1880   243   334   193   366   312   467   492   356   447   534
R27     1890   457   532   372   413   230   392   385   459   457   262
R27     1900   436   347   296   335   406   481   486   742   676   599
R27     1910   580   523   525   420   494   452   438   336   485   579
R27     1920   625   455   483   431   497   436   431   364   371   374
R27     1930   381   404   338   319   367   319   275   335   446   386
R27     1940   412   531   441   338   411   411   372   433   592   490
R27     1950   334   604   756   529   467   471   449   338   506   294
R27     1960   482   477   482   646   565   954   941   834   823   828
R27     1970   875   696   505   663   563   730   716   893   821   725
R27     1980   735   834   828   826   781   718   619   731   788   769
R27     1990   880   677   755   490   561   615   560   380   518   545
R27     2000   733   737   633   658   754   549   552   535   439   496
R27     2010   468   446   553   580   766   745 -9999
