R61     1936  1607  1555  1534  1372
R61     1940  1556  1756  1784  1217  1855  1995  1479  1861  1353  1301
R61     1950  1720  1913  1493  1333   981  1106  1092  1378  1754  1380
R61     1960  1635  1310  1235  1603   962  2076  2016  1954  2028  1908
R61     1970  1916  1189  1120  2064  1205  2010  1899  2764  2138  1719
R61     1980  1461  1222   868   970  1276  1065  1174  1210  1297  1233
R61     1990  1533  1193  1352  1477  1657  1836  1562   881  1677  1029
R61     2000  1893  2223  1454  1790  1535  1783  1694  1687  1557  1867
R61     2010  1899  1547  1801  1642  1991  2352 -9999
R62     1682  1098   857   636   382   490   241   302   239
R62     1690   308   286   675   558   424   417   512   601   889   684
R62     1700   705   647   410   550   484   453   458   613   882   802
R62     1710   429   464   737   673   512   615   555   743   676   398
R62     1720   631   657   542   640   721   914   785   899   767   912
R62     1730   875   807   763   710   736   632   883   726   714   602
R62     1740   612   580   616   811   895   615   519   558   610   648
R62     1750   588   668   441   544   780   942   827   893   754   793
R62     1760   834   744   726   752   757  1011   831  1081  1203   972
R62     1770   801   933   989   910  1355  1291  1154  1263  1120  1069
R62     1780  1009   932  1282  1349  1133  1051  1168  1490  1122   922
R62     1790   974  1135  1195   878   983  1386  1055  1184  1020   960
R62     1800   936   806   693  1025   916   995  1502   990  1304   964
R62     1810  1188   636   439   363   467   386   502   441   509   522
R62     1820   581   737   698   581   675   670   543   742   805   797
R62     1830   742   830   746   734   722   644   592   632   644   689
R62     1840   475   549   446   515   448   508   667   544   549   649
R62     1850   548   713   586   636   686   671   618   607   561   465
R62     1860   510   427   535   507   493   437   435   454   535   421
R62     1870   393   412   625   482   674   624   547   698   675   541
R62     1880   285   653   502   454   360   482   381   461   439   383
R62     1890   500   359   458   337   395   520   522   457   415   321
R62     1900   460   482   437   329   451   389   431   469   426   341
R62     1910   403   539   476   454   528   419   279   383   541   554
R62     1920   456   377   494   465   476   456   459   475   544   624
R62     1930   670   641   528   505   539   615   648   513   551   638
R62     1940   738   758   772   726  1028   925   727   689   985   602
R62     1950   503   604   531   490   404   538   536   483   555   456
R62     1960   555   451   507   441   382   488   623   449   405   461
R62     1970   505   465   264   521   351   436   490   590   355   393
R62     1980   455   491   353   363   482   425   391   421   465   372
R62     1990   449   330   347   336   484   410   335   249   391   211
R62     2000   416   444   410   463   383   334   426   402   245   318
R62     2010   304   222   264   288   314   326 -9999
R63     1953  4332  3274  4171  2772  2554  4513  2602
R63     1960  2569  1907  1726  2051  1502  3121  2570  2759  1789  2745
R63     1970  2702  2359  2548  3805  3187  3832  3083  4072  2884  2703
R63     1980  2572  2856  1821  1843  2035  2346  2415  2591  2502  2526
R63     1990  3572  2344  2834  2936  3170  2526  2746  1821  2909  2440
R63     2000  3094  3062  2089  1955  2047  2100  1927  1938  1626  2228
R63     2010  2666  2187  2349  2087  2352  2626 -9999
R64     1804  1302  1839  1581  1291  1270  1609
R64     1810   762   992   886  1056  1311  1077  1265  1372  1431   693
R64     1820   734   833   975   852  1023  1173  1138   971  1418  1334
R64     1830  1015  1730  1245  1601  1846  1500  1132  1372  1114  1387
R64     1840   899  1069  1687  1774  1547  1495  1752  1888  1859  1733
R64     1850  1400  1506  1278  1227  1258  1271  1072  1239  1339  1244
R64     1860  1695  1738  1344  1662  1131  1487   771   664   838  1038
R64     1870  1150  1228  1467  1421  1433  1773  1034  1239  1139  1676
R64     1880  1032   820  1137  1263  1208  1358  1515  1204  1160  1385
R64     1890  1731  1564  1095  1087   900  1474  1370  1251  1455   562
R64     1900  1045  1485  1287  1223  1246   987   888  1185  1122   734
R64     1910   680  1090   836   964   947   908   962   941   848   847
R64     1920  1054   945   962   825   930   877   911   913   854   923
R64     1930  1090  1143  1028   969   635  1241   902   855  1100  1028
R64     1940  1112  1002  1049   828  1218  1273   859   808  1240   925
R64     1950   815   804   751   649   532   868   697   624   984   637
R64     1960   870   742   911   908   697   994  1002  1120   858   977
R64     1970   879   836   804   797   533   722   658  1102   894   843
R64     1980   701   738   561   470   811   680   703   738   811   718
R64     1990   989   655   662   593   769   800   931   607   699   490
R64     2000   762   783   646   687   698   640   745   609   519   514
R64     2010   691   528   619   521   636   678 -9999
R65     1914  1801  2466  1658  1258  1627  2086
R65     1920  1629  1754  1452  1514  1639  1502  1615  1394  1716  1651
R65     1930  2017  2096  1992  1819  1781  1953  1654  1956  2047  1849
R65     1940  2093  1955  1573  1404  1578  1902  1556  1470  1854  1447
R65     1950  1614  1142  1058  1330  1245  1891  1555  1559  1906  1283
R65     1960  1518  1449  1599  1476  1371  2070  1834  1588  1344  1523
R65     1970  1609  1015  1119  1252  1033  1448  1556  1856  1638  1682
R65     1980  1448  1535  1119  1224  1290  1538  1161  1433  1350  1104
R65     1990  1415   846   975   858   752   520   426   336   411   382
R65     2000   485   549   645   606   536   506   659   603   624   933
R65     2010   564   508   624   601   613   692 -9999
R66     1806   532   659   697   880
R66     1810   347   505   833   520   915   776  1032  1142  1071   659
R66     1820   682  1000  1063   857   952  1315  1472   964  1543  1137
R66     1830  1368  1081  1092  1411  1748  1313  1031  1600  1140  1610
R66     1840  1085  1720  1818  1930  1438  1613  1774  1694  2005  1580
R66     1850  1545  1670  1645  2048  2070  1968  1622  1838  1900  1665
R66     1860  1716  1542  1646  1695  1487  1746  1294  1320  1272  1139
R66     1870  1091  1364  1653  1544  1610  1278  1142  1875  1374  1550
R66     1880  1312  1486  1278  1219  1408  1597  1637  1367  1657  1755
R66     1890  1683  1691  1115  1153   817  1221   937  1127  1656   712
R66     1900  1308  1500  1182  1239  1436  1344  1136  1544  1239  1121
R66     1910  1268  1225   815   944  1202  1195   942  1110  1346  1342
R66     1920  1513  1230  1096  1008  1200  1094  1100  1032  1328  1166
R66     1930  1210  1350  1214  1270   934   975   827   811   736   694
R66     1940   779   933   791   743   953   833   771   782   818   570
R66     1950   538   588   526   502   412   554   586   471   427   325
R66     1960   507   407   435   461   256   495   549   420   371   314
R66     1970   391   345   356   485   227   279   430   488   347   324
R66     1980   371   325   163   187   314   296   366   306   299   276
R66     1990   321   281   329   242   466   408   389   195   285   135
R66     2000   320   382   279   275   245   240   255   219   180   245
R66     2010   180   158   186   213   169   172 -9999
R67     1887  1018  1610  1626
R67     1890  1886  2480  1554  1547   815  1487  1043  1511  1542   626
R67     1900  1886  1723  1544  1595  1023  1933   806  2000  2002  1719
R67     1910  1279  1572  1361  1182  1746  1569   791   782   964  1344
R67     1920  1349   983   938  1026  1147  1410  1096  1434  1614  1116
R67     1930  1387  1590  1276  1410  1354  1453  1317  1045  1485  1737
R67     1940  1674  1465  1645  1306  1551  1575  1538  1148  1976  1065
R67     1950  1057   902   784   724   481   897   814  1120  1168   714
R67     1960   996   874   931  1139   690  1462  1387  1047  1065  1041
R67     1970  1212   956   611   956   489   799   915  1266   765   759
R67     1980  1036  1008   583   598   800   832   782   822   721   652
R67     1990   873   499   948   900  1712  1380  1098   545  1620   986
R67     2000  1639  1510   947  1114  1065  1164  1960  1445   923  1226
R67     2010  1044   711  1003   683  1016  1381 -9999
R68     1926  2111  2022  1230  1605
R68     1930  1593  1857  1132   994  1045  1811  1910  2011  2469  2004
R68     1940  2002  1723  1930  1971  2866  2386  2879  2802  3014  2739
R68     1950  2394  3494  3015  2624  2466  2732  2816  2788  3286  2163
R68     1960  2727  2067  1908  2067  1317  1694  1718  1589  1911  1871
R68     1970  1708  1503  1207  2036  1222  1747  1876  1891  1377  1273
R68     1980  1370  1245   925  1079  1301  1128  1011  1128  1183  1266
R68     1990  1372   957   969   913  1195   904   858   790  1145   558
R68     2000  1001  1231  1152  1132   883  1065  1218  1081   942  1458
R68     2010  1467  1505  1547  1913  1767  1525 -9999
R69     1935  3283  1764  1795  2534  2239
R69     1940  2832  3028  2525  2032  3199  3023  2603  3014  2885  2435
R69     1950  2412  2955  2708  2553  1753  1996  1659  2013  2589  2110
R69     1960  2884  2336  2313  2445  1598  3520  2936  2516  2609  2074
R69     1970  2036  1651  1605  3260  1931  2814  2254  2422  1879  1884
R69     1980  1836  1845  1442  1578  1785  1782  1793  1602  1683  1621
R69     1990  1800  1319  1593  1324  1661  1508  1582  1334  1907  1294
R69     2000  1589  1668  1182  1061   908  1005   989   715   600   742
R69     2010   676   564   611   521   544   451 -9999
R70     1849  2387
R70     1850  1873  2586  2002  1486  1436  2220  2558  1933  2311  2365
R70     1860  1981  1701  1723  1601  1204   835   669  1075  1259  1380
R70     1870  1267  1222  1398  1041  1475  1468  1224  1698  1525  1346
R70     1880   618  1003  1036  1157  1256  1297  1251   940  1469  1187
R70     1890  1237  1587  1341  1113   947  1315   869  1202  1146   461
R70     1900  1156  1378  1277  1216  1551  1155  1331  1532  1439  1135
R70     1910  1353  1253  1197  1116  1684  1418   862  1149  1450  1599
R70     1920  1659  1320  1636  1336  1666  1604  1317  1330  1841  1930
R70     1930  1826  1411  1507  1026  1250  1702  1775  1449  1727  1660
R70     1940  1838  1864  1467   976  1493  1245   821   807  1107  1118
R70     1950   838  1130  1006   911   863   966   668   675   966   474
R70     1960   613   484   480   679   534   838   548   679   649   688
R70     1970   858   485   361   539   457   703   674   956   612   738
R70     1980   803  1106  1065  1314  1317  1842  1398  1361  1176  1137
R70     1990  1002   675   857   872  1080   959   732   294   585   259
R70     2000   495   584   448   623   506   458   596   419   300   413
R70     2010   329   188   196   235   249   302 -9999
R71     1940  3039  2852  3198  2766  3658  4352  4625  4266  3749  3490
R71     1950  3202  3503  3513  3481  2984  3754  1661  1410  2678  2133
R71     1960  2706  2892  2532  3131  2245  3828  3784  4113  3697  3507
R71     1970  4061  2592  2907  4388  3256  3423  2720  3737  3141  2810
R71     1980  2747  2669  1884  2563  2538  2282  2367  2975  2709  2791
R71     1990  3343  2606  2593  2275  2338  1956  1934  1332  2350  1537
R71     2000  2202  2317  1611  1489  1854  1959  1645  1219  1048  1286
R71     2010  1263  1107  1585  1262  1380  1521 -9999
R72     1884  1989  2430  2250  1477  2937  4337
R72     1890  3394  3384  1903  1572  1583  2678  1858  2924  2468   926
R72     1900  3018  2922  2075  1607  1857  1700  1336  2141  1791  1247
R72     1910  1919  1829  1683  1759  2463  1974  1169  1573  1804  1648
R72     1920  2860  1650  2536  1495  1831  2568  2574  2565  3393  2731
R72     1930  3032  3173  2804  2494  3340  3077  2480  2714  2824  2808
R72     1940  3346  3219  2678  2373  2956  3126  2203  2354  2604  2247
R72     1950  1886  2114  2308  1722  1572  2570  1869  1641  2572  2261
R72     1960  3030  2256  1882  2361  1394  2085  2321  1759  1695  1733
R72     1970  1536  1106  1031  1678  1004  1091  1115  1772  1436  1273
R72     1980  1285  1199   868   875   853   936   856   981   842   674
R72     1990   827   466   514   410   470   419   404   204   376   287
R72     2000   383   536   453   445   308   218   288   219   207   167
R72     2010   212   142   221   237   216   154 -9999
R73     1943  1402  2317  2366  2549  2448  2512  1793
R73     1950  1144  2216  2352  2208  1435  1519  1388  1937  4067  2552
R73     1960  5764  2337  1507  1925   837  2907  2729  3045  3192  2704
R73     1970  2577  2645  2686  4167  2758  3693  3055  4267  3384  2650
R73     1980  2881  2728  1797  2544  2721  2407  2240  2671  2562  2660
R73     1990  3291  3125  3465  3115  3081  3251  3421  2654  4410  3118
R73     2000  3682  3915  3208  3056  3171  3387  3306  3089  2433  2837
R73     2010  2617  2405  2848  2788  2861  2793 -9999
R74     1861   258   444   429  1011  1088  1864  2589  1204   935
R74     1870   646   438   460   314   420   465   316   443   317   221
R74     1880   517   422   327   379   179    84   106   232   538   768
R74     1890   546   883   567   462   231   535   283   567   610   126
R74     1900   526   862   820   735   797  1155  1384  1791   998  1045
R74     1910  1672  1357  1148   942  1028  1156  1032  1031  1113  1198
R74     1920  1859  1143  1829  1293  2152  2415  1731  1786  2053  2877
R74     1930  4007  4473  3641  2533  3403  4954  3887  3771  4511  4238
R74     1940  4564  3411  3672  2602  3589  3788  3473  2986  3344  2722
R74     1950  2810  3590  3164  2215  2234  3031  2234  1572  3041  1462
R74     1960  2225  2313  2124  2208  1619  2365  2161  2551  2365  2219
R74     1970  2027  2031  1477  2095  1340  1683  1440  1816  1311  1362
R74     1980  1516  1551   927   705   624   561   645   822  1095  1085
R74     1990  1496  1193  1350  1158  1532  1598  1864  1459  2080   980
R74     2000  1903  1949  1790  1833  1738  1394  2063  1404  1159  1859
R74     2010  1565  1308  1469  1470  1464  1542 -9999
R75     1813  1169  1310  1613  1574  1857  2135  2003
R75     1820  1606  2089  3089  2137  1670  1501  2349  2137  1693  1454
R75     1830   991  1334  1051  1964  1654  1782  1394  1516  1135  1271
R75     1840   793   812   825  1180  1140   962   978  1149  1531  1374
R75     1850  1240  1237   958  1483  1327  1060  1041  1289  1467  1156
R75     1860  1068   777  1213  1519  1424  1676  1307  1261  1483  1332
R75     1870  1435  1488  1563  1266  1339  1102   855  1352  1063  1431
R75     1880   695   816  1045  1140  1415  1642  2096  1309  1321  1799
R75     1890  1728  2092  1337  1238   699  1067   637  1014  1273   514
R75     1900   981  1595  1326  1345  1592  1369  1255  2239  1676  1106
R75     1910  1084  1240  1060  1031  1583  1728  1275  1026  1375  1332
R75     1920  1265   910  1154  1251  1375  1584  1569  1749  1779  1955
R75     1930  1957  1960  1839  1569  1519  1789  1418  1490  1885  2057
R75     1940  2343  3086  2434  1733  1901  2224  1463  1415  1659  1268
R75     1950   909  1144  1249  1160   698  1002   706   705   931   460
R75     1960   657   486   568   611   346   581   636   512   635   511
R75     1970   710   559   421   637   433   610   574   881   515   525
R75     1980   748   721   467   473   726   706   668   809   742   527
R75     1990   817   464   521   518   757   538   533   245   487   178
R75     2000   410   435   275   322   161   173   188   120   113   236
R75     2010   419   274   134    42    35    56 -9999
R76     1939  3367
R76     1940  3909  2434  1604  1311  1754  1774  1515  1853  1533  1378
R76     1950  1383  1454  1899  2023  1351  1710  1323  1501  2139  2305
R76     1960  3288  2648  2721  3091  1240  2157  2723  3030  2829  2518
R76     1970  2324  1589  1115  2279  1408  2457  2529  2973  2623  2679
R76     1980  2945  3004  2006  2445  2694  2258  1997  2812  2479  2414
R76     1990  3031  2261  2261  2015  2430  2383  2287  1704  2656  1909
R76     2000  2582  2759  1970  2354  1929  2155  2279  2203  1490  1640
R76     2010  1753  1827  3176  3816  3946  2870 -9999
R77     1919  2133
R77     1920  1944  1688  3052  2433  3258  2658  1869  2714  3258  3241
R77     1930  2689  2612  2779  2598  2272  3332  3981  3164  3133  2839
R77     1940  3067  2503  3901  2552  2805  3098  3289  2483  3275  3355
R77     1950  4297  4540  3554  3162  2638  3280  2625  2400  3523  2449
R77     1960  2788  2783  2654  2047  1798  3267  3120  2961  2596  2668
R77     1970  2900  2203  1701  2240  1628  2169  2180  3145  3063  2979
R77     1980  2672  2697  2201  2660  2704  2699  2324  2954  2976  2372
R77     1990  3079  2115  1727  1911  2653  2139  2539  2170  2751  1654
R77     2000  2363  2190  1799  1890  1489  1746  1881  1794  1863  2148
R77     2010  1364  1173  1080  1111  1188  1529 -9999
R78     1832  1141   982  1806   319   391   459   400   461
R78     1840   383   459   335   529   473   762   821  1068  1472  1117
R78     1850  1000  1314  1074  1578  1626  1175  1735  1396  1847  1450
R78     1860  1461  1935  1998  1973  1770  1969  1684  1751  2009  2060
R78     1870  2450  2397  2472  2187  2475  2319  1516  2658  2058  2457
R78     1880  1101  1522  1917  2187  1686  1714  1923  1461  2017  2220
R78     1890  2482  2907  1797  2047  1366  1768  1504  1197  1797   552
R78     1900  1312  2320  1774  1411  2134  1786  1220  2517  2073  1819
R78     1910  1663  2046  1611  2167  2498  1635  1311  1737  1764  1652
R78     1920  1879  2018  1627  1566  1815  1996  1538  1408  1650  1725
R78     1930  1788  1800  1677  1141   898  1698  1570  1665  1873  1543
R78     1940  1772  1574  1459  1264  1656  1426   830   844  1536  1032
R78     1950   681   825   940   668   552   869   602   623   894   532
R78     1960   736  1222   923   907   905  1500  1304  1331   928  1121
R78     1970  1268   839   519   669   554   692   587   805   525   586
R78     1980   667   669   369   382   550   474   468   487   489   314
R78     1990   642   330   385   419   632   670   501   342   806   409
R78     2000   722  1059   700   887   741   461   835   560   250   402
R78     2010   532   371   546   502   715   851 -9999
R79     1864  4107  1895  1317  1437  1359  2084
R79     1870  2443  2317  2655  2705  1576  1979  1479  1008  1073  1107
R79     1880  1193   949   588  1169  1159  1206  1066  1166  1582  1484
R79     1890  2074  2351  1304  1821  1492  2089  1130  1886  1725   365
R79     1900  2134  2319  1993  2004  2574  1823  1202  2227  1985  1599
R79     1910  1429  1375  1238  2212  2915  1704  1404  2811  2445  1688
R79     1920  1889  1433  1833  1280  1578  1437  1269  1201  1563  1726
R79     1930  1662  1434  1517  1809  2071  2461  1669  1663  2331  1864
R79     1940  1976  1602  1464   938  1267  1732  1530  1575  1998  1564
R79     1950  1507  1605  1278  1312   973  1299   901  1077  1560   933
R79     1960   991  1164  1324  1152   917  1595  1559  1763  1533  1617
R79     1970  1642  1270   798  1115   683   946  1110  1482   864   792
R79     1980   981   958   786   716   851   836   757   902   953   655
R79     1990  1102   592   497   576  1044   706   695   513  1278   507
R79     2000   963   831   448   530   412   469   487   366   416   474
R79     2010   403   260   260   372   442   430 -9999
