R01     1759  1911
R01     1760  1466  1595  1311  1580  1511  1807  1816  2100  1829  1727
R01     1770  2339  2086  1881  2106  2287  1732  2256  2384  2451  2374
R01     1780  2076  2040  1994  2463  2159  2032  2381  1602  1959  1749
R01     1790  1576  2184  2034  2274  2497  2369  2211  1970  2155  1504
R01     1800  1383  1163  1775  1770  1834  2129  2068  2376  1503  1495
R01     1810   699  1399  1677  1510  1725  1275  1523  1670  1484  1432
R01     1820   982   980  1700  1558  1383  1916  1808  1810  1302  1336
R01     1830  1304  1256   867  1333  2039  1752  1336  1077  1140  1532
R01     1840  1204  1352   983  1196  1354  1012  1181  1138  1560  1204
R01     1850  1038  1377  1416  1695  1620  1420  1207  1163  1510  1313
R01     1860  1355  1154  1079  1313   802  1163  1053   893   874   759
R01     1870   738   772  1045  1004   979   974   705  1007  1015  1215
R01     1880   697   682   879   857   687   760   908   699  1009   883
R01     1890  1174  1593  1149  1102   768   909   839   805  1207   674
R01     1900   996  1157  1261  1139  1369  1132  1050  1205  1453  1078
R01     1910  1013  1206  1080  1159  1082   904   742   848  1049   954
R01     1920   958   706   955   990   945   827   814   814   813  1002
R01     1930  1028   995   854   948   924  1089  1066  1065  1206  1134
R01     1940  1291  1211  1016   894  1086  1059   833   678   925   687
R01     1950   638   805   646   689   545   628   502   673   736   532
R01     1960   725   704   646   774   622   700   706   735   714   686
R01     1970   763   694   475   702   413   630   475   806   573   713
R01     1980   911   752   583   598   702   708   647   830   707   520
R01     1990   743   433   609   444   724   582   773   537   960   612
R01     2000   766   825   689   751   669   674   673   584   534   562
R01     2010   550   481   582   590   832   920 -9999
R03     1811  1486  2178  2328  2701  2031  2286  2307  2179  1734
R03     1820  1397  1575  2576  2438  2351  3211  3121  3059  1831  2478
R03     1830  2276  2099  1522  2531  2713  3028  2104  2082  1580  2550
R03     1840  2269  2721  2221  3297  2736  2328  2478  1776  2816  1985
R03     1850  1926  2846  2805  2628  2661  2432  1622  1955  2199  2059
R03     1860  2342  2163  1508  2303  1729  2175  1902  1596  1850  1718
R03     1870  1693  1776  2065  1692  1809  1599  1139  1735  1927  2115
R03     1880   845   929  1153  1420  1087  1618  1787  1242  1414  1404
R03     1890  1394  1319  1090  1293  1057  1392  1174  1253  1544   642
R03     1900  1036  1418  1310  1127  1544  1476  1300  1753  1804  1372
R03     1910  1383  1501  1362  1226  1610  1343   996  1127  1479  1392
R03     1920  1563  1172  1408  1041  1285  1198  1262  1098  1185  1147
R03     1930  1310  1428  1208  1000  1160  1409  1317  1211  1557  1403
R03     1940  1724  1675  1361  1183  1370  1607   936   799   983   613
R03     1950   633   825   847   807   463   615   491   569   881   576
R03     1960  1140  1136   838  1105   685  1043   986  1011  1062   924
R03     1970  1063   920   645   971   516   850   551  1110   666   763
R03     1980   983   950   664   679  1070   919   665   888   750   703
R03     1990  1022   582   878   501   926   713   822   336   960   408
R03     2000   714   673   568   889   761   741   695   545   497   745
R03     2010   913   716   690   840  1265  1165 -9999
R06     1752   499  1244   679   554   957   809   912  1110
R06     1760   993   785   911  1192  1241  1429  1534  1458  1577  1219
R06     1770  1533  1815  1518  1648  1569  1108   921  1585  1794  1649
R06     1780  1870  1677  1720  2204  2389  1917  2132  1428  2395  2300
R06     1790  1853  2319  2913  2589  2619  2519  2464  2121  2257  1681
R06     1800  1915  2180  2403  2415  2569  2522  2051  2226  1885  1932
R06     1810  1082  1702  2320  1732  2278  1464  2546  2342  1971  2044
R06     1820  1689  1408  2596  2307  1931  2680  2708  2557  1936  2230
R06     1830  2132  1955  1541  2132  2385  2297  1431  1448  1339  1963
R06     1840  1408  1569  1521  1718  1876  1528  1575  1181  1946  1524
R06     1850  1208  1652  1672  1716  1707  1796  1138  1558  1785  1686
R06     1860  1673  1213   869  1365   911  1290   923   758   815   725
R06     1870   777   974  1082   938   996  1084   707  1074   973  1114
R06     1880   736   790   836   898   691   745   785   609   808   707
R06     1890   834   832   758   952   655   858   669   630   720   455
R06     1900   640   663   670   590   684   654   503   706   846   734
R06     1910   648   669   650   700   771   724   473   609   713   586
R06     1920   792   595   763   559   668   608   607   596   644   710
R06     1930   718   803   744   810   830   971   815   840   900   692
R06     1940   773   799   646   668   742   807   640   553   731   511
R06     1950   556   616   429   377   330   388   306   436   422   280
R06     1960   473   380   355   380   260   353   330   386   346   390
R06     1970   401   349   294   405   225   360   308   467   344   389
R06     1980   411   431   355   339   435   402   424   443   392   331
R06     1990   399   278   380   229   364   326   342   227   346   225
R06     2000   364   373   334   361   319   382   378   296   297   380
R06     2010   261   194   230   201   275   288 -9999
R08     1754  2537  2792  2626  1998  1700  1497
R08     1760  1199  1107   935  1142  1191  1127  1111  1269  1254  1221
R08     1770  1174  1016   730   619   635   508   524   714   698   730
R08     1780   825  1381  1175  1143   921   889   873   667   778  1705
R08     1790  1612  1336  1660  1772  1794  2102  2273  1887  1758  1647
R08     1800  1305  2018  1555  1442  1644  1537  1799  2004  1472  1450
R08     1810   630  1502  1477  1286  1606  1166  1216  1468  1165  1270
R08     1820  1015   918  1303  1252   999  1289  1437  1323  1048  1116
R08     1830   989  1146   872  1276  1306  1506   819   915   989   965
R08     1840  1196  1365   926  1075  1201  1261  1223  1090  1476   989
R08     1850  1005  1314  1178  1268  1121  1123   796   872   974  1090
R08     1860  1408  1221   887  1241   769  1060   935   689   824   788
R08     1870   770   770  1159   841   848   940   603  1042   971  1058
R08     1880   549   556   740   818   703   724   863   692   806   848
R08     1890   864   898   823   883   601   832   724   538   689   481
R08     1900   853  1010  1125   953  1265   787   516   990  1106   817
R08     1910   616   923   874   911   816   707   642   601   857   862
R08     1920   929   720   851   698   670   630   617   739   755   692
R08     1930   652   724   801   863   785  1214  1024  1015  1060   880
R08     1940  1128  1002   935   880  1046  1049   777   661  1109   669
R08     1950   874   898   823   786   683   670   524   749  1096   779
R08     1960   875   751   684   812   688   850   852   912   800   977
R08     1970  1299  1221   670   898   652   807   838   843   677   785
R08     1980  1027  1035  1011   663   995   961   788   962   857   786
R08     1990  1226   768  1015   686  1157   993  1163   825  1326   939
R08     2000  1454  1304  1270  1159   993  1261  1237   846   910  1054
R08     2010  1087  1024  1356  1306  1547  1220 -9999
R10     1811  2243  1553  1409  1580  1335  1335  1234  1214  1181
R10     1820  1018  1019  1378  1092  1059  1354  1644  1398  1243  1185
R10     1830  1117  1395  1015  1462  1569  1612  1283  1290  1047  1583
R10     1840  1087  1072  1166  1921  1514  1580  1513  1137  1611  1249
R10     1850  1153  1337  1255  1554  1332  1116  1006  1055  1014  1028
R10     1860  1155   956   817  1240   854  1160  1013  1177  1294  1435
R10     1870  1406  1345  1620  1365  1222  1408   909  1446  1309  1806
R10     1880   780  1055  1135  1290   874  1186  1675  1311  1515  1481
R10     1890  1616  1651  1561  1447   935  1228  1090  1062  1347   646
R10     1900  1044  1316  1276  1203  1708  1519  1475  1530  1631  1302
R10     1910  1176  1452  1154  1218  1377  1159  1203   937  1119  1090
R10     1920  1016   794   995   931  1013  1197  1086  1441  1647  1536
R10     1930  1684  1741  1673  1682  1678  1739  1520  1210  1819  1407
R10     1940  1503  1708  1525  1330  1451   928  1132   943  1237   762
R10     1950   804   952   850   814   909   896   796   914  1092  1007
R10     1960  1502  1173  1157  1579  1009   940  1048  1277  1288  1113
R10     1970  1155   998   503   943   530   704   728  1017   792  1103
R10     1980  1338  1506   929  1137  1482  1269   986  1239  1053   936
R10     1990  1390   681   998   617  1142  1018  1011   490  1510   624
R10     2000   947  1024   809   859  1030  1101  1004   800   642   798
R10     2010   847   578   864   810  1295  1382 -9999
R12     1779   997
R12     1780   501   547   519  1391  1456  1446  1318  1705  2151  1855
R12     1790  2041  3948  2368  2369  2459  2318  4094  2383  2075  1803
R12     1800  2022  1964  1738  1668  1832  2123  1502  1323  1288  1401
R12     1810   930  1315   657   652   839   739   988  1028  1012   973
R12     1820   772   753  1376  1338  1142  1157  1638  1557  1172  1378
R12     1830  1032  1098   778  1191  1361  1541  1176  1151   816  1414
R12     1840  1111  1069  1029  1324  1293   979  1016   873  1410  1014
R12     1850   947  1172  1066  1202  1194  1069   778   818   824   722
R12     1860   890   818   672  1085   865   946   745   603   722   796
R12     1870   804   719   917   758   791   793   424   808   795   913
R12     1880   422   440   515   708   591   700   748   437   659   762
R12     1890   845   714   551   457   486   726   779   561   628   315
R12     1900   538   611   666   748   865   701   640   776   824   719
R12     1910   528   462   362   412   618   525   525   416   673   760
R12     1920   873   704   883   601   606   581   529   608   566   656
R12     1930   806   896   748   676   561   829   596   670   700   739
R12     1940   794   752   645   649   602   597   425   423   666   500
R12     1950   627   598   645   695   590   577   559   595   705   496
R12     1960   580   689   486   487   377   558   493   560   463   597
R12     1970   831   669   209   477   261   333   337   521   364   537
R12     1980   540   448   412   377   642   734   569   692   773   730
R12     1990   930   616   692   642   862   829   910   634  1031   737
R12     2000   794   845   834   940   690   663   848   717   974  1163
R12     2010  1006   798   745   799  1048  1249 -9999
R14     1728  1837  1118
R14     1730  1967  1790  1486   919   860   990   697  1291  1287  1304
R14     1740  1035  1241  1073   901  1225  1517  1174  1747  1541  1521
R14     1750  1879  1014  1012  1458  1516  1291  1651  1058  1122  1311
R14     1760   970   866   698   930  1353  1247  1162  1261  1513  1352
R14     1770  1362  1687  1387  1431  1262   716  1134  1562  1823  1555
R14     1780  1620  1750  1775  2074  1696  1136  1517  1430  1972  1243
R14     1790  1183  2003  2022  1574  1726  1643  1860  1628  1393  1411
R14     1800  1141   793  1024  1144  1472  1583  1053  1246  1150  1365
R14     1810   476  1218  1428  1007  1211   957  1268  1236  1205   964
R14     1820   790   659  1005   750   404   888   885   842   719   678
R14     1830   708   654   595   895  1068  1016   770   742   635  1009
R14     1840   775   877   940  1110   979   979   952   912  1232   865
R14     1850   715  1081   965  1131  1116   987   735   909  1190  1102
R14     1860  1243   970   625  1114   857  1124   994   808  1009   924
R14     1870   698   864  1317  1150  1072  1217   855  1531  1336  1585
R14     1880   755   803   897  1254   852  1174  1041   786   814   984
R14     1890   972  1113   858   724   674  1125   885   879  1037   538
R14     1900   738   800   952   856  1017   839   784  1180  1175  1016
R14     1910   962  1162  1110   978  1222  1018  1035   808  1008  1067
R14     1920  1298  1052  1133   827   834   819   873   883  1147  1075
R14     1930  1077  1100  1150  1041   988  1117  1054  1134  1171  1139
R14     1940  1359  1437  1278  1332  1564  1590   950   858  1268   836
R14     1950   762   787   664   613   572   692   572   570   495   535
R14     1960   772   752   565   767   557   855   811   922   711   826
R14     1970   818   643   415   610   475   623   503   715   672   733
R14     1980   780   711   587   551   847   757   690   823   805   632
R14     1990   973   619   804   551   889   741   869   435   997   503
R14     2000   827   805   619   845   820   892  1013   744   360   508
R14     2010 -9999
R16     1738   886  1005
R16     1740   460   709   856   496   498   767   480   721   768   804
R16     1750   854   613   739   264   265   220   336   316   360   348
R16     1760   384   405   327   407   503   640   805   856   711   599
R16     1770   653   917   888   737   667   429   700   939   921   848
R16     1780   887   608   842  1086  1304  1200  1196   799   977  1041
R16     1790   830  1110  1266  1478  1589  1618  1522  1034   908  1026
R16     1800  1080   774  1083  1176  1470  1499  1184  1323   958   913
R16     1810   541   759   729   569   754   586   721   747   900   658
R16     1820   566   498   863   693   536   895   939  1112   983  1279
R16     1830  1034   936   948  1390  1498  1458  1249  1129   856  1147
R16     1840   905   960   812  1230  1309  1406  1145   996  1348  1057
R16     1850   979  1287  1309  1540  1616  1442  1211  1298  1371  1161
R16     1860  1287   908   677  1057   825  1026   899   813   759   787
R16     1870   734   896  1231  1402   930  1084   926  1348   990   916
R16     1880   622   697   664   682   588   672   780   651   683   855
R16     1890  1092  1088  1011  1046   862   853   853   691   910   672
R16     1900   958   948   952   909  1157   925  1028  1117  1283  1055
R16     1910   875  1048   913  1015  1152  1029   802   814  1078  1052
R16     1920  1217  1090  1110  1188  1206  1161  1167  1191  1142   951
R16     1930  1198  1293  1164  1169  1108  1343  1148  1249  1016   964
R16     1940   897   854  1068   979   907  1163   936   791  1253   934
R16     1950  1024   794   763   733   776   822   660   669   837   686
R16     1960   994   954   862   893   735   919   677   801   786   928
R16     1970   860   707   419   652   355   496   494   574   526   579
R16     1980   712   702   597   552   636   636   587   669   649   669
R16     1990   941   638   869   576   838   884   978   584  1011   699
R16     2000   860   761   603   606   706   955  1139   960   727   760
R16     2010 -9999
R19     1906  1986  2299  2480  1965
R19     1910  2092  2314  2027  1934  2367  2004  1094  1733  2564  2129
R19     1920  1964  1492  2102  1929  2150  2542  2751  1800  2322  2060
R19     1930  2602  2598  1929  2008  2478  2579  2519  2679  3514  3104
R19     1940  3843  4140  3416  2444  3265  3344  2044  1650  2058  1820
R19     1950  2193  3190  2852  2473  1500  2019  2058  1964  3555  2603
R19     1960  3351  3445  2442  2738  1721  2581  2448  2865  2384  2123
R19     1970  2548  2438  1334  2435  1506  2238  1861  3261  2618  2258
R19     1980  2763  3039  1952  1916  2467  2391  1852  2432  2199  1778
R19     1990  3202  2156  2918  1847  3153  2323  2292  1411  2614  2048
R19     2000  1457  2134  1675  2023  2378  2185  2528  2047  1473  1900
R19     2010  1839 -9999
R31     1742   819   332   441   475   570   478   866   693
R31     1750   956   949   762   674   303   249   358  1055   445   428
R31     1760   471   550   333   339   644   954   877   941   669   636
R31     1770   547   929   797   558   263   552   489   607   928   772
R31     1780   805   957   808  1248  1398  1307  1164   983   768  1085
R31     1790  1029   763   953  1010   904   935   890   924   693   770
R31     1800   734   819   725   936   894  1016  1036   926   868   765
R31     1810  1364   998   821   602   522   480   561   457   451   473
R31     1820   696   797   758   643   499   625   861   635   546   655
R31     1830   657   552   675  1016  1008   960   661   705   700   755
R31     1840   564   725   539   702   711   592   693   740  1027   740
R31     1850   648   704   696   630   739   769   570   571   712   685
R31     1860   762   583   455   696   571   697   528   481   450   418
R31     1870   449   506   638   559   674   675   529   801   859   856
R31     1880   649   695   735   778   697   675   722   702   743   926
R31     1890   840   913   575   953   723   879   689   795   873   487
R31     1900   909   864   925   790   937   751   631   808   891   900
R31     1910   913   962  1005   884  1160   970   856   942  1206   968
R31     1920  1052   703   849   900   900   957  1009  1130  1081  1217
R31     1930  1258  1338  1126  1205  1200  1237  1073  1065  1232  1076
R31     1940  1198  1037  1119  1082  1265  1277  1030   917   950   851
R31     1950   825   843   832   745   554   554   577   685   609   515
R31     1960   507   643   629   722   557   720   771   888   880   804
R31     1970   928   746   559   725   558   761   645   856   722   766
R31     1980   901   990   694   672   951   801   616   846   850   803
R31     1990  1180   807  1235   992  1293  1264  1340  1117  1786   966
R31     2000  1271  1318  1058  1139  1136  1166  1145   955   831  1102
R31     2010   997   795   915   947  1653  1482 -9999
R37     1717  1464   837   491
R37     1720   791   988   746   574   554   389   532   624   980   978
R37     1730   633   435   591   620   372   714   642  1006   771   506
R37     1740   639   669   804   833   796   757   781   697   880   741
R37     1750   862  1141   681   482   575   798   530   637   363   499
R37     1760   473   437   557   469   647   399   411   505   636   635
R37     1770   685   647   673   480   636   760   669   752   787   890
R37     1780   751   967   790   877   949  1091   754  1154  1201  1284
R37     1790  1005  1205  1171  1348  1318  1185  1399  1701  1466  1735
R37     1800  1611  1733  1605  1434  1741  1541  1275  1376  1205  1180
R37     1810   849   988  1141   942   890  1302  1792  1561   946   747
R37     1820   795   798   732   701   713   770   760   739   562   847
R37     1830   698   603   492   618   554   490   420   481   432   606
R37     1840   420   486   456   588   607   446   536   496   556   501
R37     1850   476   475   464   562   652   542   597   696   664   593
R37     1860   499   439   439   609   329   649   390   427   493   500
R37     1870   475   591   596   455   530   464   466   631   586   628
R37     1880   440   402   467   349   452   519   593   465   468   542
R37     1890   621   582   470   508   403   622   473   546   728   323
R37     1900   588   554   750   751   901   848   613   830   648   562
R37     1910   605   934   825   738   906   748   536   734   916   687
R37     1920   460   480   623   510   569   498   549   526   599   637
R37     1930   548   632   705   611   556   769   556   646   769   806
R37     1940   914  1008   947   779   902   978   744   689   885   776
R37     1950   711   792   692   526   474   581   523   655   632   471
R37     1960   543   558   484   519   391   395   477   492   407   360
R37     1970   449   340   277   503   280   438   285   474   342   352
R37     1980   338   255   216   273   300   315   329   331   326   238
R37     1990   381   257   281   361   350   335   428   273   551   286
R37     2000   485   437   397   416   353   374   504   328   265   382
R37     2010   329   316 -9999
R38-1   1821   498   805   631   541   736   711   784   784   820
R38-1   1830   934  1016   845  1107   668  1139  1120   943   786   968
R38-1   1840   826  1042  1046  1013  1126  1001  1034   627   802   717
R38-1   1850   755  1034  1014   990  1058  1067  1103  1224  1198   825
R38-1   1860  1173  1002   869   953  1070  1113   822   808   855   841
R38-1   1870   744   789  1107   857  1188   950   678  1343  1356  1437
R38-1   1880   431   705   791  1007   889  1246  1235   940  1205  1456
R38-1   1890  1269  1359  1149  1023   884  1369   921  1036  1351   415
R38-1   1900   886  1498  1435  1077  1405  1422  1729  1739  1890  1452
R38-1   1910  1339  1747  1379  1323  2031  1981  1064  1146  1669  1379
R38-1   1920  1868  1154  1691  1397  1628  1572  1908  1839  1995  2004
R38-1   1930  2090  2004  1778  1513  2215  2077  1736  1692  2497  1995
R38-1   1940  2580  2565  2575  1657  2046  2206  1394  1058  1522  1138
R38-1   1950  1385  1913  1347  1192   862   945   784  1070  1547  1356
R38-1   1960  2075  1848  1321  1731   975  1574  1668  1932  1859  1747
R38-1   1970  1851  1278   839  1201   614   844   793  1492  1586  1511
R38-1   1980  1590  1782  1128  1257  1539  1368  1010  1132  1053  1082
R38-1   1990  1857   996  1151   628  1210   980   910   461  1105   537
R38-1   2000  1346  1384  1174  1268  1122  1297  1840   830   700   726
R38-1   2010   632   733 -9999
R42     1731  1508  1713  1196  1047   865  1016  1115  1111   521
R42     1740  1241   913  1034   802  1333  1291  1123  1032  1414  1353
R42     1750   952  1355   889   950   696   740   846  1078   676   698
R42     1760   696   803   782   486   655   656   719   846   824   825
R42     1770   808  1109  1061   842  1071  1266   927   972  1227  1121
R42     1780   952  1016  1418  1355  1831  1266   997  1124   989  1370
R42     1790  1472  1289  1440  1433  1119  1412  1303  1387  1122  1171
R42     1800  1032  1186   922   964  1066  1091  1138  1117  1187   931
R42     1810  1723  1446  1713  1410  1354  1008  1107  1141   832   911
R42     1820   639   746   871   771   675   853  1115   937   660   864
R42     1830   902   641   802  1097  1059  1134   903   886   788  1102
R42     1840  1011  1141   912  1273  1260  1173  1104   859   991   777
R42     1850   835   911  1219  1019  1039  1043   855   919  1020   910
R42     1860  1090  1208   909  1239  1037  1054  1005   891  1008   952
R42     1870   716   786   955   750   714   830   541   826   747   836
R42     1880   609   632   752   781   710   715   822   633   726   869
R42     1890   743   705   698   617   467   574   546   483   636   511
R42     1900   609   703   854   853   870   736   540   769   728   538
R42     1910   577   718   619   662   688   645   552   657   625   627
R42     1920   708   678   673   672   491   535   530   419   512   648
R42     1930   680   638   659   657   763   924   911   886   809   727
R42     1940   911  1036   885   843   901   864   676   697   950   742
R42     1950   907  1017   624   633   552   652   467   624   610   434
R42     1960   473   530   432   552   493   563   456   567   461   492
R42     1970   522   449   386   501   327   419   325   473   331   437
R42     1980   389   347   248   226   312   327   284   326   285   275
R42     1990   295   237   262   253   298   242   267   233   389   193
R42     2000   249   255   280   229   240   245   239   175   159   177
R42     2010   124   137 -9999
R43     1730   937  1113  1828  1554  1380  1210  1384  2250  2163   793
R43     1740  1733  1538  1751  1468  1427  1294  1439  1496  1702  1859
R43     1750  1476  1740  1273  1086  1257   897  1173  1586  1087   977
R43     1760  1060   911   741   803   929  1149  1213  1277  1271  1350
R43     1770  1266  1580  1742  1226  1324  1341   847   746  1535  1424
R43     1780  1345  1129  1232  1195  1643  1389   961  1229   854  1172
R43     1790  1192   920  1115  1419  1303  1545  1414  1509  1134  1341
R43     1800  1022  1037   962  1182  1060  1089  1121   956  1231   778
R43     1810  1155  1016  1067   802   984   711  1140  1205  1021   910
R43     1820   548   501   968   811   608   481   468   973   987  1104
R43     1830   873   937   634   788  1024  1083   706   582   641  1105
R43     1840   707   762   956  1604  1204  1005  1049   877  1082   702
R43     1850   724   790   882  1180  1057   918   684   784   798   654
R43     1860   732   590   627   942   625   805   716   790   857   780
R43     1870   622   702   865   563   723   833   658   979   708   823
R43     1880   421   526   681   818   522   567   819   606   728   780
R43     1890   602   642   455   619   537   637   585   565   651   306
R43     1900   728   755   810   854  1032   705   598   744   891   735
R43     1910   684   732   721   743   747   830   722   631   913   787
R43     1920   850   656   937   587   690   733   683   677   846   736
R43     1930   782   739   700   733  1032  1071   784   783   964   815
R43     1940   900  1092   814   734   948  1048   686   608   888   665
R43     1950   815  1168   817   663   530   709   685   664   851   497
R43     1960   647   590   491   582   362   753   704   739   471   372
R43     1970   616   695   461   760   329   529   349   678   381   385
R43     1980   476   471   254   339   540   602   481   521   408   292
R43     1990   593   432   630   454   754   619   824   541   990   336
R43     2000  1084  1037   786   862   836   769   802   581   448   738
R43     2010   649   553 -9999
R45     1701   112   112   178   335   170   439   749   339   241
R45     1710   356   266   511   383  1111  1126   903   308   626   841
R45     1720  1264  1211  1361   409  1054   237   411   868   597   980
R45     1730   665   206   570  1148   958   616   647  1125  1361   475
R45     1740   967   683   882   537   290   745   554   938  1330   974
R45     1750   766   952   792   851   687   791   502   517   423   371
R45     1760   444   432   530   634   923   720   751   810   972   864
R45     1770   694   860  1027   902   674   968   714   815   991   931
R45     1780   634   473   987   697   813  1180  1135  1161  1158  1079
R45     1790  1277  1370  1226  1162  1349  1302  1497  1166  1158  1321
R45     1800  1309  1250  1365  1316  1539  1445  1603  1730  1199  1166
R45     1810  1246  1526  1097  1180  1989  1108  1009   881  1128   793
R45     1820   796   745   981   865   704   491   720   923   708   933
R45     1830  1090  1163   555  1000   719   940   750   861   755   918
R45     1840   694   644   719   903  1309   851  1049   730  1128   909
R45     1850   995  1555   828   870   861  1058   925  1060  1125   909
R45     1860   920   913   966  1244   849   901   620  1050   643   867
R45     1870   582   637   800   684   694   650   596   670   928   861
R45     1880   301   599   637   885   550   557   637   425   706   773
R45     1890  1008   614   584   680   532   783   628   574   652   737
R45     1900   875  1037   949   790  1044   799   594   786   846   716
R45     1910   613   863   711   714   836   818   495   606   705   594
R45     1920   669   504   761   527   567   562   555   500   667   761
R45     1930   888   664   774   699   745  1098   842   807   991   682
R45     1940  1029   854   722   636   854  1036   670   749   995   701
R45     1950   922   824   622   560   576   680   443   611   617   536
R45     1960   643   632   618   705   556   902   826   851   642   702
R45     1970   922   786   501   688   461   632   469   746   516   588
R45     1980   683   584   376   420   566   530   457   561   374   297
R45     1990   429   248   338   310   481   407   461   326   700   290
R45     2000   540   506   414   407   336   405   502   376   281   429
R45     2010   380   315 -9999
R50     1721   891   603   814   308   214   276   261   184   250
R50     1730   264   248   226   247   237   231   295   289   206   376
R50     1740   357   339   518   374   391   369   316   382   456   337
R50     1750   214   363   263   220   243   220   371   383   352   522
R50     1760   466   523   419   531   515   601   692   598   547   420
R50     1770   665   779   655   722   619   515   650   719   904   847
R50     1780   867   954   873  1146  1282  1144  1117   959  1107  1091
R50     1790   931   778  1173  1130  1276  1217  1209   896   859   844
R50     1800   844   639   912   948  1102  1282  1058  1046   813   620
R50     1810   509   586   577   470   543   368   813   846   858   763
R50     1820   604   490   613   542   451   710   749   767   789   926
R50     1830   773   589   459   627   868   657   717   723   708   936
R50     1840   440   560   503   620   655   421   814   456   453   354
R50     1850   397   595   669   626   712   629   506   620   641   747
R50     1860   701   561   557   937   557   782   506   556   607   677
R50     1870   631   764   822   637   885   795   481   580   583   879
R50     1880   552   676   705   695   690  1087  1218   879   945   876
R50     1890   969   900   612   643   630   737   462   558   482   260
R50     1900   476   536   565   544   872  1047   909   986   926   930
R50     1910  1077  1169   953  1052  1279  1267   791  1092  1177  1155
R50     1920  1295   858  1052   933  1123   976  1161  1034   839  1053
R50     1930  1125  1283   958   961  1136   857   636   804   887   962
R50     1940  1259  1472  1266  1007  1202  1325   992   779  1127   891
R50     1950   969  1053   940   862   549   659   315   669   783   564
R50     1960   721   582   675   783   590   746   725   928  1002   805
R50     1970   952   726   537   811   467   654   477   938   681   713
R50     1980   748   728   388   495   660   527   494   622   456   377
R50     1990   545   305   574   418   673   511   599   299   727   336
R50     2000   480   611   522   709   548   715   629   545   430   536
R50     2010   538   310 -9999
R54     1689   914
R54     1690  1490  1327  1583  1347  1076  1202  1564  1251  1086  1278
R54     1700   936  1156  1010  1366  1247  1894  1131  1416  1450  1227
R54     1710  1448  1323  1372  1478  1037  1611  1758  1675  1757  1660
R54     1720  1402  1450  1925  1510  1417  1381  1449  1378  1863  1455
R54     1730  2264  1372  1452  1239  1195  1067   796  1240  1180  1209
R54     1740  1420  1314  1360  1877  1720  1634  1586  1131  1231  1560
R54     1750  1634  1522  1502  1222   916  1043   975   760  1038   946
R54     1760  1008   702   576   735   917   911   948  1164  1124   927
R54     1770   989  1124  1037  1078  1186   954   896  1005  1119   984
R54     1780   848   831   770  1044   856   844   954   832   947   811
R54     1790   729   807   997   738   955   954   980   957  1045   807
R54     1800   559   655   615   792   706   673   701   924   740   422
R54     1810   502   643   689   594   612   481   632   703   433   433
R54     1820   344   390   658   544   327   596   534   615   543   497
R54     1830   354   496   349   521   543   474   321   327   371   549
R54     1840   335   372   294   324   381   370   373   322   466   293
R54     1850   297   409   315   404   557   514   289   392   374   352
R54     1860   456   321   171   443   296   455   282   287   362   308
R54     1870   214   279   383   240   425   370   215   417   344   364
R54     1880   115   263   326   385   316   353   412   250   381   324
R54     1890   328   418   226   241   226   322   277   270   320   112
R54     1900   300   256   305   290   353   291   217   301   302   203
R54     1910   255   283   258   234   344   284   183   279   376   282
R54     1920   300   166   387   307   384   314   293   259   288   316
R54     1930   327   381   240   261   305   365   382   306   419   276
R54     1940   562   470   531   444   590   540   312   340   524   358
R54     1950   383   588   470   363   222   246   243   419   521   382
R54     1960   498   538   388   440   258   601   408   465   438   340
R54     1970   468   265   206   363   168   328   166   379   412   331
R54     1980   323   369   228   198   272   258   219   235   269   248
R54     1990   456   165   241   136   264   265   204   115   403   136
R54     2000   266   271   275   273   212   156   231   222   156   172
R54     2010   128   140 -9999
R56     1746   984  1178  1027   902
R56     1750   885  1193   975  1813  1507  1560  1127  1005   408   438
R56     1760   760   676   690   421   409   379   442   629  1012   810
R56     1770   905   700   878   970  1517  1656  1519  1013  1353  1021
R56     1780  1283  1356  1337  1163  1103  1196  1014  1033  1089   971
R56     1790  1240  1032   978  1144   876   783   988  1011  1176   857
R56     1800   873   613   774   678   757   735   975   855   835   976
R56     1810   764  1008   602   759   613   598   367   515   496   536
R56     1820   566   492   484   280   275   516   396   464   396   505
R56     1830   567   504   523   569   695   510   525   576   540   494
R56     1840   374   392   494   506   596   519   671   528   618   430
R56     1850   475   584   532   460   520   527   413   478   516   339
R56     1860   410   366   319   460   381   345   448   321   380   339
R56     1870   228   267   304   196   274   209   186   277   224   273
R56     1880   137   196   118   150   104   144   142   110   146   186
R56     1890   149   146    75   108   126   152   170   158   146    54
R56     1900   179   182   224   207   323   231   228   344   257   244
R56     1910   367   324   438   618   732   562   410   480   658   838
R56     1920  1031   896  1033  1013   967   808   708   784   929   934
R56     1930   923   852   914  1046  1098  1088  1012   879   987   747
R56     1940   929   971   982   944  1127  1280   912   815  1149   797
R56     1950   903   986   700   745   614   589   441   668   845   572
R56     1960   926   996   832  1023   822   968   905  1057   948  1028
R56     1970   980   863   653   944   520   791   526   866   678   751
R56     1980   837  1396  1070   946  1219  1077   746   911   759   759
R56     1990  1219   734   776   486  1161   775   882   461   789   415
R56     2000   651   788   646   756   769   807   799   592   509   537
R56     2010   544   460 -9999
R57     1937  1379   983  1316
R57     1940  3265  2613  2234  1712  2406  2585  1717  1862  1601  1598
R57     1950  1260  1692  1373  2029  1455  1624  1320  1515  1712  1841
R57     1960  2237  1754  2077  2637  1742  2493  2063  2141  2720  2396
R57     1970  2332  1950  1543  2484  1548  2142  1906  2499  2514  2013
R57     1980  3000  3071  1977  2167  2690  2184  2443  2727  2718  2406
R57     1990  3441  2639  2584  1913  2697  2495  2434  1902  2716  1588
R57     2000  1975  2275  1969  2267  2645  2762  2379  2073  1551  1840
R57     2010  2154  1279 -9999
