R04     1822  2445  1860  2348  2241  1661  1369  1066  1595
R04     1830  1216  1874  1915  1944  2144  1679  1870  1762  1634  2362
R04     1840  1258  1497  1362  1389  1634  1408  1151   881  1469   948
R04     1850  1376  1923  1657  1510  1542  1419  1045  1431  1407  1233
R04     1860  1648  1573  1191  1598  1094  1292  1376  1585  1739  1330
R04     1870   985  1001  1273  1389  1856  1699  1215  1399  1156  1559
R04     1880   864  1279  1237  1744  1241  1407  1385  1415  1492  1820
R04     1890  1096  1045  1167  1288  1226  1164   935  1095  1148   590
R04     1900  1109  1029  1066  1137  1752  1526   953  1026   786   942
R04     1910  1101   892   883   794  1144  1323  1294  1113   996   802
R04     1920  1044   874   852   766   845   879   946   720   911   900
R04     1930  1009   959  1027  1284  1357  1147  1096   634   618   798
R04     1940  1106  1229   770   798  1216  1271   916   873   850   863
R04     1950  1225  1838  1347   867   568   679   665   918   934   888
R04     1960  1171  1144   744  1039   962  1160  1024  1317   993   893
R04     1970   938   696   687   850   557   899   899  1315  1051   902
R04     1980   973   823   659   948  1085   991   856   905   710   750
R04     1990   876   522   598   528   740   731   791   718   880   599
R04     2000   872   889   650   798   860   841   830   779   988  1218
R04     2010 -9999
R07     1821  2336  3154  2389  1413  1451  1539  1431  1417  1188
R07     1830  1099  1622  1491  1558  1565  1257  1334  1364  1039  1714
R07     1840   956  1046   906  1184  1056   964  1232  1149  1302  1008
R07     1850   970  1455  1307  1321  1285  1254   916  1215  1346   944
R07     1860  1239  1217  1211  1470  1227  1081  1069  1058  1089   964
R07     1870   721   875  1117  1157  1265  1215   959  1227  1246  1533
R07     1880   813  1602  1200  1308  1201  1337  1182  1015  1703  2230
R07     1890  1494  1330  1403  1328  1485  1505  1126  1484  1626   771
R07     1900  1749  1748  1413  1713  1878  1601  1362  1431  1443  1186
R07     1910  1261  1245  1167  1170  1399  1071   914   894   975   996
R07     1920  1038   913  1003  1037  1008  1128  1334  1001  1014  1169
R07     1930  1386  1130  1144  1183  1416  1252  1390  1282  1317  1176
R07     1940  1292  1549  1236  1602  2014  1640  1440  1539  1394  1213
R07     1950  1276  1232   928   849   780   854   851   974   996   777
R07     1960   861   911   817   985   969  1405  1455  1509  1171  1064
R07     1970   986   928   962   985   741  1218  1318  1788  1469  1354
R07     1980  1798  1857  1524  1602  1647  1585  1552  1349  1033   970
R07     1990  1103   846  1003   830  1085  1023  1082  1157  1277  1218
R07     2000  1496  1411  1064  1532  1616  1474  1319  1067  1008  1176
R07     2010  1232  1281  1642  1292   909  1040 -9999
R09     1767   717   851   867
R09     1770   534   708   928   980   821  1076   760  1348  1365  1028
R09     1780  1048  1222  1265  1155  1665  1238  1143  1111  1079  1778
R09     1790  1571  1365  1968  1810  1714  1460  1333  1330   840   601
R09     1800  1010  1508  1121  1279  1517  1985  1909  1264  1132  1287
R09     1810  2620  1137  1580  1178  1420  1057  1517  1721  1625  1352
R09     1820  1251  1267  1543  1212  1061  1456   843  1315  1197  1433
R09     1830  1060  1338  1423  1621  1349  1501  1389  1635  1027  1556
R09     1840   904  1277  1333  1671  1385  1221  1921  1019  1817   960
R09     1850  1271  1650  1226  1303  1217  1219   826  1200  1469  1305
R09     1860  1335  1001   718  1503  1222  1363   767  1228  1405  1148
R09     1870  1110  1306  1338  1122  1151  1156   691  1222  1007  1318
R09     1880   475  1174   847  1158   980  1162   809   736   904  1315
R09     1890   787   508   455   663   654  1064   636  1138  1299   247
R09     1900  1111  1254  1142  1237  1288  1119  1010  1253  1246  1024
R09     1910  1231  1214   946   995  1530  1200   840  1067  1190  1205
R09     1920  1224   971  1091   927  1190  1390  1216   842   971  1127
R09     1930  1373  1271  1002  1228  1481  1498  1161   925  1203  1223
R09     1940  1330  1274  1005  1429  1538  1131   964  1192  1299  1256
R09     1950  1962  2438  1633  1305   844  1058  1061  1231  1397   889
R09     1960   929   762   798   921   672  1292  1246  1292  1081   943
R09     1970  1120   853   588   917   608  1104   926  1208   665   750
R09     1980   966  1222   981  1015  1031   738   723   880   992   966
R09     1990  1461   593   625   560   918   774  1022  1108  1492   969
R09     2000  1199  1252   995   930  1045   817   917  1043  1197  1832
R09     2010  1615  1003  1594  1182  1019   950 -9999
R11     1831  2521  2854  3741  3787  6717  2825  1537  1015  1627
R11     1840  1587  1418  1437  1502  1206  1473  1594  1174  1546  1388
R11     1850  1652  1218  1142  1125  1134  1217  1142  1159  1022   788
R11     1860   888   890   964  1186  1037   881   841   582   847   928
R11     1870   922   955   710   723   722   818   743   993   885  1132
R11     1880   529   737   735  1052  1066  1199  1099   909  1088  1383
R11     1890   913  1179  1065   882   652  1130  1120   996  1379   855
R11     1900  1383  1463  1330  1513  1602  1613  1214  1416  1258  1128
R11     1910  1330  1397  1570  1333  1517  1328  1250  1092  1222  1411
R11     1920  1542  1384  1303  1362  1566  1685  1457  1179  1411  1466
R11     1930  1613  1322   763  1080  1261  2199  2204  1726  2151  2248
R11     1940  2786  2222  1526  1529  1627  1686  1250  1379  1657  1219
R11     1950  2151  2636  2133  1600   798  1057  1246  1633  2059  1504
R11     1960  1724  1221   984  1541  1315  1486  1645  1762  1453  1120
R11     1970  1021   795   806   913   634  1457  1604  1878  1160  1178
R11     1980  1362  1680  1685  1973  1967  1721  1734  1519  1279  1352
R11     1990  1518  1087   820   665   952   836   966  1016  1410  1198
R11     2000  1530  1289  1104  1748  1732  1798  1007  1000  1245  1540
R11     2010  1008   930  1080  1081  1632  2525 -9999
R13     1860  4211  1905  1947  2788  2465  1766  1207  1585  1846  2902
R13     1870  1532  1326  1547  1210  1525  1279  1266  1341  2185  2319
R13     1880  1103  1890  1191  2175  2052  2360  3154  1796  1947  3201
R13     1890  1294   891  1501  1332  1218  2031  1516  2182  2016   839
R13     1900  1715  1727  1756  2015  2325  2470  1915  1967  1775  1408
R13     1910  2056  1441  1597  1476  2176  1637  1564  1249  1589  1822
R13     1920  1716  1483  1302  1422  2228  2191  1793  1357  1565  1539
R13     1930  2023  1652  1298  1186  1560  1928  1989  1765  1918  2050
R13     1940  2855  2401  1574  1647  1919  2082  1809  1651  1842  1285
R13     1950  1622  1951  2044  2055  1606  1466  1463  1776  2037  1313
R13     1960  1581  1556  1125  1132   926  1252  1628  1561  1689  1423
R13     1970  1333  1049  1267  1335   974  1404  1288  1922  1384  1462
R13     1980  1712  1754  1576  2140  1607  1790  2543  2397  1838   987
R13     1990  1372  1120  1118   978  1010  1220  1184  1181  1495  1364
R13     2000  1507  1698  1273  2023  2610  2430  1555  1612  1751  1907
R13     2010 -9999
R18     1872  1607  1047  1489  1187   973  2027  1729  1686
R18     1880   338  1137   716  1560  1732  1605  2808   773  2064  2144
R18     1890  1227   756   767   830   932  1700  1505  1685  1975   917
R18     1900  1365  1460  1365  2003  1840  2109  1482  1728  1552  1289
R18     1910  1594  1660  1715  1290  2116  1825  1599  1325  1952  2176
R18     1920  1717  1707  1655  1955  2136  2281  2574  1590  1714  1794
R18     1930  2513  2567  2013  1740  2106  2441  1905  1605  2093  1754
R18     1940  2313  2476  1684  1519  1949  1702  1489  1394  1460  1254
R18     1950  1394  1676  1603  1496  1225  1160  1093  1482  1494  1219
R18     1960  1052  1064  1015  1259  1084  1317  1373  1682  1326  1098
R18     1970  1129   859   939   967   924  1019  1119  1232  1101  1088
R18     1980  1073  1093   891  1032   906   722   677  1200  1198   515
R18     1990   375   482   876   824  1058   962  1125   995  1347  1278
R18     2000  1574  1258  1286  1253  1430  1649  1096  1122  1254  1234
R18     2010  1325 -9999
R22     1850  1114  1707  1041  1328  1322  1311  1169  1311  1396   945
R22     1860  1115  1255  1007  1305  1179   959   849   964   993  1032
R22     1870  1096   922  1104  1074  1122  1097   805  1022   993  1089
R22     1880   549   994   858  1283  1165  1226  1302  1009   913  1080
R22     1890  1065   829   474   787   763  1221   907  1050  1103   478
R22     1900  1016  1184   995  1107  1207  1061   868  1019   993  1159
R22     1910  1201  1172  1340  1147  1095   976   654   835   968   913
R22     1920   921   534   784   918   909   960   920   902  1009   963
R22     1930   988   725   775   848  1080   999   909   686   774  1004
R22     1940  1125  1260   944  1230  1414  1336  1117  1143  1179   840
R22     1950   952  1306   897   900   769   722   812   904   843   964
R22     1960   804   867   821   895   974  1176  1441  1272  1080   914
R22     1970   893   804   788   834   654   929  1025  1057   838   860
R22     1980   869   978   964   977  1369  1191   947  1006  1014  1047
R22     1990  1155   564   703   665   767   862   958   993  1150  1173
R22     2000  1169   946  1136  1242  1252  1038   997   984  1126  1278
R22     2010  1181  1014   998  1109  1146   926 -9999
R24     1882   659  1615  1457  1579  2434  1604  1416  2127
R24     1890  1397  2139  1600  1380  1035  1247  1513  1562  1444   708
R24     1900  1118  1018  1139  1504  1741  1854  1320  1616  1561  1431
R24     1910  1291  1363  1686  1478  2213  1425  1118  1414  1519  1517
R24     1920  1347  1268  1313  1604  1693  1649  1812  1388  1296  1438
R24     1930  2146  1876  1658  1616  1458  2134  1660  1460  2018  2259
R24     1940  3004  2194  1405  2111  2283  1601  1440  1676  1738  1546
R24     1950  1957  2356  1961  1582  1351  1083  1201  1258  1999  1551
R24     1960  1899  1626  1254  1406   977  1359  1600  1727  1473  1293
R24     1970  1417  1178   934   900   751   959   896  1421  1166  1163
R24     1980  1394  1448  1598  2012  1718  1417  1497  1351  1666  1169
R24     1990  1293   705  1432  1028  1082   993  1365  1401  1712  1378
R24     2000  1705  1379  1103  1861  1842  1508  1267  1697  1874  2035
R24     2010  1805  1576 -9999
R33     1715   432   306   204   377   173
R33     1720   329   225   243   261   341   366   331   740   659   496
R33     1730   643   643   306   609   552   320   410   680   568  1109
R33     1740   562   522   803   618   439   179   529   844   309   535
R33     1750   246   605   209   294   295   253   423   698   550   464
R33     1760   613   677   381   212   212   402   783   487   593   466
R33     1770   233   190   191   359   381   296   233   379   441   419
R33     1780   691   732   566   273   308   692   427   573   600   418
R33     1790   438   480   626   461   604   290   457   353   290   419
R33     1800   334   418   610   580   676   442   604   695  1399  1037
R33     1810   495   556   591   651   642   284   486   370   543   610
R33     1820   401   339   320   441   356   436   469   457   524   398
R33     1830   595   420   369   615   633   547   667   666   445   748
R33     1840   565   663   659   642   569   456   640   648   566   421
R33     1850   443   507   542   498   360   482   531   437   535   476
R33     1860   487   422   310   464   576   610   491   425   359   287
R33     1870   232   251   273   357   471   375   574   708   622   862
R33     1880   547   709   775   508   441   451   475   276   370   315
R33     1890   303   201   195   223   232   152   103   206   202   131
R33     1900   319   290   264   195   240   390   274   283   178   161
R33     1910   226   291   299   663   939   527   352   918  1177   754
R33     1920   683   406   530   516   816   577   547   399   509   755
R33     1930  1054   842   727   679  1197  1048  1487  1055  1055   766
R33     1940   714   637   662   757   772   477   576   653   647   479
R33     1950   399   712   403   298   222   254   366   323   323   347
R33     1960   396   339   419   659   576   917   967   694   778   451
R33     1970   590   697   876  1196   821  1308  1240  1309   620   903
R33     1980  1086  1126  1044  1394  1062   719   806  1237  1597  1998
R33     1990  2161  1333  1565  1208  1412  1090  1386  1666  1648  1381
R33     2000  1948  1656  1715  1671  2086  1945  1650  2475  2228  2307
R33     2010  2197  1702 -9999
R35-2   1799   392
R35-2   1800   485   459   401   506   561   503   696   508   506   316
R35-2   1810   302   267   323   167   127   254   233   274   312   172
R35-2   1820   166   171   315   297   296   275   191   172   249   338
R35-2   1830   381   423   252   592   737   968   778   695   397   545
R35-2   1840   463   400   443   507   592   677   712   465   715   379
R35-2   1850   612   740   780   550   529   571   444   403   516   509
R35-2   1860   611   384   408   527   364   333   147   207   305   331
R35-2   1870   307   205   167   231   275   274   231   312   311   538
R35-2   1880   228   228   124   229   291   333   478   333   419   400
R35-2   1890   503   647   416   173   180   437   252   460   564   334
R35-2   1900   745   873   542   543   894   824   485   611   505   506
R35-2   1910   582   814   917   790   931   638   546   591   823   915
R35-2   1920   877   543   731   665   854   978   894   908   962   898
R35-2   1930   773   883   890   978   981   925   824   632   718   634
R35-2   1940   783   931   655   677   952   866   634   698   826   698
R35-2   1950   761   841   462   400   294   483   463   591   676   401
R35-2   1960   316   211    63   464   549   611   739   507   401   296
R35-2   1970   296   349   243   190   218   183   317   296   285   349
R35-2   1980   465   307   243   465   550   466   254   254   381   254
R35-2   1990   212   233   254   127   381   360   402   402   550   254
R35-2   2000   550   783   655   673   546   610   714   567   610   904
R35-2   2010   737   457 -9999
R36     1636  1078   398   471   795
R36     1640   693   539   206   512   798   405   649   767   429   344
R36     1650   541   152  1076   616   237   278   538   565   400   254
R36     1660   312   438   373   184   212   230   294   275   227   257
R36     1670   312   376   168   295   379   295   401   379   316   232
R36     1680   401   549   317   550   359   338   572  1692   725   820
R36     1690   743   674   977   806  1111   669   714   329   303   469
R36     1700   465   780   842  1106   879  1275  1412  1159   656  1473
R36     1710   729  1115  1046  1341   866  1472   711   917   911  1124
R36     1720  1010  1037  1112   824   936   807   678   765   852   800
R36     1730   989   860   905  1104  1036  1373   953  1047  1115   817
R36     1740   988   703  1227   773   833   724   893   624   852   705
R36     1750   656   704   552   419   283   655   592   940   768   762
R36     1760   882   862   946   964  1036   922   752   735   691   792
R36     1770   903   974   961  1072   725   839   626   699   676   698
R36     1780   463   614   650   563   576   692   523   543   553   541
R36     1790   620   946   998  1049   928   804   645   542   683   604
R36     1800   570   511   567   604   612   755   670   557   539   765
R36     1810   479   391   325   347   296   501   545   696   493   354
R36     1820   506   596   803   886   998   958   788   761   845   735
R36     1830   576   649   738   821   824   799   879   564   633   631
R36     1840   538   438   419   490   376   304   350   406   364   382
R36     1850   395   380   419   277   234   613   490   390   410   271
R36     1860   294   304   285   383   271   345   325   438   530   481
R36     1870   383   380   491   473   645   545   434   604   599   622
R36     1880   335   475   307   600   706   777   730   565   636   741
R36     1890   570   591   424   348   253   669   475   675   627   285
R36     1900   546   727   741   558   610   704   560   757   714   602
R36     1910   680   633   507   500   762   635   337   453   774   553
R36     1920   663   489   588   612   694   667   680   498   587   552
R36     1930   699   523   429   579   639   622   662   588   695   720
R36     1940   745   787   586   656   763   810   837   759   684   574
R36     1950   522   800   759   653   427   454   531   809   859   665
R36     1960   836   778   600   555   406   617   845   525   559   402
R36     1970   534   450   442   509   335   455   456   472   334   340
R36     1980   310   277   236   187   431   367   401   552   289   505
R36     1990   569   381   462   432   640   535   661   564   688   330
R36     2000   396   415   426   435   410   432   445   518   314   537
R36     2010   482   301 -9999
R41     1750    87  1004   686   413   402   560   899   561   582   391
R41     1760   454   561   687   992  1035   984   931   963   793   582
R41     1770   571   835   476   169   738   465   909   719   751   645
R41     1780   635   423   539   760   549   548   691   429   862   737
R41     1790   831  1148  1021   977  1135   798   775   641   989  1006
R41     1800  1417   466   739   966  1160   904   557  1103   492  1018
R41     1810   362   763  1279   925  1292  1050  1432  1515  1332   756
R41     1820   372   765   862  1074   801  1692  1010   997  1370  1341
R41     1830  1305  1100   883  1294  1403  1183  1235  1221   823  1446
R41     1840   964  1102  1513  1424  1324  1366  1439   945  1433   998
R41     1850  1124  1162   991  1076  1086  1503  1202  1386  1429   930
R41     1860  1271  1096  1123  1599  1436  1361   919  1023  1121   969
R41     1870   670   683   823   798   859   748   664   890   905   854
R41     1880   534   599   645   990   859   895   878   675   837  1267
R41     1890   705   460   652   661   660   853   734   889   976   554
R41     1900   817   939   716   682   860   781   607  1119  1051   739
R41     1910   991   899   796   837   940   828   639   707   731   764
R41     1920   754   707   647   647   846   588   526   328   766   884
R41     1930   781   610   801  1004  1173   972  1170   906   749   732
R41     1940   867  1111   808   820   880   802   659   704   811   646
R41     1950   886  1177   790   659   626   606   571   599   725   501
R41     1960   532   664   715   655   597   750   555   649   626   394
R41     1970   348   358   520   524   529   598   615   788   596   472
R41     1980   486   400   413   385   493   451   454   663   530   180
R41     1990   181   280   299   160   272   348   439   436   571   289
R41     2000   382   445   488   536   526   532   562   451   615   671
R41     2010   532   435 -9999
R44     1792  1026  1034   474  1032   819   831   914   961
R44     1800   988  1175   493   779   935  1406  1659   945  1052   705
R44     1810   960   402   709   848  1450  1103  1527  1597  1307   818
R44     1820   768   883   965   808   849   830  1077  1535  1299  1675
R44     1830  1818  1788  2073  2695  2789  2245  2292  2448  1706  2679
R44     1840  1475  1870  1722  1698  1342  1053  1081  1037  1508  1130
R44     1850  1272  1979  1745  1667  1484  1208   795   947  1186   879
R44     1860  1271  1303  1309  1609  1444  1538  1197  1077  1444  1217
R44     1870   926  1038  1008   949  1194  1565  1229  1328  1089  1088
R44     1880   426   748   838  1342  1105  1224  1311   793  1204  1360
R44     1890   816   247   226   410   682   970   669   920   979   228
R44     1900   771   812   730   648  1053   856   760   873   961   764
R44     1910  1405  1242   997  1014  1697  1097   554  1053  1240   994
R44     1920   860   528   883   810   714   996   966   800   954   878
R44     1930   953   812   614   930   939   962   909   733   729   685
R44     1940   822   868   708   696   854   847   637   745   922   509
R44     1950   445   915   881   666   337   441   615   739  1060   626
R44     1960   762   931   698   656   293   811   743   804   814   586
R44     1970   842   563   444   848   255   662   454   923   783   601
R44     1980   683   445   442   317   661   911   598   789   650   359
R44     1990  1119   808   766   284   426   361   489   497   807   449
R44     2000   724   657   839  1213  1104   479   863   816   505   911
R44     2010   953   649 -9999
R47     1683   501   670   530   450   503   503   682
R47     1690   610   535   467   572   583   589   422   438   327   408
R47     1700   299   508   436   248   422   373   389   613   490   363
R47     1710   442   428   410   394   405   613   813   343   681   632
R47     1720   536   578   601   535   773   797   693   681   799   601
R47     1730   702   540   580   720   612   645   673   758   696   497
R47     1740   758   631   802   793   437   731   491   676   566   766
R47     1750   646   609   454   474   110   174   425   395   412   347
R47     1760   269   190   285   238   380   427   397   283   285   331
R47     1770   299   174   221   269   206   127   238   174   301   691
R47     1780   603   485   475   483   424   494   524   471   487   479
R47     1790   510   563   615   504   726   577   530   519   609   651
R47     1800   788   747   810   627   531   684   554   564   528   638
R47     1810   492   877   709   681   524   629   627   811   653   586
R47     1820   501   379   534   663   403   285   325   624   442   909
R47     1830   651   607   413   603   805   846   722   765   614   510
R47     1840   502   719   724   987   745   921   724   660   740   418
R47     1850   662   891   569   680   641   732   572   670   829   678
R47     1860   818   658   556   905   669   952   885   776   699   481
R47     1870   510   641   867   765   733   824   562   727   714   647
R47     1880   353   473   560   788   707   497   627   526   699   483
R47     1890   516   314   300   448   470   754   753   688   646   383
R47     1900   557   795   666   604   802   612   291   517   521   383
R47     1910   543   588   561   696   663   478   314   531   674   560
R47     1920   624   631   595   542   636   614   554   514   635   631
R47     1930   694   660   649   798   793   783   682   600   583   624
R47     1940   704   708   612   695   697   692   663   783   947   688
R47     1950   739   937   789   701   591   716   738   697   717   668
R47     1960   666   758   613   825   715   928   852   763   698   560
R47     1970   791   748   555   647   489   701   729   778   534   426
R47     1980   635   610   646   553   868   811   531   680   642   370
R47     1990   590   425   471   302   598   520   712   471   671   552
R47     2000   673   627   619   452   699   490   580   533   680   818
R47     2010   595   474 -9999
R49     1790   684   520   546   505   740  1025   812   641   610   525
R49     1800   876   714   708   590   821   728   555   680   563   399
R49     1810   360   531   368   277   401   253   445   448   484   329
R49     1820   211   355   599   423   556   721   782   735   494   641
R49     1830   732   818   837   808  1091  1064   820  1029   695   810
R49     1840   710   706   671   836   712   939   664   514   580   424
R49     1850   497   654   562   767   788   702   492   763   820   457
R49     1860   592   683   547   880   580   534   375   431   328   348
R49     1870   400   394   524   648   872   879   571   670   645   684
R49     1880   343   469   388   431   335   355   506   527   905  1110
R49     1890   519   437   514   680   771  1106   805   972   995   346
R49     1900   741   898   841   680  1389  1152   751  1048  1229   893
R49     1910  1125  1153   958   937  1174  1137   688  1074  1240  1017
R49     1920   942   543   754   885   905   912  1023   762   670   860
R49     1930  1124  1132   899   821  1263  1491  1435  1073   929   829
R49     1940  1178   848   796   785  1237  1163   548   680   857   577
R49     1950   527   661   504   406   157   341   578   694   902   782
R49     1960  1120   806   562   816   590  1013  1376  1297  1171   818
R49     1970  1093   709   416   589   308   406   265   458   354   281
R49     1980   321   315   312   300   473   590   672   556   404   225
R49     1990   412   225   326   195   360   328   551   349   519   315
R49     2000   570   472   350   360   307   329   402   338   328   377
R49     2010   569   408 -9999
R52     1704   274   244   220   229   291   301
R52     1710   331   237   325   244   230   256   371   292   371   555
R52     1720   341   419   300   463   587   411   490   371   513   458
R52     1730   405   360   335   332   342   323   399   360   282   314
R52     1740   336   301   583   463   354   456   401   373   251   417
R52     1750   440   466   320   414   338   333   701   535   604   438
R52     1760   398   414   450   409   419   418   340   370   427   399
R52     1770   427   348   371   346   598   628   447   355   414   432
R52     1780   336   301   312   354   183   226   266   281   247   300
R52     1790   330   429   437   333   311   342   376   435   359   448
R52     1800   434   392   387   434   297   340   299   398   425   250
R52     1810   282   277   385   332   233   183   244   324   303   227
R52     1820   209   169   251   277   233   182   248   338   274   382
R52     1830   328   301   147   240   255   383   309   257   211   324
R52     1840   250   247   282   314   309   350   249   141   314   144
R52     1850   227   326   407   273   269   277   179   277   357   315
R52     1860   302   185   177   379   194   261   174   213   231   272
R52     1870   258   250   243   338   290   225   145   220   206   180
R52     1880    78   136   213   185   232   186   270   139   163   220
R52     1890   136   190   141   139   104   219   204   207   266   128
R52     1900   211   216   234   165   202   226   236   158   181   161
R52     1910   212   329   244   259   267   213   158   323   387   275
R52     1920   302   277   386   346   393   399   368   325   280   336
R52     1930   261   307   326   400   360   333   278   279   397   467
R52     1940   402   546   414   489   544   470   389   258   446   299
R52     1950   359   504   361   243   224   286   222   413   538   481
R52     1960   436   451   432   338   229   303   329   485   446   304
R52     1970   381   262   214   269   241   375   263   416   476   402
R52     1980   360   300   250   235   381   317   269   475   349   287
R52     1990   438   200   266   143   322   319   337   231   413   365
R52     2000   550   482   390   390   306   402   431   349   305   579
R52     2010   467   266 -9999
R58     1909  1877
R58     1910  1580  1718  1706  2414  1633  2268  1776   920  1546  2208
R58     1920  2159  1859  1597  2123  1829  1911  2053  1515  1652  1828
R58     1930  2007  1982  1667  2180  2413  2456  2234  2156  2351  2278
R58     1940  2850  2214  1664  1567  1790  1480  1574  1325  1865  1984
R58     1950  2457  2752  2381  2193  1749  1743  1354  1546  2040  1645
R58     1960  2002  2047  1435  1472  1233  1523  1692  1708  1520  1216
R58     1970  1385  1383  1712  2342  1847  1984  1589  2238  1941  1456
R58     1980  1650  1726  1330  1160  1456  1250  1659  1489  1418  1242
R58     1990  1673  1263  1416  1082  1359  1399  1318  1196  1498  1056
R58     2000  1480  1355  1246  1397  1382  1200  1191  1052  1049  1149
R58     2010  1183   989 -9999
R60     1805   519   804   473   584   328
R60     1810   453   334   414   308   382   227   619   621   747   247
R60     1820   202   295   462   479   490   608   527   861   645   860
R60     1830   928   794   796   756   806   780   855   941   562  1097
R60     1840   675   679   921   809   778   731   580   535   959   809
R60     1850   795   938   658   495   570   528   264   406   478   283
R60     1860   469   320   307   681   529   734   521   767   607   474
R60     1870   349   298   322   517   524   425   693  1197   888   982
R60     1880   347   602   460   868   910  1270  1164   739  1116  1483
R60     1890   675   146   247   490   337   507   494   802   912   513
R60     1900  1200  1301  1329  1377  1681  1666  1134  1451  1491  1154
R60     1910  1287  1485  1270  1171  1481  1441  1116  1282  1619  1594
R60     1920  1538   999  1124  1153  1294  1374  1456  1174  1255  1466
R60     1930  1635  1503  1291  1475  1643  1547  1387  1321  1714  1615
R60     1940  2091  1833  1502  1440  1563  1592  1276  1314  1152   771
R60     1950  1142  1367  1231  1038   877   945   890  1077  1546   936
R60     1960  1086  1256  1091  1153   793  1123  1170  1143  1228   998
R60     1970  1130   980   823   982   624   896   753  1246   943   907
R60     1980  1063   990   883   958  1195  1005  1420  1505  1320  1103
R60     1990  1341  1087  1209   871  1122   983   747   819  1034   990
R60     2000  1215  1160  1097  1258  1145  1079   971   807   757   998
R60     2010   813   947 -9999
R02     1803   497   550   465   549   687   518   518
R02     1810   560   465   811   513   314   324   460   492   680   733
R02     1820   492   510  1067   855   702   430   479   501   448   413
R02     1830   402   581   276   438   631   624   688   762   582   646
R02     1840   550   412   338   275   496   668   379   369   341   358
R02     1850   397   418   503   367   595   606   523   604   523   423
R02     1860   501   472   481   547   418   379   320   334   321   314
R02     1870   305   371   424   376   451   455   343   389   360   379
R02     1880   170   331   347   497   445   384   421   189   354   295
R02     1890   244   161   219   236   247   363   301   370   497   163
R02     1900   379   346   326   216   604   498   423   376   396   267
R02     1910   480   552   514   489   462   373   303   333   411   370
R02     1920   386   390   428   281   415   300   364   294   310   297
R02     1930   334   343   321   281   375   340   279   240   284   283
R02     1940   324   343   231   236   257   180   185   237   243   188
R02     1950   161   207   236   177   127   153   197   182   178   121
R02     1960   153   196   178   160    90   194   175    81   169   162
R02     1970   198   119   170   232   104   173   185   224   152   102
R02     1980    92   151   172   139   142   218   205   176   198   162
R02     1990   140   173   209    69   134    91   155    76   146    66
R02     2000   120   130   105   151   124    93   123    96   107   137
R02     2010   135    81   165   155   159   139 -9999
