Q02     1503   345   280   409   311   256   302   260
Q02     1510   206   268   355   230   315   268   230   341   366   393
Q02     1520   347   407   388   354   325   405   453   651   757   817
Q02     1530   900   817   705   707   621   692   794   896  1055  1058
Q02     1540  1054   786   755   679   796   639   705   599   480   616
Q02     1550   549   668   596   616   652   521   632   592   520   597
Q02     1560   531   524   614   569   525   403   553   548   235   405
Q02     1570   438   374   385   445   472   482   374   426   385   476
Q02     1580   403   365   470   494   514   471   214   437   332   353
Q02     1590   373   454   443   486   513   341   333   303   189   315
Q02     1600   279   307   232   283   304   265   396   484   417   457
Q02     1610   380   327   331   442   462   471   484   522   500   541
Q02     1620   508   422   381   347   419   350   382   388   410   435
Q02     1630   426   449   428   434   515   484   394   397   439   424
Q02     1640   269   319   334   261   360   443   463   322   406   316
Q02     1650   429   472   400   310   365   455   526   441   498   527
Q02     1660   470   427   352   365   413   428   505   450   364   420
Q02     1670   427   378   487   558   468   517   474   464   514   570
Q02     1680   625   714   721   698   637   611   740   586   592   661
Q02     1690   537   564   545   582   597   419   337   351   465   438
Q02     1700   442   570   472   609   610   502   408   561   499   636
Q02     1710   648   853   707   817   485   426   634   716   620   768
Q02     1720   558   527   564   454   442   404   290   405   440   510
Q02     1730   532   562   550   528   509   629   661   638   589   439
Q02     1740   489   612   405   624   644   603   504   577   683   623
Q02     1750   535   496   435   411   184   304   421   391   437   370
Q02     1760   459   198   336   405   464   451   514   560   426   362
Q02     1770   446   453   399   367   493   277   499   460   512   485
Q02     1780   374   342   333   433   400   349   443   248   324   345
Q02     1790   336   360   475   557   529   467   517   318   374   343
Q02     1800   379   239   301   376   389   484   440   371   352   416
Q02     1810   114   236   188   254   364   298   397   501   363   275
Q02     1820   355   296   278   152   184   232   216   317   383   413
Q02     1830   317   403   287   220   272   220   243   184   145   201
Q02     1840    98   255   159   215   178    78   143   163   187   159
Q02     1850   123   243   179   215   198   213   178   146   187   215
Q02     1860   210   129   175   255   241   235   128   188   303   295
Q02     1870   296   307   271   277   256   247   155   213   200   246
Q02     1880   165   235   146   139   188   282   222   145   298   286
Q02     1890   253   192   200   176   127   142   133   173   162   115
Q02     1900   218   154   331   231   492   614   532   529   423   395
Q02     1910   556   491   442   242   506   563   256   406   506   469
Q02     1920   618   369   544   457   540   431   534   420   441   494
Q02     1930   539   414   367   378   433   364   330   471   486   514
Q02     1940   585   587   516   412   514   495   440   444   424   318
Q02     1950   443   472   647   575   409   499   364   472   479   459
Q02     1960   782   723   670   624   372   609   643   605   560   507
Q02     1970   512   554   567   471   209   445   493   543   406   515
Q02     1980   478   503   272   397   454   459   412   427   544   529
Q02     1990   600   412   512   399   531   428   536   325   473   334
Q02     2000   515   483   362   563   558   484   451   583   468   504
Q02     2010   363   250   384   662   637   674 -9999
Q96     1783   693   966   436   470   366   640   466
Q96     1790   596   657   552   649   621   512   598   361   558   480
Q96     1800   391   332   272   642   678   821   597   857   533   321
Q96     1810   174   413   272   191   312   194   251   354   372   269
Q96     1820   131   308   244   182   275   261   272   248   227   201
Q96     1830   179   280   251   217   288   273   319   357   198   324
Q96     1840   361   432   405   552   339   375   575   681   446   441
Q96     1850   419   646   652   591   611   586   526   516   492   292
Q96     1860   381   358   247   205   361   291   217   341   389   454
Q96     1870   341   457   356   263   307   458   481  1026   801   584
Q96     1880   490   876   785   726  1009   738   674   691   685   774
Q96     1890   740   727   708   791   452   650   630   778   510   508
Q96     1900   728   594   906   835  1314  1148  1198  1047  1159   774
Q96     1910   997   747   803   785   970  1356   720   956   879  1104
Q96     1920   994   796   832   796   900  1056   841   713   879   875
Q96     1930   956   791   794  1047   951  1052  1096  1236  1447  1398
Q96     1940  1379  1015   991  1013  1019  1215  1150   942  1038  1233
Q96     1950  1156  1143  1112  1112  1008  1197   946   907  1189  1695
Q96     1960  2221  2240  1771  1712  1265  1993  2032  1865  1462  1316
Q96     1970  1287  1315  1306  1126   934  1273   955  1034  1025  1235
Q96     1980  1229  1152   697   848  1020   915  1024   902   587   681
Q96     1990   777   591  1091   958  1144   818  1019   831  1029   850
Q96     2000  1076  1155   856   916   870   831   630   782   820   689
Q96     2010   549 -9999
Q20     1644   486   417   627   438   493   616
Q20     1650   575   473   446   520   527   539   584   569   645   873
Q20     1660   713   740   665  1040   685   811   653   883   826   909
Q20     1670   866   832   575   972   754   951   878   625   643   751
Q20     1680   739   620   750   703   653   528   510   887   378   422
Q20     1690   445   664   546   445   419   493  1540   859   742  1703
Q20     1700  1091   846   793  1045  1474  1069  1018  1100  1186  1193
Q20     1710   893   987   735   704   838   402   555   522   774   812
Q20     1720   850   758   612   601   618   898   867   658   759   600
Q20     1730   592   756   804   664   659   714   752   571   342   377
Q20     1740   399   452   397   491   473   475   491   489   599   596
Q20     1750   685   616   360   510   359   288   280   185   228   187
Q20     1760   218   279   319   389   211   321   381   311   276   351
Q20     1770   323   318   309   483   426   377   380   352   254   412
Q20     1780   353   351   294   517   436   430   384   486   679   478
Q20     1790   665   730   420   709   353   496   516   574   559   521
Q20     1800   538   653   483   587   604   732   425   627   781   403
Q20     1810   626   451   368   475   551   622   624   804   687   619
Q20     1820   704   700   634   605   468   673   685   650   577   522
Q20     1830   428   478   431   438   447   393   436   435   325   500
Q20     1840   359   478   455   412   294   243   427   326   395   258
Q20     1850   375   498   307   327   345   362   287   262   283   260
Q20     1860   270   216   244   295   274   256   228   257   300   277
Q20     1870   258   272   265   309   271   344   191   193   236   256
Q20     1880   176   319   280   311   190   247   270   337   405   298
Q20     1890   292   313   258   274   194   235   250   292   199   153
Q20     1900   232   303   344   278   377   328   318   335   317   352
Q20     1910   372   344   326   302   316   267   167   243   290   240
Q20     1920   304   234   294   274   273   279   276   230   247   270
Q20     1930   276   207   220   243   148   175   184   213   263   243
Q20     1940   240   243   231   234   307   291   303   283   278   294
Q20     1950   311   301   452   429   374   422   338   339   405   426
Q20     1960   617   519   474   494   315   593   501   532   435   445
Q20     1970   505   533   501   432   325   543   479   538   397   429
Q20     1980   424   416   374   473   485   452   400   366   400   391
Q20     1990   363   318   428   347   452   405   419   411   493   410
Q20     2000   488   344   376   516   491   429   513   510   484   463
Q20     2010   462   419   768   704   781   816 -9999
Q22     1698   518   796
Q22     1700  1012   564   282   599   374   395   423   381   282   677
Q22     1710   380   363   314   493   389   409   423   345   303   423
Q22     1720   486   247   430   282   289   296   339   339   317   422
Q22     1730   327   531   427   469   376   434   540   545   413   306
Q22     1740   440   650   443   648   597   612   631   702   823   778
Q22     1750   857   718   409   390   564   638   479   726   599   587
Q22     1760   624   575   528   558   627   580   594   658   485   438
Q22     1770   548   604   689   573   666   390   656   538   551   721
Q22     1780   530   529   506   498   498   414   395   354   398   392
Q22     1790   399   414   464   466   580   469   456   332   379   307
Q22     1800   391   219   204   288   297   465   424   438   456   378
Q22     1810   283   258   311   241   350   354   493   451   371   291
Q22     1820   310   256   284   310   340   372   304   361   386   286
Q22     1830   239   323   328   334   346   201   270   264   230   182
Q22     1840   154   271   261   247   168   197   260   235   222   160
Q22     1850   209   256   199   227   208   186   175   208   252   217
Q22     1860   240   186   220   254   202   228   154   175   172   207
Q22     1870   201   187   226   148   142   221   150   166   205   225
Q22     1880   162   211   187   213   253   295   251   238   339   242
Q22     1890   261   264   200   211   181   202   190   284   270   168
Q22     1900   314   288   309   303   437   447   408   458   451   441
Q22     1910   489   414   495   380   504   436   279   344   412   441
Q22     1920   501   437   483   478   524   487   443   426   461   469
Q22     1930   372   250   193   275   223   261   306   343   365   360
Q22     1940   300   404   312   404   519   493   448   504   496   495
Q22     1950   507   432   438   497   467   482   366   416   434   365
Q22     1960   552   606   545   595   370   546   563   579   475   404
Q22     1970   452   494   425   412   370   530   460   559   427   564
Q22     1980   493   478   373   550   527   515   457   458   469   517
Q22     1990   545   441   523   402   503   466   469   374   466   344
Q22     2000   505   499   410   477   554   491   472   539   544   585
Q22     2010   317   231 -9999
Q23     1606   581  1308   699   809
Q23     1610   711   379   599   633   323   383   693   728  1362  1221
Q23     1620  1350  1135   403  1032   740   667  1209   927   906   916
Q23     1630  1064  1074   720   866   737   589   598   627   508   537
Q23     1640   602   901   941   983  1728  1946  1296   538   649   624
Q23     1650   729   354   355   373   452   588   411   485   490   630
Q23     1660   305   457   482   253   218   283   467   350   336   550
Q23     1670   573   756   918   419   500   413   455   538   287   684
Q23     1680   633   749   485   802   816   693   622   818   649  1412
Q23     1690   907  1039  1160  1079   828   532   798   510   583   726
Q23     1700   429   434   506   538   354   266   518   398   447   427
Q23     1710   645   968   764   571   706   640   877   503   697   802
Q23     1720  1028   656   767   619   692   658   618   520   503   649
Q23     1730   581   559   584   487   392   574   544   635   539   499
Q23     1740   446   494   710   993   733   666   617   727   570   615
Q23     1750   797   592   462   633   658   433   421   506   566   719
Q23     1760   542   583   479   450   553   646   712   757   746   604
Q23     1770   548   726   920   749   746   930   577   781   743   784
Q23     1780   751   575   484   499   594   550   458   530   497   387
Q23     1790   544   551   653   943  1104  1046   936   903   595   475
Q23     1800   576   768   493   487   465   468   638   600   485   405
Q23     1810   275   234   160   188   214   313   559   702   570   323
Q23     1820   382   374   338   500   481   641   526   537   538   518
Q23     1830   470   496   530   479   530   483   498   543   661   385
Q23     1840   271   385   480   442   302   274   449   615   527   196
Q23     1850   255   402   271   228   318   332   314   364   473   449
Q23     1860   400   323   344   343   391   328   253   332   501   449
Q23     1870   439   344   348   305   365   377   225   310   416   457
Q23     1880   152   129   166   252   199   255   299   289   363   488
Q23     1890   557   431   312   367   191   306   205   332   284   126
Q23     1900   175   279   306   302   770   542   558   502   502   451
Q23     1910   445   402   381   212   398   420   262   411   384   330
Q23     1920   395   283   478   307   463   388   348   387   378   395
Q23     1930   360   322   250   304   196   204   159   158   196   277
Q23     1940   298   402   342   235   208   305   325   239   289   308
Q23     1950   242   287   436   411   252   235   176   407   465   186
Q23     1960   330   256   299   307   293   519   533   417   404   406
Q23     1970   343   443   229   228   174   275   292   330   283   321
Q23     1980   291   299   148   242   235   260   184   148   260   262
Q23     1990   241   243   350   323   413   294   423   214   253   175
Q23     2000   346   362   296   373   403   383   321   352   345   286
Q23     2010   291   222 -9999
Q31     1450   772   560   660   782   529   605   541   394   364   494
Q31     1460   545   458   500   570   596   499   595   612   538   652
Q31     1470   507   360   528   381   409   602   297   391   486   455
Q31     1480   463   445   432   536   466   212   355   444   255   338
Q31     1490   454   338   348   528   391   400   305   463   255   455
Q31     1500   530   412   582   486   423   434   600   779   675   457
Q31     1510   624  1026  1081   795   665   708 67988   475   419   342
Q31     1520   309   270   247   401   528   352   330   344   361   318
Q31     1530   329   360   443   341   330   231   211   254   297   349
Q31     1540   380   466   347   338   338   319   232   335   310   455
Q31     1550   487   646   632   769   546   541   438   495   504   463
Q31     1560   577   455   469   497   362   392   373   359   370   264
Q31     1570   333   466   432   431   609   481   435   284   351   325
Q31     1580   536   503   580   741   574   676   626   392   461   575
Q31     1590   621   680   650  1090  1030  1080   817  1034  1136   884
Q31     1600  1195   584   540   394   455   526   640   679   779   652
Q31     1610   978  1067   852   619   560   681   780   895   785   786
Q31     1620   862   707   644   619   461   361   203   360   263   369
Q31     1630   504   423   494   454   361   582   425   366   441   423
Q31     1640   550   246   470   393   304   411   379   354   292   523
Q31     1650   211   364   413   336   271   303   441   405   346   369
Q31     1660   400   437   344   218   234   404   396   313   214   328
Q31     1670   359   329   368   410   535   425   426   471   454   478
Q31     1680   535   484   524   618   557   498   482   563   492   471
Q31     1690   392   344   369   482   370   413   290   243   370   256
Q31     1700   401   353   433   401   447   489   493   264   602   301
Q31     1710   487   407   429   555   497   292   492   416   396   346
Q31     1720   389   278   350   360   317   341   365   358   312   448
Q31     1730   482   362   413   337   330   350   415   339   388   277
Q31     1740   252   234   196   305   295   261   299   298   381   381
Q31     1750   369   379   350   330   221   375   545   478   443   458
Q31     1760   395   344   346   417   469   506   345   415   396   389
Q31     1770   401   443   429   372   466   384   611   528   603   528
Q31     1780   458   468   416   380   338   384   415   273   338   352
Q31     1790   333   456   504   537   715   568   551   416   424   410
Q31     1800   429   283   382   341   402   541   417   320   234   296
Q31     1810   175   239   193   208   242   284   399   438   319   264
Q31     1820   370   361   376   353   328   407   323   352   374   268
Q31     1830   202   294   202   219   197   181   180   195   102   167
Q31     1840   122   146   180   150    94    75    99   135   134   134
Q31     1850   128   179   121   125   119   115   140   125   151   135
Q31     1860   177   124   153   207   190   145   131   136   208   167
Q31     1870   172   164   133   113   125   161    61    81   105   161
Q31     1880    90   156   104   219   125   156   178   120   177   176
Q31     1890   181   163   158   137    95   147   146   171   168    92
Q31     1900   142   183   171   181   275   292   266   281   242   193
Q31     1910   281   283   253   227   295   285   127   191   276   241
Q31     1920   250   178   220   229   339   330   233   243   257   270
Q31     1930   314   283   280   271   400   396   344   294   378   463
Q31     1940   396   386   432   347   419   471   380   341   290   212
Q31     1950   219   208   257   283   195   215   189   343   351   329
Q31     1960   465   337   508   632   410   595   485   320   265   246
Q31     1970   292   355   192   206   140   185   252   211   221   274
Q31     1980   270   232   174   222   267   238   181   218   264   264
Q31     1990   260   270   484   312   345   232   279   185   201   135
Q31     2000   244   272   205   284   400   226   199   302   231   236
Q31     2010   145   117 -9999
Q33     1741   652   774   811   680   735   566   620   649   574
Q33     1750   446   487   469   449   346   436   310   479   448   481
Q33     1760   593   579   436   617   537   526   569   539   539   434
Q33     1770   476   592   478 15965   486   395   526   453   496   521
Q33     1780   427   463   428   504   557   408   472   421   376   448
Q33     1790   443   522   653   565   606   639   633   681   517   551
Q33     1800   598   593   569   728   864  1008   965   694   623   578
Q33     1810   407   282   345   445   575   904   603   736   603   423
Q33     1820   497   583   510   625   531   691   477   635   823   729
Q33     1830   711   730   602   701   653   546   656   579   484   515
Q33     1840   581   646   760   746   612   917   789   742   771   733
Q33     1850   761   784   601   648   482   452   470   490   569   498
Q33     1860   510   443   574   579   465   644   402   547   632   596
Q33     1870   683   712   716   621   578   602   644   890   936   967
Q33     1880   587   594   606  1158  1032   952  1052   916   897   703
Q33     1890   794   715   592   556   446   513   455   648   571   332
Q33     1900   723   629   758   633   987   934   819  1208  1179  1099
Q33     1910   989   842   888   846  1136  1148   790   814   764   842
Q33     1920   936   589   690   643   671   631   571   496   640   699
Q33     1930   803   750   709   742   753   619   685   773  1020  1356
Q33     1940  1496  1732  1695  1290  1220  1417  1346  1296  1376  1330
Q33     1950  1224  1405  1440  1495  1495  1140   498   673   822   964
Q33     1960  1123  1060  1198  1213   890  1124  1031   883   941   986
Q33     1970   889   773   687   715   520   772   845  1030   698   721
Q33     1980   791   858   646   757  1026   880   884   694   813   888
Q33     1990   997   841  1228  1228  1246  1093  1305  1061  1171   964
Q33     2000  1116  1240   866   909  1188  1066   817   948   908   935
Q33     2010   822   655 -9999
Q35     1519   735
Q35     1520   790   416   592   894   728   705   419   560   502   528
Q35     1530   727   588   592   553   494   439   583   668   673   514
Q35     1540   619   549   510   321   578   461   488   337   436   394
Q35     1550   298   377   400   454   480   524   720   604   634   587
Q35     1560   639   568   436   472   565   449   526   494   490   562
Q35     1570   650   587   414   427   479   437   543   505   556   544
Q35     1580   673   510   451   404   294   401   566   468   495   526
Q35     1590   394   633   539   457   511   573   505   439   322   590
Q35     1600   375   542   641   605   579   493   548   414   661   546
Q35     1610   519   604   427   499   335   326   501   390   560   605
Q35     1620   493   586   602   514   480   511   563   490   540   530
Q35     1630   523   440   441   438   363   374   403   358   358   365
Q35     1640   399   454   417   461   418   429   496   444   374   366
Q35     1650   421   373   231   331   302   328   340   390   320   370
Q35     1660   363   303   361   408   365   339   375   447   407   221
Q35     1670   440   393   321   334   296   210   303   308   307   318
Q35     1680   353   440   381   265   500   526   442   542   520   520
Q35     1690   469   500   421   506   565   436   367   415   427   432
Q35     1700   284   429   404   492   466   485   585   511   407   531
Q35     1710   461   585   529   603   499   637   543   524   488   519
Q35     1720   412   497   452   350   365   336   303   318   367   405
Q35     1730   419   388   370   418   409   454   325   433   262   277
Q35     1740   387   428   326   432   397   409   431   442   382   411
Q35     1750   372   309   376   235   310   312   353   330   385   349
Q35     1760   352   309   306   318   326   314   352   420   385   334
Q35     1770   418   458   435   386   535   387   468   400   399   426
Q35     1780   282   344   374   432   372   366   370   306   292   319
Q35     1790   315   329   367   345   464   405   364   372   339   328
Q35     1800   328   316   277   325   339   448   384   340   243   260
Q35     1810   199   230   162   230   284   324   400   371   311   237
Q35     1820   316   264   301   214   257   280   297   306   277   244
Q35     1830   259   265   294   211   277   218   240   250   251   236
Q35     1840   301   307   259   255   260   161   207   201   211   139
Q35     1850   130   169   164   176   142   178   154   154   147   133
Q35     1860   157   114   128   149   127   136   118   119   155   154
Q35     1870   145   134   148   151   105   112   114   138   122   129
Q35     1880    89   136   114   133   114   147   152   120   179   198
Q35     1890   157   158   138   129   124   106    73   155    85    98
Q35     1900   151   146   139    93   160   215   179   143   155   116
Q35     1910   212   175   172   145   194   187    97   152   182   161
Q35     1920   180   125   192   162   203   225   169   137   126   167
Q35     1930   116   141   145   135   135   174   146   151   172   187
Q35     1940   188   179   155   174   180   191   148   242   166   197
Q35     1950   236   258   279   236   160   193   180   188   243   238
Q35     1960   381   227   248   260   148   268   311   233   239   195
Q35     1970   217   210   157   194   146   192   191   248   194   219
Q35     1980   227   182   141   148   293   234   207   198   250   229
Q35     1990   277   227   295   205   271   200   274   189   214   174
Q35     2000   339   271   252   329   355   316   264   336   294   332
Q35     2010   227   193   192   169   266   293 -9999
Q68     1811   676   381   360   487   423   549   295   463   592
Q68     1820   720   502   609   572   703  5614   831   792  1153  2976
Q68     1830  2786  1594  2251  1281  2940  3086   427  1524   426  7091
Q68     1840  1584  2446   773  3663  3370   975   871   903  3514  6904
Q68     1850  1581  3833   112   145   141   115   117   136   128   133
Q68     1860   145   166   141   149   155   163   110   130   145   117
Q68     1870   106   109   113   150   107   145    97   100    83   105
Q68     1880   115   138   105   151   120   120   108   128   121   123
Q68     1890   119   113   119   113   124   117   135   112    90    69
Q68     1900   111   151   139   115   222   204   184   199   189   152
Q68     1910   198   212   209   207   215   192   119   169   167   167
Q68     1920   191   155   188   136   158   185   150   183   171   169
Q68     1930   199   190   153   204   164   145   151   199   249   219
Q68     1940   204   226   210   168   172   226   173   166   122   138
Q68     1950   158   159   203   175   133   354   163   280   280   303
Q68     1960   317   254   288   375   234   270   227   255   339   270
Q68     1970   215   324   313   225   193   205   208   273   264   274
Q68     1980   238   234   231   214   193   272   284   269   270   249
Q68     1990   335   218   409   249   302   184   348   248   371   300
Q68     2000   178   287   243   266   419   198   220   276   333   306
Q68     2010   324   243 -9999
Q71     1596   254   230   210   530
Q71     1600   374   353   512   369   421   317   541   525   456   883
Q71     1610   456   302   320   339   383   580   750   633   554   325
Q71     1620   383   453   441   493   451   541   575   553   382   400
Q71     1630   391   307   349   387   274   382   220   396   435   356
Q71     1640   354   502   528   337   415   335   359   354   297   332
Q71     1650   312   360   324   380   337   281   366   416   457   368
Q71     1660   358   421   364   382   376   315   393   380   318   323
Q71     1670   391   312   365   325   286   405   430   401   453   428
Q71     1680   519   465   515   411   528   652   639   474   426   685
Q71     1690   592   492   543   545   403   540   443   381   356   305
Q71     1700   335   325   316   253   235   299   402   450   436   392
Q71     1710   533   416   385   459   405   436   338   344   483   463
Q71     1720   398   394   362   351   352   316   289   265   294   448
Q71     1730   329   409   390   300   275   273   291   356   377   405
Q71     1740   396   444   332   378   319   491   425   432   338   458
Q71     1750   491   600   514   531   601   490   485   386   406   509
Q71     1760   480   382   391   423   471   488   595   639   574   418
Q71     1770   554   454   525   548   469   476   368   628   448   544
Q71     1780   550   465   462   423   407   555   501   540   368   339
Q71     1790   352   392   563   598   573   549   615   852   567   621
Q71     1800   539   626   369   535   530   527   684   527   546   415
Q71     1810   419   492   409   325   476   528   638   592   565   479
Q71     1820   512   534   394   420   382   583   505   538   515   452
Q71     1830   385   521   370   320   513   295   373   402   268   394
Q71     1840   231   464   427   398   318   324   446   430   427   306
Q71     1850   345   540   412   416   434   438   364   433   423   367
Q71     1860   343   327   470   489   478   474   269   394   492   504
Q71     1870   496   506   406   427   514   628   429   636   535   580
Q71     1880   343   472   401   476   496   529   572   556   530   716
Q71     1890   584   665   598   521   368   407   372   641   464   374
Q71     1900   626   556   578   517   795   790   825   852   690   590
Q71     1910   746   605   590   445   625   523   332   441   487   472
Q71     1920   593   428   630   573   752   691   685   568   606   534
Q71     1930   641   612   482   492   556   417   466   447   625   716
Q71     1940   688   674   798   665   565   804   879   786   699   685
Q71     1950   708   804   984   889   669   930   610   757  1036   972
Q71     1960  1420  1036  1071  1084   713  1130   942   781   971   822
Q71     1970   745   883   681   567   398   580   519   600   545   601
Q71     1980   598   597   428   546   644   525   436   495   576   519
Q71     1990   512   509  1093   835   823   667   946   606   692   670
Q71     2000   943   987   757   876  1194   979   847   866   827   851
Q71     2010   758   609   757  1030   458   210 -9999
Q75     1762   238   286   286   286   317   357   277   285
Q75     1770   301   301   332   316   508   246   491   351   305   341
Q75     1780   212   297   266   277   312   232   311   229   263   233
Q75     1790   222   248   274   299   370   323   341   238   332   384
Q75     1800   404   232   353   349   324   529   344  1595   417   333
Q75     1810   465   188   294   356   476   490   508   520   501   384
Q75     1820   443   402   393   472   371   582   474   439   436   391
Q75     1830   367   377   322   299   279   243   373   316   188   247
Q75     1840   220   329   380   328   154   183   214   176   246   141
Q75     1850   160   252   162   205   183   222   209   218   277   202
Q75     1860   221   169   189   266   257   250   178   244   325   338
Q75     1870   372   383   332   295   274   302   192   240   219   228
Q75     1880   148   155   127   153   190   262   293   274   349   355
Q75     1890   360   354   226   187   152   211   180   274   231   193
Q75     1900   293   340   297   270   442   404   428   425   401   357
Q75     1910   426   394   460   382   472   464   211   404   414   435
Q75     1920   546   334   402   462   506   511   448   423   443   479
Q75     1930   487   452   399   449   406   399   413   346   446   484
Q75     1940   501   476   494   369   493   513   493   437   478   391
Q75     1950   397   466   675   650   413   485   312   379   695   637
Q75     1960   786   773   630   676   456   708   569   669   619   554
Q75     1970   548   629   547   550   438   571   453   575   533   536
Q75     1980   515   581   434   484   573   439   562   572   641   530
Q75     1990   590   482   718   625   755   595   733   548   733   650
Q75     2000   752   766   702   731  1040   962   935   928   834   824
Q75     2010   745   742   838   978   977  1033 -9999
Q76     1870   868   530  1324   772   656   616   546   908  1124  1221
Q76     1880   701  1044   964  1439  1183  1233  1800  1492  1573  1900
Q76     1890  1340  1191   934   789   672   766   797   985   804   508
Q76     1900  1019   919   826   878  1122   891  1214  1339   989   930
Q76     1910  1035   887   762   678   973  1193   538   968  1067   934
Q76     1920  1022   921  1160  1443  1653  1435  1447  1282  1238  1361
Q76     1930  1181  1396  1209  1046  1446  1258  1167  1216  1352  1692
Q76     1940  1643  1607  2067  1355  1355  1685  1713  1166  1029  1121
Q76     1950  1339  1246  1290  1078  1487  1608   825   816   913  1229
Q76     1960  1609  1172  1243  1577  1141  1468  1724  1189  1195  1228
Q76     1970  1286  1201  1082   713   601  1002   859  1133  1124  1334
Q76     1980  1236  1323   821  1310  1330  1070   939   919  1256  1155
Q76     1990  1055   955  1575  1073  1042   888  1357  1037  1107   857
Q76     2000  1444  1435  1067  1290  1827  1307  1163  1526  1332  1382
Q76     2010  1334  1144 -9999
Q77     1644 19993   465   495   469   441   539
Q77     1650   713   324   493   344   325   663   539   477   583   616
Q77     1660   464   428   451   465   546   589   882   708   716   683
Q77     1670   923   781   414  1296   963   727   644   537   597   889
Q77     1680   790   703   669   579   529   646   669   798   642   797
Q77     1690   753   677   675   588   591   858   702   545   825   341
Q77     1700   352   421   534   439   410   390   411   386   427   385
Q77     1710   386   405   396   449   491   392   425   570   593   452
Q77     1720   614   572   505   604   626   683   615   604   621   733
Q77     1730   711   606   600   578   642   640   719   681   690   582
Q77     1740   594   670   876   662   617   516   457   609   645   637
Q77     1750   599   627   616   638   533   568   711   836   821  1104
Q77     1760  1150  1328  1395  1367  1432  1412  1203  1144   916  1000
Q77     1770  1089  1159  1086  1042  1035   966  1054   909   764   917
Q77     1780   559   546   559   647   742   461   580   563   560   646
Q77     1790   712   712   776   720   735   517   799   486   641   644
Q77     1800   613   387   410   518   566   573   408   481   407   442
Q77     1810   265   343   449   488   682   807  1006   931   744   711
Q77     1820   882   834   940   651   753  1019   768   731   826   717
Q77     1830   624   595   517   455   488   365   439   387   348   336
Q77     1840   274   395   313   401   275   263   408   325   352   284
Q77     1850   261   338   268   327   388   393   400   357   358   327
Q77     1860   302   267   391   257   301   327   227   300   297   284
Q77     1870   277   312   319   326   319   327   218   289   313   212
Q77     1880   173   256   211   222   183   217   246   268   398   377
Q77     1890   339   346   304   329   208   216   255   313   282   164
Q77     1900   329   331   294   318   421   458   430   475   457   359
Q77     1910   481   425   406   310   391   396   273   355   316   328
Q77     1920   370   247   323   232   268   283   290   294   276   301
Q77     1930   260   241   248   231   206   192   139   168   244   226
Q77     1940   205   242   231   233   233   463   257   262   255   433
Q77     1950   275   323   392   415   329   404   276   317   414   433
Q77     1960   595   559   492   568   384   537   498   509   486   577
Q77     1970   512   573   542   444   381   533   518   540   508   561
Q77     1980   567   531   378   488   542   490   555   579   664   622
Q77     1990   562   561   696   548   778   724   761   523   686   678
Q77     2000   730   766   504   667   702   604   559   771   781   702
Q77     2010   694   717 -9999
Q37     1788  6265   475
Q37     1790   332   360   495   484   634   550   556   421   481   508
Q37     1800   504   404   422   443   449   599   428   341   313   395
Q37     1810   142   143  3432   354   686   562   603   567   519   391
Q37     1820   492   470   512   407   213   384   306   328   456   502
Q37     1830   456   450   450   586   506   565   543   738   516   582
Q37     1840   605   694   615   496   385   495   621   631   637   653
Q37     1850   542   517   414   466   375   331   396   471   416   450
Q37     1860   380   420   478   479   451   566   453   516   523   489
Q37     1870   445   461   513   460   366   469   371   503   569   545
Q37     1880   519   478   540   952   724   635   672   714   734   963
Q37     1890   846   749   740   680   592   580   551   803   673   669
Q37     1900   858   861   954   762  1135  1022   918  1128   964   843
Q37     1910   878   855   880   710   946   918   770   844   841   886
Q37     1920   874   784   685   793   831   690   759   631   676   687
Q37     1930   647   609   622   629   562   563   520   589   826   803
Q37     1940   809   783   731   638   624   642   557   506   468   513
Q37     1950   510   609   713   647   586   514   480   458   738   877
Q37     1960  1204  1035   860   854   611   927   884   674   735   729
Q37     1970   729   687   612   458   326   528   442   618   483   538
Q37     1980   522   595   362   518   546   436   486   502   591   546
Q37     1990   521   417   705   603   635   578   714   567   649   557
Q37     2000   764   680   520   652   684   644   534   563   548   483
Q37     2010   396   431   423   496   644   612 -9999
Q39     1782   513   379   499   393   409   252   405   455
Q39     1790   228   471   525   539   502   520   541   398   361   403
Q39     1800   538   402   367   510   576   731   620   389   514   341
Q39     1810   276   282   205   124   153   251   260   336   189   160
Q39     1820   246   262   222   262   210   369   337   314   433   278
Q39     1830   234   254   298   242   254   265   285   230   131   250
Q39     1840   178   198   234   210   171   214   158   214   198   170
Q39     1850   221   210   190   218   167   214   222   258   234   210
Q39     1860   302   349   333   353   393   349   321   392   431   427
Q39     1870   427   388   355   386   438   383   336   518   416   603
Q39     1880   430   413   246   581   531   448   639   552   524   496
Q39     1890   479   488   468   495   336   407   456   610   502   436
Q39     1900   614   629   569   577   591   662   642   697   604   416
Q39     1910   651   518   654   597   644   699   537   391   489   509
Q39     1920   468   389   459   452   501   497   543   491   493   498
Q39     1930   377   367   458   395   373   267   317   264   370   313
Q39     1940   262   295   251   240   247   228   279   296   184   284
Q39     1950   308   261   354   263   282   250   302   414   304   295
Q39     1960   348   361   365   404   217   468   328   238   221   222
Q39     1970   291   387   270   143   126   293   238   227   212   223
Q39     1980   257   249   217   251   302   254   254   225   305   235
Q39     1990   244   252   270   246   324   325   357   317   270   262
Q39     2000   516   436   443   531   595   599   602   625   468   484
Q39     2010   499   452   540 -9999
Q41     1681 61010   769  1028  1324   759   784   924   787   566
Q41     1690   618   486   578   522   520   524   251   476   633   422
Q41     1700   630   477   611   670   839   780   568   490   688   556
Q41     1710   608   717   604   819   711   382   491   426   476   492
Q41     1720   310   418   345   501   359   409   377   445   330   448
Q41     1730   350   355   234   240   305   289   281   383   361   163
Q41     1740   230   269   198   359   286   422   346   448   439   416
Q41     1750   366   394   367   362   284   203   284   240   314   245
Q41     1760   292   234 60066   409   438   566   527   605   503   406
Q41     1770   479   555   514   513   551   400   847   752   681   663
Q41     1780   486   522   477   366   390   399   475   273   354   338
Q41     1790   371   364   448   392   528   435   413   283   312   339
Q41     1800   337   223   260   375   390   406   278   316   258   351
Q41     1810   161   302   421   226   350   441   615   607   452   367
Q41     1820   558   523   480   411   297   578   544   717   771   650
Q41     1830   456   683   665   589   634   369   331   541   373   473
Q41     1840   266   450   490   456   231   208   325   454   437   305
Q41     1850   331   486   245   364   321   348   255   450   414   353
Q41     1860   295   246   334   375   318   301   181   352   422   443
Q41     1870   403   403   411   323   323   434   221   265   313   410
Q41     1880   235   463   350   328   304   286   307   234   306   326
Q41     1890   344   291   250   262   171   208   230   269   233   127
Q41     1900   264   322   323   249   470   429   364   514   418   265
Q41     1910   421   396   402   273   392   324   182   254   320   318
Q41     1920   338   181   308   293   264   336   257   265   323   324
Q41     1930   275   269   194   281   276   235   204   290   435   324
Q41     1940   291   316   250   295   302   332   322   333   304   223
Q41     1950   316   410   423   326   282   263   223   263   361   316
Q41     1960   493   283   231   290   174   380   253   249   237   215
Q41     1970   263   328   212   151   128   210   211   240   178   250
Q41     1980   250   228   145   218   265   245   212   232   277   252
Q41     1990   277   204   364   353   448   378   432   230   448   351
Q41     2000   555   364   368   461   432   336   344   394   320   338
Q41     2010   284   302   324 -9999
Q43     1597  1016  1495  1671
Q43     1600  1414  1768   741   664   892   825   810   573   938   815
Q43     1610   755  1281  1112   947   936   759   812  1002  1045   887
Q43     1620   651   472   540   776   701   628   715   568   542   303
Q43     1630   517   894   706   588   867   892   789   840   659   650
Q43     1640   526   410   161   217   108   206   322   330   235   272
Q43     1650   413   105   252   341   312   256   283   267   201   355
Q43     1660   318   325   269   277   218   116   159   178   263   135
Q43     1670   347   377   316   240   374   386   321   367   421   320
Q43     1680   422   404   303   469   601   516   509   351   450   369
Q43     1690   392   476   388   454   379   386   561   418   172   381
Q43     1700   262   235   191   296   392   320   333   219   159   402
Q43     1710   201   370   242   357   314   333   155   375   330   340
Q43     1720   352   202   229   187   205   192   123   157   312   241
Q43     1730   218   202   261   272   246   233   251   207   268   224
Q43     1740   322   307   340   145   453   266   282   288   455   535
Q43     1750   399   373   313   262   326   181   190   175   338   148
Q43     1760   372   252   179   150   235   257   219   375   498   404
Q43     1770   455   595   630   582   508   589   251   670   472   539
Q43     1780   654   390   378   349   500   394   331   465   281   338
Q43     1790   290   239   369   371   366   612   492   513   339   403
Q43     1800   322   420   289   332   297   310   476   346   431   232
Q43     1810   349   444   400   208   260   267   348   366   293   212
Q43     1820   278   239   421   308   222   398   290   389   342   274
Q43     1830   242   347   249   281   307   174   318   299   209   321
Q43     1840   195   360   314   302   173   146   259   218   319   186
Q43     1850   168   343   252   197   276   325   274   237   266   253
Q43     1860   239   147   180   284   233   207   134   168   272   348
Q43     1870   191   189   170   165   219   338   149   234   175   185
Q43     1880   108   287   144   203   138   221   186   147   252   257
Q43     1890   196   189   180   215   184   200   195   213   177   129
Q43     1900   229   220   279   192   390   343   371   299   276   276
Q43     1910   420   357   345   325   431   413   202   372   401   307
Q43     1920   458   263   379   298   448   394   353   354   432   373
Q43     1930   476   492   407   376   414   439   393   314   505   487
Q43     1940   493   555   489   461   457   581   508   464   420   484
Q43     1950   471   487   556   423   351   390   421   373   517   416
Q43     1960   743   409   407   368   218   446   297   277   342   315
Q43     1970   317   293   179   250   171   283   281   314   256   262
Q43     1980   269   377   199   225   359   356   304   338   387   306
Q43     1990   329   252   301   262   484   300   511   297   371   277
Q43     2000   459   470   401   534   513   421   416   476   452   461
Q43     2010   390   444   534 -9999
Q50     1836   289  1631   503   723
Q50     1840   786   922   824   863   757  1155  1079   926  1110   884
Q50     1850   756   744   505   832   758   812   856   896   674   633
Q50     1860   562   852  1081  1107   885   915   845   966  1076  1048
Q50     1870  1080   905   846   578   668   719   662  1024   891   993
Q50     1880   693   736   758   881   993   778   929   935   826   927
Q50     1890   742   852   817   555   510   553   589   641   561   479
Q50     1900   735   821   826   707  1334   999   860  1092  1011   695
Q50     1910   737   778   671   619  1068  1115   611   876  1001   908
Q50     1920   902   626   883   806   718   762   634   503   551   661
Q50     1930   722   613   577   690   680   616   547   594   898   965
Q50     1940  1006   884   889   753   849   967   839   758   901   911
Q50     1950   939  1020   982   898   845  1045   726  1251  1877  1598
Q50     1960  1741  1460  1111  1035  1148  1638  1337  1132   974   982
Q50     1970   872   893   794   768   510   652   644   725   512   513
Q50     1980   555   595   329   513   713   618   526   550   548   560
Q50     1990   862   587   851   687   861   613   902   721   984   703
Q50     2000   805   750   543   688   616   470   538   638   609   586
Q50     2010   482   380   417   696   753   702 -9999
Q46     1735   165   145   154   134   105
Q46     1740   118   161    61   127   112   113   112   163   251   311
Q46     1750   221   224   259   181   124   105   238   296   330   395
Q46     1760   257   292   331   287   242   306   299   279   241   201
Q46     1770   228   182   220   290   309   193   336   253   335   361
Q46     1780   301   285   247   242   247   184   193   137   126   126
Q46     1790    96   111   161   150   169   198   281    82   185   258
Q46     1800   284   218   240   235   206   122   234   248   134   208
Q46     1810    66   113   151    88   181   186   261   270   240   202
Q46     1820   149   159   222   152   147   266   198   249   216   175
Q46     1830   135   151    99    63   140   185   143   107    97    97
Q46     1840    41   167   117   161   146   130   111   125   141    71
Q46     1850    40   145    95   130   171   161   133   138   139   139
Q46     1860   108    77    41   103   113   145    98   103   149   150
Q46     1870   154   123    98    51   122   128    46   112    66   107
Q46     1880    25    92   113    82    87   107   159   148   140   144
Q46     1890   133   148   139   117    61   113    97   118   127    61
Q46     1900   188   183   183   148   230   366   347   316   355   350
Q46     1910   334   299   238   229   261   261   139   149   177   182
Q46     1920   204   162   141   146   173   209   219   146   151   125
Q46     1930   166   134   123   107    87   113   133   108   211   226
Q46     1940   276   237   250   135   211   249   165   162   131    77
Q46     1950   127   148   184   163   102   107   117    66   183   309
Q46     1960   365   306   342   314   175   225   220   167   209   169
Q46     1970   145   151   117   182   108   119   160   255   201   126
Q46     1980   162   164   110   109   110   160   140   140   129   164
Q46     1990   166   125   132   111   169   107   149   102   112    91
Q46     2000   172   112   121   131   130   100   100   106   137   142
Q46     2010   132    61   132   174   144   185 -9999
