Q01     1694  1476  1174  1412  1111   619  1492
Q01     1700  1460  1699  1238  1285  1127  1318  1603  2126  1397  2095
Q01     1710  1635  1536  1567  1645  1646  1569  1238  1585  1700  1990
Q01     1720  1774  1508  1395  1628  1553  1587  1554  1348  1317  1349
Q01     1730  1730  1618  1299  1156   918   775   870   870   934   871
Q01     1740   775   947   901   807   918   729   870   713   825   905
Q01     1750   730   841   825   730   778   508   619   556   522   522
Q01     1760   588   444   587   919   676   807   771   838   909  1104
Q01     1770  1199  1332  1273  1465  1476   922  1059  1090  1052   857
Q01     1780   991  1158   942  1056  1051   974  1106  1077  1104  1046
Q01     1790   769  1550  1205   986  1271  1153  1165  1138  1090   866
Q01     1800   713  1053   985   833   967   989  1223  1329  1022   928
Q01     1810   581  1260  1045  1046  1005   870   971  1064   849   938
Q01     1820   895   744   618   512   648   317   428   567   619   635
Q01     1830   628   685   465   799   882   722   488   682   386   759
Q01     1840   538   718   645   840   878   764   709   800  1007   747
Q01     1850   696   690   614   620   661   706   685   781   944  1084
Q01     1860   907   656   788  1191   835  1051   860   788   834   646
Q01     1870   619   724   857   789   765   820   638   769   650   779
Q01     1880   554   665   679   778   622   670   818   615   770   796
Q01     1890   793  1030   505   358   422   482   428   412   569   480
Q01     1900   649   698   767   673   897   738   732   747   866   699
Q01     1910   796   957   774   755   955   817   548   798   854   791
Q01     1920   775   551   888   599   629   610   522   552   582   684
Q01     1930   647   619   705   839   740   914   737   796   909   825
Q01     1940   954   960  1120   874   883   897   712   824  1112   863
Q01     1950  1050   867   914   728   730   871   691   620   907   656
Q01     1960   747   731   595   664   624   749   650   662   523   404
Q01     1970   593   594   490   569   385   514   480   578   488   543
Q01     1980   504   513   414   467   593   489   340   407   287   273
Q01     1990   328   280   309   290   357   308   400   297   371   296
Q01     2000   352   312   455   390   279   292   359   329   362   417
Q01     2010   270   300   364   371   379   323 -9999
Q04     1733  1333  1142  1221  1143  1048  1345  1157
Q04     1740  1098  1064   873  1031   825   998  1000  1206  1127   889
Q04     1750   921   841   635   825   524   651   760   744   683   698
Q04     1760   760   510   659   989  1175  1175  1095  1111  1079   905
Q04     1770  1063  1205   997  1219  1172   475   617   791  1023   880
Q04     1780  1020  1034  1006  1336  1178  1179  1340   974  1125  1136
Q04     1790  1417  1292   951   906  1144  1094   951   739   897   827
Q04     1800   756   871  1029   859   825   970   894   869   743   642
Q04     1810   454  1006  1534  1239  1339  1144  1116  1291   832   810
Q04     1820   806   826   955   755   679   561   260   755   603   608
Q04     1830   526   631   456   650   632   439   314   327   355   608
Q04     1840   373   490   474   649   523   586   683   624   833   625
Q04     1850   611   702   518   557   770   689   575   644   778   893
Q04     1860   955   757   738  1136   782   808   803   826   891   687
Q04     1870   619   746   994   820   750   610   444   638   579   621
Q04     1880   411   543   592   711   587   615   626   430   531   547
Q04     1890   518   522   441   412   444   547   561   496   513   450
Q04     1900   570   676   561   584   621   578   609   537   626   629
Q04     1910   756   768   670   675   771   636   436   535   570   581
Q04     1920   646   522   616   477   537   474   447   422   407   424
Q04     1930   489   545   608   740   889  1030   717   879  1379  1564
Q04     1940  1416  1451  1180   815  1091  1041   734   729   874   730
Q04     1950   759   576   469   366   444   539   414   454   497   189
Q04     1960   299   266   231   266   240   314   242   235   231   195
Q04     1970   233   205   137   211   126   222   258   359   256   268
Q04     1980   287   336   204   256   304   292   219   285   252   293
Q04     1990   325   214   251   211   300   228   263   186   261   151
Q04     2000   263   263   237   257   254   288   289   217   183   258
Q04     2010   164   190   428   324   340   309 -9999
Q05     1736  1466  1502   706  1308
Q05     1740   752  1791  1534  2534  1878  1857  1797  1968  2313  1840
Q05     1750  2259  1444  1285   964   730   660  1370  1068   869  1032
Q05     1760   976   766   961   857   731   378   840  1015   740   803
Q05     1770   910  1143   973   867  1012   612  1112   985   900   946
Q05     1780  1159   846   867  1413  1459  1056  1203  1013  1414  1541
Q05     1790   950  1349  1348  1433  1518  1077  1076   845   995  1049
Q05     1800   974  1218  1186  1201  1299  1505  1251   965  1186  1163
Q05     1810   428   832  1046   987  1151  1054  1113  1140   985   876
Q05     1820  1035   885   858   698   663   746   729   627   694   742
Q05     1830   955  1056   832  1016   957   943   859   999   739   985
Q05     1840   724   889  1047  1239  1147  1216  1151  1123  1446  1139
Q05     1850  1213  1317   960  1130  1093  1051  1008   993  1012  1111
Q05     1860  1057   790   919  1138   825   970   836   898   867   775
Q05     1870   799   985  1035   936   984  1105   860   915  1063  1187
Q05     1880   969   934   917   954   781   909   899   740   762   773
Q05     1890   910   846   613   713   572   708   692   743   772   628
Q05     1900   846   776   790   775   991   842   787   767   990   790
Q05     1910   825   928   708   863  1098  1137   921  1029  1207  1181
Q05     1920  1133  1125  1147   766   847  1039   837   898  1102  1167
Q05     1930  1215   991  1097  1211   963  1128   981  1150  1330  1287
Q05     1940  1330  1341  1331  1170  1258  1361  1101  1222  1308   947
Q05     1950  1033  1096  1048   973   805   919   709   776   931   748
Q05     1960   885   780   801   836   720   821   812   867   774   636
Q05     1970   782   732   588   809   476   672   646   780   671   689
Q05     1980   742   718   544   556   745   647   615   596   508   524
Q05     1990   734   623   679   615   882   643   652   485   524   486
Q05     2000   602   594   628   602   622   571   628   513   539   715
Q05     2010   574   526   605   546   682   718 -9999
Q06     1858  3677  2665
Q06     1860  3035  2482  1823  2399  2132  2146  1678  1892  2175  2700
Q06     1870  2397  2448  1872  1971  1968  2010  1504  1859  1595  1952
Q06     1880  1053  1442  1302  1357  1477  1950  1995  1501  1562  1672
Q06     1890  1846  1817  1427  1326  1092  1252  1050  1372  1457   966
Q06     1900  1375  1971  1914  1770  2314  2135  2163  1861  2111  1597
Q06     1910  1534  1689  1550  1241  3625  2906  2311  2271  2396  2322
Q06     1920  2170  1827  2110  2160  1922  2040  1968  1656  1461  1519
Q06     1930  1674  1708  1591  1505  1696  1975  1612  1924  1984  2223
Q06     1940  2254  2452  2276  1865  2092  2278  1683  1544  1801  1593
Q06     1950  1688  1626  1767  1592  1377  1461  1257  1255  1718  1429
Q06     1960  1820  1643  1407  1645  1358  1640  1508  1734  1362  1240
Q06     1970  1505  1539  1084  1556  1102  1275  1127  1292  1703  1733
Q06     1980  1558  1577  1154  1243  1542  1404  1076  1321  1167  1228
Q06     1990  2032  1326  1327  1292  1627  1169  1339  1168  1481  1009
Q06     2000  1283  1384  1151  1099  1078  1090  1106   908   923  1007
Q06     2010   884   765   816   721   783   883 -9999
Q07     1909  1033
Q07     1910  1282  1080  1131   779   959  1416  1361  1038  1294  1011
Q07     1920  1431   659  1428  1333  1115  1230  1531  1440  1422  1366
Q07     1930  1594  1144  1163   950  1629  1475  1573  1736  1650  1711
Q07     1940  2195  1708  1860  1480  1806  1730  1236  1236  1714  1300
Q07     1950  1195  1547  1797  1913  1326  1352  1129  1214  1561  1555
Q07     1960  2283  1220  1613  1615  1058  1551  1696  1891  2069  1473
Q07     1970  1692  1645  1042  1502  1162  1460  1529  2053  1659  1667
Q07     1980  2067  2085  1474  1384  2477  2068  1993  2142  1840  1611
Q07     1990  2525  2233  2766  2231  2718  2058  2616  1720  2473  2124
Q07     2000  2626  2329  2379  2592  3055  2711  2463  2667  2532  2589
Q07     2010 -9999
Q08     1901  2556  1099   903  1704  1200  1248  1397   927   738
Q08     1910   843   633   843   861   965  1215   480   817  1299   940
Q08     1920  1114   314  2656  1689  1745  1974  2212  2034  2293  1689
Q08     1930  1935  2089  1634   638  1192  1535  1625  2312  2570  1900
Q08     1940  2206  1711  1788  1378  1556  1389  1015  1300  1688  1560
Q08     1950  1637  1868  1897  1781  1706  1590  1123  1742  2214  1562
Q08     1960  2112  2246  2136  2421  1836  2362  2117  2399  2701  2129
Q08     1970  1759  1867  1346  2036  1585  1950  1848  2334  2074  2093
Q08     1980  2221  2382  1792  1671  1395  1864  2490  2185  2192  1542
Q08     1990  2681  1405  2100  1288  2484  2107  2344  1671  2867  1915
Q08     2000  2449  2260  2104  2534  2653  2774  2458  1894  1473  2151
Q08     2010 -9999
Q09     1776   859   811   954   786
Q09     1780   899   976   957  1263  1064  1102  1086   837  1021  1146
Q09     1790  1097  1058  1056  1167  1305  1032  1020   671   829   682
Q09     1800   743   902   940   943  1084  1161   961   842   811  1032
Q09     1810   582   663   768   879  1127   959   938  1046  1110  1177
Q09     1820   986   965  1167  1174   794   875   770   603   646   648
Q09     1830   524   608   755   902  1051   883   778   839   505  1238
Q09     1840   841   946   924   991   947   886   844   484   908   908
Q09     1850   888  1037   783   931   930   846   780   761   803   931
Q09     1860  1037   698   550  1174  1085  1215   809   857  1196  1159
Q09     1870   912  1159  1105   838   830  1052   853  1388  1120  1784
Q09     1880   694  1194   909  1365  1148  1484  1475  1143  1378  1518
Q09     1890  1539  1590  1199  1048   849  1218  1083  1140  1495   965
Q09     1900  1468  1950  1778  1660  1749  1795  1815  1559  1710  1533
Q09     1910  1943  1628  1436  1196  1633  1604   706   990  1095  1229
Q09     1920  1669  1156  1487  1268  1282  1435  1562  1399  1583  1666
Q09     1930  2019  2118  1683  1535  2551  2421  1931  1846  2296  2005
Q09     1940  1838  1938  1733  1586  2468  2531  2329  1764  2057  1823
Q09     1950  2044  1779  1948  1560  1282  1496  1370  1440  1844  1469
Q09     1960  2030  1850  1571  1714  1492  1850  1708  1694  1576  1272
Q09     1970  1680  1644  1192  1514   874  1196  1076  1710  1621  1726
Q09     1980  1726  1957  1056  1037  1415  1629  1174  1409  1270  1135
Q09     1990  1679  1224  1522  1267  2089  1259  1659  1306  1722   995
Q09     2000  1303  1433   950  1039  1336  1350  1456  1022  1023  1340
Q09     2010 -9999
Q10     1777   959  1106   773
Q10     1780   914   588   910   826  1055   443   878  1065  2082   977
Q10     1790   623   727  1363   903   947   946   819   715   809   566
Q10     1800   628   534   905   857  1147   962   707   605   651   583
Q10     1810  1065   800   749   741  1199   608   849   960   920   408
Q10     1820   532   867   891   977   501   469   542   608   521   583
Q10     1830   489   448   615   681   827   665   700   725   639   859
Q10     1840   591   923  1176  1462  1106   805   881   766   874   546
Q10     1850   700   891   749   675   765   839   772   747   806   679
Q10     1860   927   629   530   808   731   795   572   788   834   626
Q10     1870   632   542   561   595   581   672   456   532   472   712
Q10     1880   355   883   944  1307   844   777   759   956  1182  1130
Q10     1890   956   913   768   715   615   850   690   734   742   551
Q10     1900   840   953   903   747   964   940   904   859   920   870
Q10     1910   882   975   723   797  1210  1048   604  1038  1086  1012
Q10     1920  1248   835  1482  1236  1160  1326  1066  1176  1349  1258
Q10     1930  1412  1231  1242  1211  1296  1092  1211  1252  1417  1592
Q10     1940  1686  1620  2005  1775  1417  1602  1072  1244  1581  1257
Q10     1950  1424  1650  1584  1505  1404  1595  1289  1350  1842  1483
Q10     1960  1821  1192  1507  1507  1172  1479  1217  1677  1667  1214
Q10     1970  1383  1529   859  1380   942  1317  1148  1387  1489  1307
Q10     1980  1335  1417  1152  1148  1651  1571  1319  1402  1277  1242
Q10     1990  1664  1240  1352  1039  1705  1440  1461  1082  1727  1249
Q10     2000  1674  1431  1673  1492  1538  1370  1917  1489  1218  1320
Q10     2010 -9999
Q11     1846  2209  2040  2175  1564
Q11     1850  1163  1638  1465  1837  2495  2129  1677  1985  2113  2351
Q11     1860  2462  1769  1719  2195  1950  2238  1704  1526  1966  1837
Q11     1870  1708  1654  1774  1673  1759  2017  1694  1445  1592  2362
Q11     1880  1287  1177  1473  1866  1777  1960  1927  1632  1754  2028
Q11     1890  2333  2022  1662  1455  1375  1568  1346  1327  1462  1217
Q11     1900  1782  2141  1819  1638  2198  2256  2510  1934  1905  1624
Q11     1910  1827  1645  1647  1587  2018  1747  1467  1643  1679  1425
Q11     1920  1473  1464  1624  1561  1472  1681  1737  1510  1580  1583
Q11     1930  1695  1854  1687  1735  1672  1683  1693  1901  1940  1970
Q11     1940  1993  1912  2098  1623  1957  1472  1123  1242  1555  1151
Q11     1950  1557  1370  1312  1364  1274  1594  1192  1425  1784  1347
Q11     1960  1572  1582  1249  1496  1379  1617  1596  1666  1568  1339
Q11     1970  1741  1629  1185  1667  1221  1388  1175  1963  1636  1741
Q11     1980  1625  1893  1147  1154  1345  1506  1362  1090  1149  1056
Q11     1990  1793  1277  1286  1211  1734  1347  1423  1284  1780  1391
Q11     2000  1607  1624  1507  1516  1508  1514  1276  1402  1312  1379
Q11     2010 -9999
Q12     1866   697   493   696  1226
Q12     1870  1040   700   824   800  1246  1188   683  1670   928   956
Q12     1880   590  1130   765   907  1086  1589  1056   573  1045  1927
Q12     1890  1456  1423   923   744   900  1191   773  1310  1249   674
Q12     1900  1390  1368  1587  1354  1732  2134  1655  1106  1191  1025
Q12     1910   960  1013  1121   876  1427  1280   541   766  1118   764
Q12     1920   777   416   825   609   672   621   954   912   993   844
Q12     1930  1172  1127   955  1045  1511  1209   809   939  1143  1130
Q12     1940  1449  1461  1222   836  1184   978   942   930  1373   963
Q12     1950   981  1060  1269  1298  1182  1350   642   987  1346  1250
Q12     1960  1674  1640  1378  1633  1337  1549  1368  1267  1222  1069
Q12     1970  1255  1085   749  1365   825  1045   870  1334  1337  1462
Q12     1980  1336  1406   892   749  1535  1290  1325  1545  1241   929
Q12     1990  1439   709  1848  1638  2528  1233  2343  1066  2272  1218
Q12     2000  1779  1778  1425  1436  1312  1832  1378  1218  1090  1660
Q12     2010 -9999
Q13     1741  1588  1910  2189  1938  2070  1187  1243   981   701
Q13     1750   757   505   539   652  1048  1330  1410   823   752   765
Q13     1760   565   627   647   868   766   801   922   911  1058  1116
Q13     1770  1115   991   802   691   814   509   571   746   781   730
Q13     1780   849   860   806   963   934   802   878   751   945  1064
Q13     1790   919  1005  1199  1249  1466  1241  1133   866   871   738
Q13     1800   791   898  1136   904   957  1154  1126  1322   944   894
Q13     1810   532   942   865  1011  1016   784   903  1079   906   904
Q13     1820   676   695   989   877   583   774   895  1015   726   760
Q13     1830   793   982   909  1169  1042   981  1144  1173  1068  1326
Q13     1840  1176  1244  1298  1425  1268  1120   962   922  1164   919
Q13     1850  1067  1359  1369  1211  1242  1273  1169  1384   991  1466
Q13     1860  1521  1318  1347  2086  1618  1936  1059  1153  1495  1395
Q13     1870  1211  1554  1719  1599  1418  1812  1405  1470  1418  1798
Q13     1880  1114  1343  1311  1575  1101  1330  1762  1261  1404  1365
Q13     1890  1448  1376  1342  1235  1088  1130   993  1028  1175   919
Q13     1900  1142   973  1301  1365  1627  1664  1660  1351  1528  1160
Q13     1910  1166  1351  1124  1089  1371  1222   790  1309  1223  1084
Q13     1920  1211   784  1343   892   911   827   741   842   878   893
Q13     1930  1424  1354  1196  1259  1598  1559  1207  1299  1557  1144
Q13     1940  1207   981   989   990  1130  1203  1007   966  1383   948
Q13     1950  1145  1039   897   850   846  1039   895   957  1172   880
Q13     1960  1136   968   739   747   745  1049   982   992   687   637
Q13     1970   792   663   347   672   421   650   606   846   609   558
Q13     1980   572   645   448   439   711   592   542   564   445   420
Q13     1990   640   470   442   452   594   527   588   321   492   363
Q13     2000   498   499   510   481   380   433   445   320   377   470
Q13     2010   266   223   395   347   406   329 -9999
Q14     1775  1138  1575  1642  1730  1393
Q14     1780  1520  1415  1267  2084  1814  1487  1564  1122  1458  1650
Q14     1790  1411  1693  1437  1751  2022  1417  1581  1268  1757  1287
Q14     1800  1587  1226  1225  1161  1264  1565  1545  1353  1333  1012
Q14     1810   443   741  1032  1034  1288  1028  1053   867  1411  1200
Q14     1820  1049  1152  1255  1228  1085  1464  1458  1545  1460  1405
Q14     1830  1492  1273  1237  1536  1559  1166  1130  1496  1040  1354
Q14     1840   926  1097  1090  1325  1275  1289  1463  1234  1630  1241
Q14     1850  1231  1549  1346  1373  1568  1541  1441  1599  1784  1725
Q14     1860  1732  1289  1319  1598  1177  1386  1090  1260  1362  1191
Q14     1870  1090  1242  1389  1280  1359  1325   977  1258  1301  1363
Q14     1880   767  1044   948  1001   820  1130  1201   874  1130  1073
Q14     1890  1485  1446  1248  1155   874  1248  1209  1193  1227   859
Q14     1900  1447  1800  1504  1513  1579  1831  1821  1697  1878  1825
Q14     1910  1710  1539  1547  1485  1808  1647  1295  1326  1142  1191
Q14     1920  1168   970  1227  1158  1108  1210  1074  1210  1177  1176
Q14     1930  1260  1211  1454  1174  1420  1447  1395  1341  1456  1543
Q14     1940  1661  1740  1610  1386  1384  1405  1016  1307  1418  1114
Q14     1950  1237  1137  1137  1154  1094  1184   693  1097  1168   943
Q14     1960  1052  1040   978  1258  1026  1145  1101  1166   913  1006
Q14     1970  1141  1039   874  1106   720   941   778  1117   867   915
Q14     1980   885  1004   735   788   955   806   862   936   788   812
Q14     1990   920   731   887   864   856   809  1012   799   974   670
Q14     2000   831   815   762   841   838   902   805   695   788   854
Q14     2010   616   649   752   727   753   703 -9999
Q15     1741  1275   774   815   754   880  1091  1193  1451  1266
Q15     1750  1392  1174   740   822   930   782  1182   781   717   907
Q15     1760   928   739   716   863   801   737  1180  1097   970   758
Q15     1770   927   969   823   781   972   592   887   909  1142   994
Q15     1780  1164   972   910  1269  1461  1374  1565  1100  1460  1460
Q15     1790  1100  1036  1184  1206  1396  1206  1057   911  1163   952
Q15     1800  1017   825  1184  1187  1079  1163   825   932   847   825
Q15     1810   444  1014  1182  1164  1566  1331  1258  1445  1106  1038
Q15     1820  1008   945  1325  1193   670   855   921   731   806   773
Q15     1830   800   952   842  1010  1122   886   715   748   704   746
Q15     1840   691   899   709   940   772   825  1005   773   983   777
Q15     1850   837  1111   995   882  1019  1005  1022  1175  1120  1105
Q15     1860  1076   852   806  1175   939  1043   868   963   997   881
Q15     1870   812   862   936   948   967   996   850   919   926  1132
Q15     1880   696   961   871  1154   800  1061   881   909   888   876
Q15     1890   859  1015   848   868   804   937   895   809   902   648
Q15     1900   784  1016   911   930  1109  1056  1123  1066  1140  1042
Q15     1910  1039  1091   880   982  1297  1073   569   965  1134  1042
Q15     1920   951   719  1243   988   964  1079  1096  1044  1074  1229
Q15     1930  1354  1311  1299  1249  1240  1191  1228  1330  1502  1386
Q15     1940  1386  1609  1552  1317  1581  1797  1395  1606  1800  1231
Q15     1950  1370  1591  1705  1482  1301  1218  1082  1085  1338  1100
Q15     1960  1493  1144  1251  1311  1154  1466  1410  1528  1557  1125
Q15     1970  1507  1708  1110  2047  1280  1507  1523  1756  1711  1520
Q15     1980  1334  1345   904  1039  1417  1413  1045  1228  1031   975
Q15     1990  1355  1058  1059   890  1342  1104  1249   867  1335   843
Q15     2000  1272  1365  1293  1388  1514  1438  1564  1612  1407  1418
Q15     2010 -9999
Q16     1770  1387  1336  1068  1093  1446   814  1042  1169  1318  1479
Q16     1780  1591  1382  1548  1590  1422  1360  1402  1067  1274  1315
Q16     1790  1131  1357  1171  1234  1616  1513  1446  1278  1616  1432
Q16     1800  1307  1186  1489  1415  1185  1485  1429  1495  1219  1238
Q16     1810   504  1227  2193  1667  1743  1426  1408  1440  1135  1186
Q16     1820   816   954  1013  1142   957  1345  1306  1521  1369  1354
Q16     1830  1242  1342  1229  1469  1494  1204  1198  1500  1169  1815
Q16     1840  1091  1208  1279  1748  1443  1162  1198   997  1508  1099
Q16     1850  1077  1301  1137  1079  1170  1215  1005  1234  1252  1200
Q16     1860  1097   928   833  1231  1107   935   808   877  1060   882
Q16     1870   993  1157  1137  1143  1196  1025   939  1276  1261  1396
Q16     1880   846  1149   983  1373  1160  1390  1249  1094  1328  1255
Q16     1890  1622  1591  1333  1142  1018  1334  1166  1240  1142   931
Q16     1900  1356  1317  1304  1382  1450  1487  1710  1519  1480  1401
Q16     1910  1452  1384  1400  1265  1664  1459  1109  1161  1321  1185
Q16     1920  1118   929  1150  1003  1171  1093  1018   883   833   808
Q16     1930   973  1143  1226  1151  1405  1410  1215  1159  1502  1305
Q16     1940  1380  1417  1171  1044  1436  1553  1345  1602  1693  1334
Q16     1950  1498  1388  1381  1210  1138  1386  1021  1341  1849  1039
Q16     1960  1385  1338  1261  1534  1300  1533  1589  1580  1542  1489
Q16     1970  1691  1453  1099  1393   900  1056  1123  1690  1349  1328
Q16     1980  1483  1931  1276  1507  1716  1577  1726  1660  1335  1321
Q16     1990  1740  1247  1486  1356  1749   933  1399  1258  1589   901
Q16     2000  1098  1257  1026  1139  1244  1655  1399  1091  1217  1210
Q16     2010 -9999
Q17     1921   574  1077   599   983   666   972   757   783   774
Q17     1930  1052  1149  1010   700   687  1161  1368  1308  1809  1923
Q17     1940  1571  1693  1943  1684  2088  2069  1546  1367  1753  1626
Q17     1950  1697  2052  1823  1883  1509  1857  1445  1619  1780  1342
Q17     1960  2085  1892  1924  2510  1448  2218  2369  2892  2821  2323
Q17     1970  2194  1928  1491  1838  1605  2148  1904  2320  2143  1881
Q17     1980  2199  2372  1751  1793  2177  2775  2614  2723  2330  2155
Q17     1990  2524  2176  2602  1760  2357  2069  2165  1761  2505  1850
Q17     2000  2285  2296  2326  2634  2593  2455  2121  2430  2286  2379
Q17     2010  2839  2018  2174  1984  2426  3737 -9999
Q18     1877   738   766   760
Q18     1880   428   616   474   579   776   800   775   602   627   825
Q18     1890  1037  1227  1079  1059  1162   995   972  1226  1534  1311
Q18     1900  1771  1796  1820  1796  1841  1461  1417  1481  1713  1378
Q18     1910  1311  1268  1191  1130  1177  1040   860  1260  1120   910
Q18     1920  1158   995  1048   693   637   707   662   722   805   796
Q18     1930   941   849   935  1042   922   939   835   820   919   833
Q18     1940   977   959   966   894  1110  1152  1040   985  1168  1107
Q18     1950  1141   972   823   773   869  1141   967   910  1098   997
Q18     1960  1663  1239  1052  1252  1217  1516  1220  1272   839   655
Q18     1970  1084  1195   868   965   693   941   853  1078   858   825
Q18     1980   965  1118   869   962  1204  1440  1207  1209   946   854
Q18     1990  1484  1230  1357  1182  1977  1542  1845  1295  1848  1279
Q18     2000  1796  1762  1560  1837  1621  1436  1406  1071  1286  1328
Q18     2010 -9999
Q19     1831  1098   963  1025  1169   877   919  1095   975  1383
Q19     1840   739   924   718  1062   775   777   862   718   995  1067
Q19     1850   963  1027  1013  1187  1261  1159  1155  1241  1384  1340
Q19     1860  1237   825   987  1086  1166  1207  1002   900  1040  1050
Q19     1870  1058  1121  1059   999  1165   720   757   937   879  1140
Q19     1880   712   503   582   624   675   715   817   675   872   935
Q19     1890  1161  1346  1066  1010   804   909   794   724   934   786
Q19     1900   964  1143  1142  1204  1348  1499  1759  1760  1696  1484
Q19     1910  1466  1521  1319  1328  1431  1294  1135  1124  1185  1116
Q19     1920  1307  1167  1207  1006   934   904  1179  1061  1123  1385
Q19     1930  1390  1350  1225  1247  1258  1374  1492  1404  1563  1641
Q19     1940  1795  1930  1876  1999  2454  2500  1883  1709  1813  1440
Q19     1950  1594  1272  1190  1218  1110  1135  1050  1005  1139  1106
Q19     1960  1339  1258  1319  1335  1218  1411  1344  1303  1253  1056
Q19     1970  1190  1142   830   800   620   820   714   941   791   779
Q19     1980   795   984   792   774   931  1043   964  1183  1038   970
Q19     1990  1534  1262  1450  1060  1494  1127  1313  1108  1450  1360
Q19     2000  2215  2112  1648  1541  1407  1588  1268  1258  1217  1366
Q19     2010 -9999
Q66     1869  2326
Q66     1870  1683  1697  1662  1379  1576  1398   923  1451   877  1814
Q66     1880   946  1363   922  1377  1662  1905  1666  1475  1520  1798
Q66     1890  1853  1382  1233  1071   981  1471  1154  1383  1687  1014
Q66     1900  1574  1611  1675  1153  1740  2215  1957  1700  1576  1552
Q66     1910  1708  1970  1777  1516  1952  2113  1310  1397  2046  1967
Q66     1920  2145  1380  1810  1587  1501  1811  1652  1465  1605  1573
Q66     1930  1630  1383  1223  1372  1893  1552  1461  1669  1662  1591
Q66     1940  1817  1720  1681  1442  1635  1759  1448  1433  1553  1246
Q66     1950  1458  1573  1693  1575  1205  1306  1005  1247  1452  1139
Q66     1960  1744  1508  1263  1274  1009  1359  1238  1192  1393  1188
Q66     1970  1309  1245  1031  1313   842  1098  1152  1652  1311  1171
Q66     1980  1255  1368   815   872  1400  1641  1416  1295  1067   982
Q66     1990  1376  1088  1249  1061  1455  1283  1434  1090  1334   892
Q66     2000  1156  1148  1060  1294  1408  1207  1118  1061  1083  1274
Q66     2010  1073   935  1418  1379  1314  1335 -9999
Q69     1790  1484  1786  1727  2008  1857  1166  1140  1117  1185  1083
Q69     1800  1129   783  1054  1090   984  1182  1108   971   835   677
Q69     1810   341   862   793   785   967   987  1126  1065   869   716
Q69     1820   791   782   933   815   695   799   726   766   901   720
Q69     1830   888   813   640   768   890   758   650   763   726   968
Q69     1840   546   853  1058  1368  1192   929   951   880  1608   860
Q69     1850  1197  1179  1131   848  1050  1298  1163  1162  1221  1120
Q69     1860  1159  1093  1014  1374   972   974   792   821  1009  1264
Q69     1870  1043  1223  1156  1229  1232  1016   868  1104  1114  1212
Q69     1880   808   795   782   793   887  1101   892   764   943  1035
Q69     1890  1023  1304  1052   820   863  1158   908  1040  1145   819
Q69     1900  1286  1282  1445  1128  1455  1516  1785  1354  1395  1162
Q69     1910   585  1163  1367  1101  1572  1554   958  1133  1455  1399
Q69     1920  1693   987  1507  1275  1204  1068  1454  1201  1207  1126
Q69     1930  1183  1198  1113   989  1614  1663  1486  1579  1440  1424
Q69     1940  1726  1796  1797  1434  1540  1637  1355  1223  1690  1123
Q69     1950  1257  1400  1702  1450  1260  1298   950  1540  1492  1050
Q69     1960  1591  1267  1074  1243   987  1212  1289  1364  1283   942
Q69     1970  1018   940   492   837   542   873   881  1733  1237  1234
Q69     1980  1250  1318   804   906  1142  1199  1174  1137  1110   980
Q69     1990  1571  1130  1656  1604  2064  1265  1372   867  1741  1318
Q69     2000  1398  1506  1216  1319  1458  1625  1236  1185   992  1204
Q69     2010  1002   826 -9999
Q72     1805   919  1098   869   909   882
Q72     1810   681  1058   910  1113  1035  1096   967  1062   961   801
Q72     1820   803   750   715   701   528   527   630   505   573   569
Q72     1830   554   628   557   611   630   574   478   822   571   735
Q72     1840   468   479   533   745   618   700   713   566   651   533
Q72     1850   523   681   604   581   667   725   637   767   787   790
Q72     1860   663   536   474   591   458   519   541   492   510   469
Q72     1870   476   576   580   568   552   561   529   730   644   673
Q72     1880   401   549   423   530   417   517   509   429   529   542
Q72     1890   602   648   754   663   567   548   523   525   600   533
Q72     1900   612   671   636   656   760   846   827   801   862   806
Q72     1910   857   781   801   724   947   851   564   756   734   666
Q72     1920   692   536   759   662   700   609   674   693   647   734
Q72     1930   853   772   763   819   974  1028   879   806   909   839
Q72     1940  1008   954  1011   842   911  1012   991   824   896   719
Q72     1950   734   660   512   550   585   663   526   645   655   560
Q72     1960   701   900   538   696   630   811   730   855   743   653
Q72     1970   881   836   595   691   470   610   619   800   661   681
Q72     1980   730   848   565   540   782   704   679   796   693   497
Q72     1990   824   534   771   685  1063   757   720   522   519   362
Q72     2000   506   524   489   575   513   594   771   740   815   886
Q72     2010   556   511   715   742   869   936 -9999
Q73     1855  1715  1596  1053   843   801
Q73     1860   843   763   762   799   904   740  1014   901  1030  1439
Q73     1870  1228   824  1369  1205  1237  1022   579   865   782   893
Q73     1880   602   627   548   764   568   763   700   476   738   787
Q73     1890  1148  1627   959   781   695   703   575   418   512   377
Q73     1900   655   740   691   511   848   844  1847  1494  1423  1070
Q73     1910  1139  1173   832   688  1316   791   286   670   745   676
Q73     1920   863   513   833   634   691   643   719   646   683   681
Q73     1930   703   662   503   543   666   841   687   887   784   892
Q73     1940  1016  1052  1156  1002  1210  1242   765   744   990   801
Q73     1950   907   858   899   815   695   909   793   765   892   742
Q73     1960  1185   826   639   713   647   664  1008   853   773   616
Q73     1970   660   659   383   508   308   417   373   605   420   470
Q73     1980   406   532   399   364   554   495   490   492   426   497
Q73     1990   690   479   554   436   558   372   544   397   499   369
Q73     2000   543   597   515   659   833   927   826   651   748   739
Q73     2010   672   525 -9999
