Q51     1807  1091  1302   734
Q51     1810   923  1083  1256  1084  1595  1462  1931  2069  1312   829
Q51     1820   841  1170  1430  1129  1021  1633  1263  1484  1407  1353
Q51     1830  1147   924   987  1213  1697  1042  1106  1008   905  1663
Q51     1840   777   933   923  1304  1358   973  1384  1150  1657  1259
Q51     1850  1087  1438  1294  1139  1396  1365  1089  1119  1296  1291
Q51     1860  1414   851   978  1324   796  1034   615   824  1087  1228
Q51     1870  1031  1188  1379  1188  1178  1136   727  1254   968  1197
Q51     1880   580  1070   829   968   732   918  1233   806  1025  1238
Q51     1890  1005  1022   950   621   665   830   592   736   855   552
Q51     1900   835   895   874   882  1201  1461  1378  1366  1315   868
Q51     1910   918  1138   921   762  1111  1140   422   819  1039   801
Q51     1920  1032   523  1135   855   873   887   796   920  1017  1080
Q51     1930   967   927   601   438   493   675   628   715   786   608
Q51     1940   718   637   643   466   677   569   439   372   709   410
Q51     1950   526   420   517   438   340   602   491   695   827   572
Q51     1960   718   525   508   522   458   706   752   752   678   455
Q51     1970   658   515   394   594   366   604   499   659   423   380
Q51     1980   413   504   303   204   469   473   458   553   426   233
Q51     1990   524   362   364   290   419   376   516   291   454   373
Q51     2000   275   247   262   227   156   177   220   192   208   257
Q51     2010   189   156   259   259   264   257 -9999
Q52     1723   124   194   117   131   171   293   317
Q52     1730   233   198   229   212   208   189   137   139   157   148
Q52     1740   188   211   457   448   269   271   336   496  1225   792
Q52     1750   767   590   506   327   168   286   655   423   550   688
Q52     1760   952   740   761   876   677   973   932   910   719   656
Q52     1770  1112  1259  1206   994  1545   697  1227  1408  1152  1249
Q52     1780  1088   749  1247  1419  1120  1164  1164  1113  1133   898
Q52     1790   952  1088  1545  1397  1312  1113  1089  1098  1067   849
Q52     1800   790   849   838   849  1223  1103   742   833   594   804
Q52     1810   400   920   865   774  1149  1018  1226  1170   941   785
Q52     1820   708  1113  1074   796   709   820   720   935   955   743
Q52     1830   546   604   663   810   863   656   460   738   849   832
Q52     1840   559   617   714   807   636   614   820   763   907   715
Q52     1850   727   822   716   627   657   653   567   656   705   791
Q52     1860   772   531   755   777   759   763   509   648   766   712
Q52     1870   571   562   776   970   912   999   695   827   614   748
Q52     1880   547   607   715   692   524   473   679   403   475   379
Q52     1890   478   600   524   517   545   666   513   497   530   311
Q52     1900   440   561   453   465   593   436   587   592   480   431
Q52     1910   390   529   409   375   504   431   242   422   319   274
Q52     1920   329   167   442   294   256   248   198   270   230   269
Q52     1930   317   345   285   349   292   482   373   357   315   330
Q52     1940   293   351   308   268   334   336   342   360   460   317
Q52     1950   420   377   336   306   367   508   376   337   367   297
Q52     1960   353   308   307   331   296   402   325   332   287   249
Q52     1970   354   270   119   379   194   280   285   348   288   253
Q52     1980   208   283   211   180   274   275   222   233   167   157
Q52     1990   175   120   150   128   178   172   227   217   141   138
Q52     2000   155   153   130   109   173   127   117   116    95   127
Q52     2010   116   113 -9999
Q53     1633   413   343   412   319   374   281   514
Q53     1640   372   327   327   292   280   244   251   308   409   532
Q53     1650   284   321   415   532   522   394   362   249   318   344
Q53     1660   285   799   930   909   833   629   666  1080  1078   416
Q53     1670   592   614   671   694   676   522   440   509   757   738
Q53     1680   668   584   618   699   835   402   540   580   520   543
Q53     1690   509   420   595   462   331   610   647   868   500   592
Q53     1700   629   460   439   472   290   544   272   440   462   528
Q53     1710   490   353   365   398   382   348   347   267   305   425
Q53     1720   473   387   450   466   467   546   524   505   565   568
Q53     1730   691   654   716   601   500   482   628   671   532   430
Q53     1740   574   496   373   457   415   435   311   439   315   314
Q53     1750   396   230   229   312   312   313   334   397   313   375
Q53     1760   396   375   313   416   351   392   434   427   452   366
Q53     1770   486   476   250   251   265   365   185   309   414   373
Q53     1780   394   454   375   377   457   419   517   437   358   458
Q53     1790   378   438   419   420   561   542   379   380   501   361
Q53     1800   362   414   549   601   461   546   522   563   543   341
Q53     1810   363   722   572   467   631   594   570   630   528   589
Q53     1820   527   446   590   510   306   529   550   612   493   556
Q53     1830   514   595   656   635   760   715   421   647   823   762
Q53     1840   523   630   597   718   633   611   750   788   806   738
Q53     1850   705   766   666   726   746   645   792   670   862   780
Q53     1860   698   659   967  1050   667   730   502   794   759   674
Q53     1870   791   741   733   787   813   812   528   510   513   727
Q53     1880   502   595   654   711   558   631   729   528   588   388
Q53     1890   596   701   488   580   525  1103  1007  1145  1082   829
Q53     1900  1214  1661  1117   903   995   790  1040  1546  1605  1222
Q53     1910  1141  1203  1081  1053  1183  1090   824  1043   912   850
Q53     1920  1000   896  1045   875   767   674   600   795   876  1053
Q53     1930   985  1107  1271  1569  1397  1558  1179   946  1096  1092
Q53     1940  1073   913   921   829   923   972  1285  1179  1392  1193
Q53     1950  1360  1166  1200  1115  1276  1289  1272  1232  1169   726
Q53     1960  1054  1025   969  1113  1337  1425  1176  1102  1116  1075
Q53     1970  1183  1037   858  1026   887   845   940   830   639   583
Q53     1980   581   638   569   479   673   692   629   471   465   375
Q53     1990   434   315   424   456   608   568   761   548  1100   731
Q53     2000   755   757   678   606   656   581   607   573   664   544
Q53     2010   376   329   339   245   255   307 -9999
Q54     1819  1392
Q54     1820  1010  1230  1695  1212  1193  1187   810  1180  1141   955
Q54     1830   916   874   832   914  1205   815   780   908   878   775
Q54     1840   645   788   819  1016  1033   749   889   755  1151   845
Q54     1850   682   937   888   717   920  1013   890   879   986   867
Q54     1860   900   657   582  1013   705   787   606   625   507   739
Q54     1870   718   847   707   821  1003   972   503   969   713   864
Q54     1880   574   839   704   581   480   639   737   497   760   723
Q54     1890   766   923   726   609   637   790   522   611   656   579
Q54     1900   870   897   772   667   934  1125  1051   995   971   926
Q54     1910  1099  1244  1094   857  1532  1485   477   832  1200   911
Q54     1920  1145   554  1111   803   812   534   806   681   802   882
Q54     1930  1204  1231   851   950  1095  1209   830   929   844   979
Q54     1940   907  1158  1085   854  1184  1158   847   777  1265   848
Q54     1950   765   769   812   771   616   885   688   827   688   528
Q54     1960   958   561   594   795   600   639   800   691   745   617
Q54     1970   638   555   496   809   311   520   702  1058   597   663
Q54     1980   677   787   403   392   653   724   693   547   496   378
Q54     1990   449   384   358   338   465   356   567   206   436   258
Q54     2000   463   554   406   457   337   457   352   305   370   432
Q54     2010   301   249   383   305   289   390 -9999
Q55     1789  1408
Q55     1790  1506  2727  2242  2521  2311  1638  1720  1763  2223  1842
Q55     1800  2018  1325  1525  1637  1633  1701  1339  1403   929  1008
Q55     1810   380   713  1063   872  1312  1020  1341  1254  1086   833
Q55     1820   707  1010  1350  1192  1123  1324  1025  1221  1299  1047
Q55     1830  1052  1000  1057  1273  1419  1006  1350  1307  1067  1311
Q55     1840   856  1187  1040  1196  1083   891  1120   948  1046   984
Q55     1850   830  1034   966  1008  1038   915   788   884  1009  1041
Q55     1860   971   673   947  1279   886  1041   761   877   971   876
Q55     1870   817   813   826   891   996   948   648   895   800   926
Q55     1880   691   778   788   812   726   886   918   791   851   805
Q55     1890   825   942   740   732   786   904   673   711   817   629
Q55     1900   989  1022   829   777  1076   864   882  1046  1011   781
Q55     1910   692   858   727   761   888   715   469   625   773   566
Q55     1920   811   591   826   657   620   513   460   487   449   453
Q55     1930   460   512   422   469   433   540   408   492   568   438
Q55     1940   395   455   459   320   461   447   404   383   552   474
Q55     1950   444   400   410   354   301   509   570   558   616   400
Q55     1960   600   511   474   546   467   610   513   469   466   455
Q55     1970   557   412   390   467   376   381   414   491   395   398
Q55     1980   431   502   371   281   404   448   375   348   304   259
Q55     1990   341   268   274   212   327   333   374   204   269   220
Q55     2000   260   253   276   283   229   223   251   220   247   298
Q55     2010   222   163   235   229   225   247 -9999
Q56     1802   924   700   774   843   655   648   665   448
Q56     1810   374   510   445   310   333   360   432   446   328   248
Q56     1820   119   269   289   236   270   360   337   434   387   367
Q56     1830   321   537   668   806   800   601   412   865   980   821
Q56     1840   856   675  1064  1109   813  1098  1250  1021   917   711
Q56     1850   799   904   629   944   691   328   268   238   271   452
Q56     1860   319   473   912  1237  1158   987  1209  1125  1142   998
Q56     1870  1027  1449  1496  1451  1392  1480  1568  2201  1361  1792
Q56     1880  1728  2681  2079  1857  1249  1351  1101  1963  2225  1087
Q56     1890  1116  1132   881   550  1057  1468  1697  1533  1473  1229
Q56     1900  1857  1561  1153  1129  1295  1066   879  1297  1106  1035
Q56     1910  1245  1208  1183  1085  1261  1007   721   855   935   733
Q56     1920   980   907  1217   993   832   953   853  1037  1052  1025
Q56     1930  1016  1181  1044  1283   955  1326  1108   979  1241  1206
Q56     1940  1344  1309  1202  1208  1472  1540  1510  1316  1558  1362
Q56     1950  1476  1306  1191  1104  1072  1417  1219   868  1014   868
Q56     1960  1167   885  1036   889   988  1210  1171  1343   900   864
Q56     1970  1074  1005   929   990   839   863  1013   977   738   651
Q56     1980   715   973   667   419   761   804   649   711   661   254
Q56     1990   864   575   626   545   785   934   933   525   701   696
Q56     2000   752   727   799   645   564   660   604   569   571   705
Q56     2010   491   509   612   542   561   597 -9999
Q57     1917  1457  1245  1182
Q57     1920  1288  1182   987  1024   849   875   631   601   738   908
Q57     1930   778   976  1052  1089   725  1104  1016   935   877   674
Q57     1940   820   971  1014   867   744   788   648   638  1034  1172
Q57     1950  1405  1276  1156  1024   982  1203  1106  1106  1626  1074
Q57     1960  1141  1106  1117  1114  1033  1202   965  1412   934   919
Q57     1970  1082   957   761   897   878   939   804  1009   975   817
Q57     1980   985   847   894   775  1027  1108   894   749   686   566
Q57     1990   908   682   761   642   849   820  1192   706   727   611
Q57     2000   822   832   778   731   702   650   963   598   640   815
Q57     2010   597   511   563   511   539   632 -9999
Q58     1854   436   861  1517  1297  1183  1103
Q58     1860  1239  1027  1341   886   781   814   580  1060  1342  1124
Q58     1870  1310  1069  1073  1343  1168  1139   835  1575  1192  1451
Q58     1880  1032  1448  1311  1336  1426  1182  1474  1277  1601  1470
Q58     1890  1499  1475  1264  1026  1162  1594  1442  1583  1783  1303
Q58     1900  1581  1865  1599  1819  2346  2040  1840  1841  1709  1341
Q58     1910  1571  1497  1620  1826  2484  2006  1016  2162  1984  1343
Q58     1920  1364  1502  1700  1013   894   656   816   898   837  1479
Q58     1930  1680  1269  1187  1643  1987  1891  1407  1138  1540  1510
Q58     1940  1802  1701  1301  1398  1740  1749  1627  1685  2065  2256
Q58     1950  3053  3195  3329  2791  1748  2168  1933  2249  2470  1679
Q58     1960  2371  2416  1868  1509  1282  1456  1544  1423  1456  1421
Q58     1970  1165  1008   631  1129   745   981  1184  1414  1434  1283
Q58     1980  1603  2164  1270   985  1652  1595  1208  1212  1071   622
Q58     1990  1319  1002   939   983  1677  1230  1227   492   793   588
Q58     2000   817   723   851   737   634   571   608   463   484   620
Q58     2010   375   335    63    96   158   137 -9999
Q59     1859  1692
Q59     1860  1375  1570  1718  2164  1795  1698  1145  1586  2254  1962
Q59     1870  1635  1575  1845  1664  1489  1214   889  1478  1156  1562
Q59     1880   506   930  1121  1841  1460  1587  1523  1249  1714  1417
Q59     1890  1184  1646  1223  1077   549   917   952  1824  1427   944
Q59     1900  1568  1485  1596   980  1374  1477  1527  1737  1806  1371
Q59     1910  1567  1566  1456  1127  1706  1364   850  1349  1738  1561
Q59     1920  1756  1078  1694  1409  1324  1289  1189  1334  1601  1533
Q59     1930  1571  1445  1178  2397  1959  1759  1484  1589  1659  1589
Q59     1940  1616  1604  1336  1657  1520  1479  1318  1711  1724  1942
Q59     1950  2067  2171  2040  1476  1768  1725  1432  1757  1418  1716
Q59     1960  1440  1486  1326  1243  1068  1284  1339  1285  1262  1169
Q59     1970  1109   877   773  1024   591   777   850  1159   995   853
Q59     1980   820   899   627   498   936  1057   828   891   837   751
Q59     1990  1079   900   923   627  1126  1066  1161   629   910   684
Q59     2000   981  1102  1125  1084  1115  1050   997   815   738   992
Q59     2010   771   567   721   595   483   480 -9999
Q60     1907   886   825   455
Q60     1910   667  1343  1334   705   950   837  1548  1647   654   496
Q60     1920   311   356   189   272   293   314   252   231   587   544
Q60     1930   585   522   323   177   773  1004   565   628   885  1309
Q60     1940  1566  1945  1838  2011  2549  2175  2000  2158  2170  1812
Q60     1950  1686  1837  1872  1752  1898  1878  1166  1568  1414  1105
Q60     1960  1601  1529  1653  1999  1656  2000  2054  1639  1843  1704
Q60     1970  1507  1368  1619  2030  1313  1873  2160  2415  1756  1884
Q60     1980  1884  2408  1368  1799  2132  2108  2202  2072  1904  1653
Q60     1990  2444  1828  2660  2152  2649  1800  2312  1421  2436  1579
Q60     2000  2165  2294  1914  1888  2006  1826  1609  1446  1601  1743
Q60     2010  1602  1529  1967  1837  1876  2032 -9999
Q61     1787   939   676   712
Q61     1790   957   876  1181  1457  1389  1091  1304   768   333   412
Q61     1800   532   595   367   654   881   924   452   572   696   667
Q61     1810   382   431   394   455   723   911  1120  1155  1186  1134
Q61     1820   946  1276  1221   714   167   330   270   436   496   457
Q61     1830   621   304   177   293   458   202   306   296   380   607
Q61     1840   305   336   307   365   570   474   531   434   436   379
Q61     1850   377   490   503   558   724   708   679   428   618   629
Q61     1860   495   451   478   702   452   615   449   588   751   856
Q61     1870   908   856  1143  1080  1011  1092   974  1059   963  1059
Q61     1880   890   906   734  1017   845   957  1222   974   946   832
Q61     1890  1017  1110  1015  1070  1021  1126  1074  1022  1094   979
Q61     1900  1146  1416  1216  1045  1530  1478  1340  1507  1482  1212
Q61     1910  1184  1234  1064  1084  1299  1126   833  1109  1032   808
Q61     1920  1036  1128  1267  1072   909   874   814   940   857   932
Q61     1930   873   872   868  1008   804   996   968   879   879   656
Q61     1940   862   839   825   766   953   931   834   698  1093   846
Q61     1950  1007   846   776   705   698   843   797   662   865   699
Q61     1960   723   603   749   697   751   786   775   714   648   710
Q61     1970   831   693   541   737   639   669   732   880   726   641
Q61     1980   711   771   553   423   766   771   607   608   589   490
Q61     1990   668   519   538   553   759   796   949   522   677   611
Q61     2000   626   541   547   543   484   507   466   360   395   440
Q61     2010   361   318   396   319   266   308 -9999
Q62     1793  1968  1516   856   768   518   685  1066
Q62     1800   323   280   435   526   444   665   466   386   429   404
Q62     1810   378   566   325   379   669   766  1248  1423  1258   904
Q62     1820   904  1400  1526   235   354   688   473   984  1221  1015
Q62     1830  1248  1004   941  1000  1200   842  1125  1068   862   962
Q62     1840   636   972   815  1068  1083   613  1155  1120   914   999
Q62     1850  1084  1115  1169  1119   997   853   999   970  1082  1145
Q62     1860  1020   916  1191  1320  1046  1381   983  1027  1119  1199
Q62     1870  1109  1479  1025  1234  1479  1395  1199  1122   892   913
Q62     1880   908   936  1331  1035   929   881  1025   844   884   991
Q62     1890  1096  1112   973  1136  1138   996  1128  1018   864   833
Q62     1900   885  1160  1010  1140  1506  1153  1001  1248  1298   905
Q62     1910   897  1238   969   803  1033  1038   559   908   716   773
Q62     1920   666   437  1078   625   603   583   531   746   616   667
Q62     1930   662   702   650   803   736   932   775   731   773   702
Q62     1940   809   711   732   618   738   729   629   865   968   612
Q62     1950   780   720   636   464   488   640   488   435   554   456
Q62     1960   599   434   510   466   545   608   572   546   466   498
Q62     1970   612   539   454   594   444   532   598   568   528   484
Q62     1980   517   604   446   379   616   637   405   302   214   215
Q62     1990   340   257   240   203   322   358   383   231   278   250
Q62     2000   289   410   348   312   209   237   340   263   281   319
Q62     2010   270   291   330   243   259   268 -9999
Q63     1912  1506  1944  2880  2674  1890  2609  1817  1589
Q63     1920  2076  1832  1851  1602  1447  1191  1168  1435  1787  1738
Q63     1930  1866  2059  1793  2438  2766  2504  1842  1943  1838  1908
Q63     1940  2160  2019  2015  1797  1989  1910  1832  1407  1856  1574
Q63     1950  1845  1552  1702  1508  1311  1542  1161  1320  1985  1443
Q63     1960  2218  1913  1885  1858  1562  2000  1895  1648  1516  1548
Q63     1970  1577  1371  1226  1591  1666  1809  1808  2555  2079  1928
Q63     1980  1834  2703  1709  1687  2182  2066  1717  1483  1335  1714
Q63     1990  2498  1871  2996  2128  2168  1573  1844  1358  1693  1229
Q63     2000  1552  1135  1096  1073  1176  1247  1134   842   942  1140
Q63     2010   960   939  1064  1078  1232  1103 -9999
Q64     1808   341   243
Q64     1810   174   345   239   183   186   322   221   444   302   247
Q64     1820   269   360   308   235   449   465   379   415   541   460
Q64     1830   466   223   242   413   498   410   594   726   622  1044
Q64     1840   708   627   740   627   745   496   587   529   722   777
Q64     1850   520   892  1046   732   966  1046   923   976   924  1001
Q64     1860  1016   793  1323  1260  1174  1254   916  1020  1099  1646
Q64     1870  1448  1026  1204  1089  1006   858   593   971   777  1011
Q64     1880   623   892   521   571   503   736   646   575  1025  1311
Q64     1890  1134   866   904   727   638   755   846   925   992   895
Q64     1900  1111   910  1011  1048  1375  1200  1358  1487  1495  1151
Q64     1910  1134  1148   885   895  1115  1163   685   802   698   704
Q64     1920  1067  1042  1183   759   902   898   821   933  1036  1264
Q64     1930  1380  1286  1160  1132   774   935   853  1094   903   776
Q64     1940   941  1007  1124   987  1321  1428  1279  1186  1420   939
Q64     1950  1079  1125  1234  1169  1165  1273  1044  1047  1404  1040
Q64     1960  1461  1214  1258  1181  1228  1417  1424  1230  1291  1370
Q64     1970  1434  1292  1179  1371  1391  1469  1460  1467  1098   920
Q64     1980  1208  1658  1288  1261  1530  1585  1403  1237  1041  1257
Q64     1990  1612  1117  1747  1544  1873  1431  1509  1028  1870  1346
Q64     2000  1659  1422  1162  1160  1475  1546  1312  1344  1279  1338
Q64     2010  1260  1420  1367  1084  1340  1349 -9999
Q65     1810   443   665   495   327   474   316   358   507   295   327
Q65     1820   359   528   835   952   466   688   614   814   804   995
Q65     1830   952   762   825  1141  1052   904   758   907   738   928
Q65     1840   572   771   857  1133   963   804   751   540   952   624
Q65     1850   645   909   867   754   711  1311   656   783   798   839
Q65     1860   736   776   743  1870  1054  1864  1398   872  1310  1218
Q65     1870  1162  1062  1229  1142   978  1310  1010  1541  1089  1535
Q65     1880  1109  1454  1139  1168   693   703   753   654   894   848
Q65     1890  1197   928   855   913  1207  1058  1022   811  1153   876
Q65     1900  1036  1021   711   656  1657  1059   913  1235  1039   888
Q65     1910  1098  1087   872  1049  1222  1077   684   964   883   785
Q65     1920   655   613  1005   701   659   655   581   619   530   494
Q65     1930   577   653   522   564   427   774   625   710   795   638
Q65     1940   664   657   737   684   725   784   727   768  1026   856
Q65     1950   987   796   792   838   788  1082   810   773   872   632
Q65     1960   814   773   746   642   675   838   855   806   746   770
Q65     1970   796   828   709   793   996   981  1005   928   819   716
Q65     1980   715   805   650   613   807   756   672   558   514   512
Q65     1990   584   565   609   573   761   709   889   499   639   525
Q65     2000   674   639   642   725   517   508   507   463   363   493
Q65     2010   387   386   413   383   413   356 -9999
Q66     1830  1387  1056   854  1059  1595   673  1222  1238  1309  1340
Q66     1840   850   847  1023  1118   726   439   666   842  1022   764
Q66     1850   802   894   657   640   802   784  1072   949  1491  2377
Q66     1860  2371  1435  2368  2013  1296  1688  1713  1748  2018  1828
Q66     1870  1184  1069  1065  1043  1139  1206  1189  1811  1338  1713
Q66     1880  1242  1436  1151  1109   832   918   923   637  1079   979
Q66     1890  1121   902   932  1000   893  1136  1201  1250  1084   776
Q66     1900  1405  1348  1165  1164  1799  1626  1535  1571  1249  1259
Q66     1910  1868  1582  1149  1089  1685  1468   558  1127  1145   950
Q66     1920  1311   626  1399  1105  1026   912   770   894  1177  1148
Q66     1930  1187  1271  1211  1190  1241  1554  1519  1431  1379   931
Q66     1940  1569  1467  1509  1274  1445  1395  1257  1368  1783  1203
Q66     1950  1386  1423  1275   858   901  1460  1264  1151  1473   901
Q66     1960  1473  1130  1167  1156  1160  1287  1116  1202   937   945
Q66     1970   997  1159   935  1219   798  1008   976  1136   888  1009
Q66     1980  1009   983   800   596   799   822   757   736   682   464
Q66     1990   721   516   643   560   888   837   981   563   840   647
Q66     2000   900   942   992   942   934   835  1043   977  1066  1191
Q66     2010  1126   924  1184  1073  1503  1684 -9999
Q67     1790   532   795   502   507   887   695   726   839   619   498
Q67     1800   169   249   310   450   255   239   348   237   255   161
Q67     1810   252   253   182   109   182   147   148   259   248   266
Q67     1820   377   226   113   151   113   224   242   409   372   316
Q67     1830   510   462   271   549   682   216   315   434   599   839
Q67     1840   380   444   468   583   500   146   271   482   696   546
Q67     1850   400   887   846   549   550   655   550   296   402   508
Q67     1860   570   506  1109  1219   702   659   441   688   906   987
Q67     1870   736   741   884   821   944   906   524  1209  1048  1611
Q67     1880   923  1211  1020   936  1050  1443  1302  1048  1343  1248
Q67     1890  1399  1304   920  1195  1168  1241   746  1091  1089   860
Q67     1900  1377  1221  1153   956  1221  1090  1050  1017  1028  1122
Q67     1910  1415  1329  1068  1031  1672  1357   700  1150  1237  1034
Q67     1920  1514   994  1366  1067  1156  1013  1017  1109  1439  1370
Q67     1930  1600  1519  1364  1400  1578  1941  1570  1571  1609  1726
Q67     1940  1810  1870  1694  1487  1825  1811  1669  1587  2105  1684
Q67     1950  1856  1776  2161  1681  1249  1750  1334  1524  1702  1066
Q67     1960  1500  1096  1177  1331  1200  1166  1479  1283  1095   984
Q67     1970  1023   813   645   996   537   860   774   874   638   756
Q67     1980   844   918   508   652  1077   921   888   765   601   453
Q67     1990   745   450   600   523   848   790  1113   506   777   580
Q67     2000   819   817   706   797   626   689   671   594   612   619
Q67     2010   610   532   709   630   754   940 -9999
Q68     1876  1600  2804  2213  2674
Q68     1880  1617  2682  1932  1661  1728  1826  2133  1963  2384  2299
Q68     1890  2215  2001  1302  1238  1253  1552  1068  1672  1475   789
Q68     1900  1653  2023  1766  1689  2187  1706  1988  2532  2257  1947
Q68     1910  2636  2048  1412  1636  1972  2004  1179  1283  1492  1403
Q68     1920  1608  1013  1594  1214  1652  1268  1410  1481  1767  2132
Q68     1930  2163  1921  1968  2053  2400  2280  1646  1397  1527  1695
Q68     1940  2038  2031  1687  1433  2089  1880  1806  1717  2029  1967
Q68     1950  1959  1577  1623  1654  1489  1680  1739  1877  1775  1242
Q68     1960  1852  1256  1450  1649  1335  1444  1656  1176  1171   941
Q68     1970  1265  1212  1026  1504  1050  1340  1519  2185  1290  1377
Q68     1980  1542  1981  1022  1187  1703  1657  1606  1543  1160  1157
Q68     1990  1369  1121  1321  1183  1263  1266  1632   987  1262   919
Q68     2000  1081  1329  1266  1320  1230  1284  1182  1082  1069  1306
Q68     2010  1220  1003  1094   966  1362  1362 -9999
Q69     1891  1153   418  1046   456   568  1122  3035  2280  1492
Q69     1900   743  1217  1086   813   850  1134  1119  1850  1251   814
Q69     1910  1286  1389  1225  1752  1206  2093  1692  1183  1055  1704
Q69     1920  1634  1346  2152  1571  1829  1396  1313  1715  1979  1583
Q69     1930  1791  1954  2032  1474  2386  2579  2938  4337  3247  3860
Q69     1940  4406  3137  2485  2337  3134  2766  3080  3424  3823  3681
Q69     1950  4113  2766  2529  1971  2457  2791  2434  2350  2286  1449
Q69     1960  2283  1524  1711  2058  2241  2327  1998  2608  1855  1954
Q69     1970  1705  2103  2873  2902  2449  2541  1914  2247  1288  1321
Q69     1980  1476  1784  1105  1200  1532  2151  2061  1594  1392  1625
Q69     1990  1977  1396  1664  1533  2061  1771  1959  1070  1752  1226
Q69     2000  1660  1728  1413  1548  1865  1752  1523  1602  1957  1799
Q69     2010  1565  1618  1533  1016  1263  1329 -9999
Q70     1816   957  1107   925   629
Q70     1820   354   593   432   418   511   702   525   610   733   640
Q70     1830   750  1083  1306  1340  1473   926  1012  1187  1261  1149
Q70     1840   759   775  1386  1688  1542  1083  1682  1329  1585  1504
Q70     1850  1533  1587  1337  1250  1308  1232  1020  1096  1327  1242
Q70     1860  1156   926  1351  1731  1559  1218  1323  1163  1656  1808
Q70     1870  1418  1398  1563  1514  1524  1553  1138  1501  1298  1618
Q70     1880  1085  1909  1331  1534  1331  1296  1416  1381  1637  1214
Q70     1890  1409  1232  1150  1123  1157  1448  1405  1461  1415   868
Q70     1900  1644  1666  1463  1325  1999  1803  1844  1768  1762  1483
Q70     1910  1701  1786  1931  1473  1952  1939  1112  1847  1925  1203
Q70     1920  1910  1035  2053  1482  1499  1532  1515  1466  1502  1288
Q70     1930  1642  1566  1293  1420  2255  1802  1493  2057  2176  2132
Q70     1940  2313  2568  2426  1879  2265  2858  2264  1904  2240  1879
Q70     1950  1996  1901  2252  2121  1633  2205  1743  1743  1915  1469
Q70     1960  1985  1587  1895  1889  1591  2000  1908  2187  2095  1716
Q70     1970  1898  1785  1490  1927  1336  1649  1648  1869  1485  1406
Q70     1980  1294  1354  1032  1028  1550  1597  1529  1483  1199  1129
Q70     1990  1463  1224  1313  1061  1435  1258  1468   937  1380   934
Q70     2000  1285  1367  1314  1436  1403  1259  1276  1161  1202  1419
Q70     2010  1268  1215  1447  1290  1525  1662 -9999
