Q03     1785   816   887   825   866  1078
Q03     1790   781   845   740   740   866   967   998  1072  1276   995
Q03     1800  1020   815  1035  1078  1065  1210   835   849   742   844
Q03     1810   344   808   790   756  1006   914  1069  1007   839   680
Q03     1820   698   750   643   669   696   712   808   805   717   884
Q03     1830   717   975   984  1070  1328  1017  1163  1196   885  1423
Q03     1840  1002  1346  1229  1019   716   818   923   732   954   710
Q03     1850   857   961   866  1105  1048   925   808  1005  1055   941
Q03     1860   842   983   965  1366  1231  1180   935   934  1234   977
Q03     1870   844   824  1125  1111  1049  1067   946  1037  1051  1095
Q03     1880   825   954   607  1112  1044   749  1100  1005  1087  1478
Q03     1890  1269  1011  1001   861   749   853   804  1075   992   668
Q03     1900   874   915   853   879  1023  1192   899   939   871   730
Q03     1910   930   871   830   956  1032   974   781   802   796   691
Q03     1920   828   647   680   678   766   863   757   603   656   694
Q03     1930   815   801   861   997   940  1114  1027   906  1122  1021
Q03     1940   814   963   878   781   738   929   846   892  1010   957
Q03     1950  1223  1178  1105   864   841   910   726   822  1018   794
Q03     1960   834   803   772   856   957   922   903  1107   844   836
Q03     1970   962   832   763   909   726  1140   885  1111   843   797
Q03     1980   868   801   493   710   879   811  1013  1170  1069  1050
Q03     1990  1322   826  1246  1067  1453  1026  1217  1461  1563  1161
Q03     2000  1494  1564  1320  1345  1426  1206  1175  1024  1395  1167
Q03     2010  1049   980  1201  1057   923   849 -9999
Q21     1811  1065  1064  1301  1758  1296  1518  1647  1297  1071
Q21     1820  1192  1189  1593  1391  1479  1822  1393  1674  2243  1916
Q21     1830  1440  1269  1106  1257  1511   831  1015  1237   863  1174
Q21     1840   780  1049  1309  1585  1381  1156  1497  1052  1509  1122
Q21     1850  1311  1676  1495  1844  2034  1755  1205  1489  1523  1331
Q21     1860  1100   958   913  1339  1020  1075   728   831  1331  1162
Q21     1870   956  1040  1153  1307  1134   970   743   947   864   933
Q21     1880   612  1384   931   800   926  1150  1091   918  1128  1476
Q21     1890  1435  1430  1447  1206  1397  1988  1294  1501  1487   800
Q21     1900  1736  1768  1217  1207  1639  1775  1187  1284  1389  1170
Q21     1910  1770  1402  1434  1239  1788  1361   706  1527  1176   990
Q21     1920  1029   729  1351  1112  1241  1266  1165   959  1190  1437
Q21     1930  1620  1370  1150  1114  1179  1538  1646  1145  1330  1463
Q21     1940  1354  1420  1243  1154  1429  1458   969  1229  1354  1041
Q21     1950  1286  1353  1167   867   802  1049   702  1104  1407   689
Q21     1960   885   731   644   816   701   948   820  1150   953   691
Q21     1970   914   782   626   919   504   999   898  1004   853   754
Q21     1980   802   888   535   650   643   754   726   905   681   429
Q21     1990   602   312   445   347   678   602   697   589   672   480
Q21     2000   711   900   822   676   761   595   723   551   509   612
Q21     2010   492   291 -9999
Q24     1758  1452  1508
Q24     1760  1056  1083  1294  1180  1364  1235  1153  1394  1287  1262
Q24     1770  1156   982   809   835  1039   541  1046   955   866  1159
Q24     1780  1232   777   982  1120  1123   797   889   630   914   809
Q24     1790   747  1052   854   628   858   674   803   854   856   908
Q24     1800  1015   676   720   815   949  1132   990   980   888  1012
Q24     1810   373   927   874   778  1029   937  1104   981   742   875
Q24     1820   598   775   871   768   677  1244   666   747   710   823
Q24     1830   703   629   758   803  1058   681   683   977   792   850
Q24     1840   635   928   991  1014   892   788  1020   714   756   622
Q24     1850   792   890   680   895   765   567   202   728  1044   900
Q24     1860   938   809   913   939   709   807   520   721   793   537
Q24     1870   591   602   757   821   783   851   623   870   780  1001
Q24     1880   236   771   546   716   620   662   874   708   899   753
Q24     1890   919   812   758   812   824   853   717   795   841   783
Q24     1900   792   866   757   804  1029   771   833   696   791   787
Q24     1910   839   816   737   927   997   882   697   667   711   794
Q24     1920   732  1041   910   821   690   594   667   670   638   760
Q24     1930   662   717   782   906   807   752   803   633   606   785
Q24     1940   856  1004   778   917   916   929   747   896   941   845
Q24     1950   871   990   976   844   677   707   777   987  1001   753
Q24     1960   771   734   729   788   826   971   847   891   829   795
Q24     1970   869   755   598   760   652   765   821  1015   838   759
Q24     1980   861   889   644   880   779   915  1012   976   782   524
Q24     1990   776   638   691   587   759   776   684   752   654   584
Q24     2000   593   615   658   732   676   915   851   679   600   764
Q24     2010   615   552 -9999
Q27     1691   435   522   363   567   485   458   885   723   538
Q27     1700   603   779   465   389   539   278   531   317   474   291
Q27     1710   300   440   370   678   413   643   604   539   659   508
Q27     1720   317   499   563   475   499   307   757   831   772   709
Q27     1730   751   745   693   760   806   490   639   599   489   523
Q27     1740   598   651   510   368   407   510   541   440   615   504
Q27     1750   552   420   435   585   648   569   607   836   467   362
Q27     1760   285   381   365   293   348   388   332   363   387   467
Q27     1770   442   411   539   381   365   380   661   383   448   441
Q27     1780   498   538   616   815   662   475   648   504   619   639
Q27     1790   539   747   504   513   701   605   569   553   928   759
Q27     1800   606   662   562   579   658   735   523   458   451   515
Q27     1810   237   508   410   430   483   298   422   414   377   300
Q27     1820   303   286   341   346   312   444   487   560   428   404
Q27     1830   394   598   376   402   421   448   450   540   280   587
Q27     1840   391   500   633   875   782   805   706   588   816   582
Q27     1850   483   537   462   788  1098  1049   612   530   483   504
Q27     1860   402   294   248   474   344   404   290   270   370   345
Q27     1870   286   266   405   535   377   424   231   269   234   385
Q27     1880   215   299   274   307   213   259   307   233   230   362
Q27     1890   501   486   470   400   365   470   326   341   357   272
Q27     1900   254   373   266   227   282   499   605   509   390   347
Q27     1910   472   587   469   455   435   486   415   344   397   469
Q27     1920   541   381   381   278   454   414   376   331   338   365
Q27     1930   392   303   277   343   299   592   495   427   419   438
Q27     1940   406   401   546   440   395   431   397   575   899   827
Q27     1950   889   727   510   320   276   296   322   331   382   323
Q27     1960   321   305   249   280   320   367   319   343   249   254
Q27     1970   301   266   203   245   192   296   224   292   240   229
Q27     1980   244   203   164   238   229   232   176   233   203   201
Q27     1990   294   234   337   282   381   352   358   266   391   297
Q27     2000   686   934   812   537   554   510   533   369   297   335
Q27     2010   406   378   664   583   954  1258 -9999
Q28     1727   626   855  1149
Q28     1730   847   843   790   667   831  1016  1270   894   806   789
Q28     1740   925  1218   943  1089   815   983  1054  1207  1021   756
Q28     1750  1006  1021   754   689   678   901  1114   768   911   962
Q28     1760   712   682   904   564   647   803   623   605   527   557
Q28     1770   506   610   563   637   570   454   717   692   740   662
Q28     1780   750   710   682   683   834   787   791   702   968  1104
Q28     1790   986   832  1011  1095  1125  1036   933   974  1250  1061
Q28     1800   918   954   851   871  1046   913   817   917   541   750
Q28     1810   294   830   996  1313   597  1206  1248  1209  1029   647
Q28     1820   792   980   927   860   836   821   815  1108   857   798
Q28     1830   804   983   681  1043  1125  1024   785   782   700  1444
Q28     1840   783   838  1017  2055  1723  1663  1596   991  1455   992
Q28     1850  1008  1193  1181   974   971   988   751   751   768   786
Q28     1860   647   461   597   911   673   997   664   690   927   779
Q28     1870   576   528   842   825   669   794   570   809   764   852
Q28     1880   503   768   548   767   521   736   860   650   727  1261
Q28     1890  1206   966   902   644   669   772   659   663   637   448
Q28     1900   723   789   567   601   844   765   747   671   671   528
Q28     1910   729   682   701   763   899   820   520   578   520   568
Q28     1920   559   541   602   482   529   493   512   450   482   482
Q28     1930   508   487   453   602   829  1167   891   729   901   947
Q28     1940   848   828   735   562   567   553   481   658   798   813
Q28     1950   959   957   791   575   612   802   755   762   859   487
Q28     1960   619   586   567   690   782   771   646   742   571   550
Q28     1970   717   569   467   561   445   676   545   703   583   559
Q28     1980   682   688   494   637   680   716   582   792   567   466
Q28     1990   766   409   612   539   844   694   803   597   644   600
Q28     2000   690   705   685   798   841   929   920   684   669   566
Q28     2010   502   399   665   635   561   770 -9999
Q29     1722    76   475    78   704   497    55   109   244
Q29     1730   691   557    95   147   244   370   181   222   749   240
Q29     1740   455   661   492   876  1076   168   939   258    98   572
Q29     1750    77  1567  1321   809  1750  1076   645  1790   409   726
Q29     1760   302   805   231   394  1046   520   621  1340   927   403
Q29     1770   461   487   479   439   511   515   544   747   369   675
Q29     1780   488   501   465   518   501   493   331   147   423   719
Q29     1790   406   556   721   156   655   927   822   456   665   482
Q29     1800   612   486   607   534   522   591   497   618   456   359
Q29     1810   520   614   412   564   723   827   661   912   630   425
Q29     1820   432   586   682   699   629   635   855   955   708   986
Q29     1830   730   765   695   839  1074   823   778   790   588   858
Q29     1840   743   870   982  1303   789  1131  1131   670  1339  1107
Q29     1850   914   929   631   558   683   723   637   535   544   790
Q29     1860   925   921   816  1119   975   965   618   838  1109  1552
Q29     1870  1039   816  1122   927   928   884   734   883   741  1246
Q29     1880   800  1046   768  1015   876   889  1050   851  2067  2618
Q29     1890  1787  1526  1574  1290  1113  1253  1045  1916  1296   870
Q29     1900   831  1134   880  1040  1469  1452  1296  1429  1481  1121
Q29     1910  1420  1186  1253  1229  1357  1044   983  1054  1028  1070
Q29     1920  1013   595   770   780  1257  1069   944   745   752   852
Q29     1930  1108   976   496   513   565   915   822   891   869  1273
Q29     1940  1129  1091   962   673   796   720   490   378   689   370
Q29     1950   670   759   755   554   451   470   430   634   689   732
Q29     1960   751   544   435   477   563   670   607   508   551   494
Q29     1970   656   678   503   630   351   577   572   704   531   465
Q29     1980   486   456   477   283   509   661   484   540   493   514
Q29     1990   711   416   872   651   865   706   713   625  1211  1248
Q29     2000  1208   963   933   897   904   715   699   674   611   670
Q29     2010   545   664 -9999
Q30     1797   881   462   534
Q30     1800   517   639   446   657   837  1091   969   778   864   466
Q30     1810  1172   785  1099   627  1288  1084  1364  1364  1470   798
Q30     1820   515  1188  1252  1122  1252  1461  1047  1041   943  1217
Q30     1830   957   715   485   889  1219   926   910   643   393   731
Q30     1840   659  1174  1402  1653  1216   912  1258   831  1351   914
Q30     1850  1041  1618  1345  1359  1603  1587  1006  1493  1091  1065
Q30     1860   857   809   909  1532  1143  1365   593   749  1542  1981
Q30     1870  1882  1528  1722  1344  1372  1065   977  1736  1331  1694
Q30     1880   768  1362   888  1006  1233  1612  1735  1227  1379  1679
Q30     1890  1466  1554   873   720  1220  1542  1065  1342  1592   719
Q30     1900  1187  1260  1287  1418  1577  1767  1390  1207  1091   916
Q30     1910  1456  1207  1271   884  1386  1284   532   910  1150   958
Q30     1920  1067   656  1092   954  1097   977   968   829   927   869
Q30     1930   945  1043  1118   983  1183  1508  1315   875  1467  1443
Q30     1940  1349  1653  1720  1078  1223  1064   785  1081  1612  1174
Q30     1950  1671  1736  1840  1339   870  1052   727  1043  1409   971
Q30     1960  1358  1227   777  1343  1230  1521  1374  1636  1417  1176
Q30     1970  1383  1008   821  1287   670  1170  1159  1607  1031   985
Q30     1980  1051  1152   577   972  1057  1204  1228  1420  1250  1166
Q30     1990  1387   883  1221  1129  1542  1137  1298  1025  1199   887
Q30     2000  1682  2164  1744  1604  1359  1423  1326  1217  1237  1396
Q30     2010  1168   914 -9999
Q32     1590  1278   861   515   890   756  1527  1388  1568  2172  1445
Q32     1600  1727  1370  1248  1063   964  1442  1316  1147  1601  1617
Q32     1610  1479  1104  1296   997  1454  1540  1646  1159  1116   763
Q32     1620  1052   847   918   801   943   827   852   530   828   791
Q32     1630   957   797   730   396   920   747   906   754   551   655
Q32     1640   640   547   425   707   508   782   622   612   509   824
Q32     1650   583   607   632   578   537   584   634   574   512   572
Q32     1660   488   450   591   492   487   521   442   452   364   447
Q32     1670   467   477   446   432   347   243   310   374   260   220
Q32     1680   240   204   296   289   273   258   237   287   274   313
Q32     1690   373   287   282   248   254   296   138   131   200   198
Q32     1700   266   173   289   195   213   156   135   106   177   128
Q32     1710   114   108   136   136   115   126   143   133   138   155
Q32     1720   130   188   122   192   201   185   184   192   156   149
Q32     1730   191   142   158   188   169   181   185   168   162   170
Q32     1740   208   192   161   199   156   200   175   148   150   172
Q32     1750   193   163   102   101   144   206   113   132   125   129
Q32     1760   118    97   122   112   156   110   142   167   139   122
Q32     1770   127   123    46   126   140    64   102   158   179   139
Q32     1780   161   191   157   124   135   115   190   142   155   114
Q32     1790   123   131   180   138   207   244   224   157   208   354
Q32     1800   381   425   407   340   489   643   563   598   512   473
Q32     1810   282   481   404   414   373   421   500   552   488   436
Q32     1820   440   412   398   344   369   396   449   481   451   550
Q32     1830   432   529   399   528   584   442   333   499   370   701
Q32     1840   455   521   569   648   537   600   646   535   637   517
Q32     1850   430   400   275   368   320   296   218   258   319   358
Q32     1860   249   175   252   402   298   462   362   342   388   484
Q32     1870   435   388   534   472   454   506   369   372   365   604
Q32     1880   420   431   414   365   301   401   440   382   354   451
Q32     1890   653   532   495   483   412   218   525   582   664   500
Q32     1900   413   605   520   467   617   532   590   722   589   473
Q32     1910   690   688   621   622   684   694   441   464   439   487
Q32     1920   496   366   448   492   510   506   441   399   431   431
Q32     1930   403   391   380   418   329   571   385   384   500   559
Q32     1940   506   553   435   347   316   294   271   351   326   348
Q32     1950   339   354   393   355   299   342   305   283   350   312
Q32     1960   200   153   191   166   151   218   195   212   196   149
Q32     1970   243   213   131   213   106   243   179   189   185   162
Q32     1980   215   212   181   165   229   229   102   173   165   161
Q32     1990   188   154   199   139   206   107   137   153   148   160
Q32     2000   116   143   122   130   168   185   159   102   110    80
Q32     2010    46    81 -9999
Q34     1851  1076  1020  1258   988  1236   923   935   892   621
Q34     1860   774   567   464  1165  1200   962   696   822   966   835
Q34     1870   961  1029   980   715   953   595   599   856   787   823
Q34     1880   809   884   769   739  1028  1145   932  1004  1366  1661
Q34     1890  1444  1221   987   606   489   676   452   673   526   552
Q34     1900   919   699   970   836   996  1400  1233  1166   618   825
Q34     1910  1152   968   826   710   959  1076   440   745  1125  1242
Q34     1920  1179   746  1099  1243  1438  1081  1217  1054  1195  1181
Q34     1930  1180   909  1145  1200  1307  1539  1341  1494  1537  1721
Q34     1940  1662  1503  1618  1329  1162  1457  1219  1314  1535  1226
Q34     1950  1566  1791  1777  1383  1120  1066   730   942  1235  1358
Q34     1960  1728  1485  1227  1193  1193  1318  1530  1520  1228  1095
Q34     1970  1120  1037   914   830   666  1234  1320  1412  1032   797
Q34     1980  1159  1344  1105  1396  1161   876  1296  1319   906   746
Q34     1990  1209  1185  2039  1390  1441  1329  1646  1360  1539  1209
Q34     2000  1667  1691  1530  1316  1542  1482  1330  1190  1300  1226
Q34     2010  1464  1245   965   995  1021  1120 -9999
Q67     1700   492   409   205   174   346   325   577   489  1151   545
Q67     1710   831   788   977  1120  1064   537   617   928   885   716
Q67     1720   899   904   832   747   765   741   864   914   977  1191
Q67     1730  1039   935   947  1120  1181  1062  1241   960   802  1025
Q67     1740  1048   996   540   713   571   691   592   864   768   702
Q67     1750   651   581   446   508   473   506   786   683   650   662
Q67     1760   564   446   559   592   711   646   715   850   742   777
Q67     1770   935   872   792  1007  1026   663   790   769   640   690
Q67     1780   615   595   651   694   488   594   779   549   729   601
Q67     1790   612   637   729   716   982   783   695   676   647   609
Q67     1800   633   699   766   730   788   844   693   710   471   697
Q67     1810   323   797   861   846   897   669   745   961   633   589
Q67     1820   569   559   694   745   644   702   748   887   696   714
Q67     1830   964  1030   456   679   668   780   652   757   499   826
Q67     1840   571   697   660   695   700   615   685   413   580   413
Q67     1850   530   682   683   550   515   564   388   522   612   589
Q67     1860   524   478   412   590   412   555   393   363   509   540
Q67     1870   499   472   487   502   443   502   390   492   456   357
Q67     1880   387   337   341   392   377   383   556   399   484   589
Q67     1890   459   365   330   310   322   468   565   367   539   362
Q67     1900   494   499   484   463   549   613   539   455   409   336
Q67     1910   434   506   476   446   561   580   237   523   506   401
Q67     1920   432   325   402   503   637   548   413   372   346   538
Q67     1930   468   598   525   721   704   729   689   533   559   602
Q67     1940   652   680   621   572   479   589   433   484   604   560
Q67     1950   580   637   591   561   582   569   454   561   689   491
Q67     1960   613   568   524   495   458   614   510   599   398   417
Q67     1970   467   442   387   514   384   475   449   591   361   305
Q67     1980   359   364   349   366   403   426   458   504   460   493
Q67     1990   661   425   529   391   665   417   454   416   590   386
Q67     2000   531   619   540   430   420   347   445   383   344   357
Q67     2010   335   239 -9999
Q74     1655   746   221   618   806   645
Q74     1660   313   419   498    94   125   515   569   123   556   794
Q74     1670   737   124   518   658   828   189   438   404   140    94
Q74     1680   359   326   125   488   533   656   567   188   189   729
Q74     1690   988   251   203   234   672   413   599   127   602   555
Q74     1700   380  1106    95   520   362   457    94   394   598   503
Q74     1710   269   348   538   380   396   444   412   175   538   491
Q74     1720   508   633   205    79   427   521   394   757   458   585
Q74     1730   475   443   301   332   222   396   413    79   523   269
Q74     1740   427    95   332   221   111   221   333   602   488   577
Q74     1750   581   646   377   475   490   475   520   482   518   455
Q74     1760   521   506   617   280   439   647   568   678   523   539
Q74     1770   444   475   491    95   159   302   190   349   540   380
Q74     1780   126   459   396   476   476   428    95   413   190   460
Q74     1790   667   556   570   582   142   538   634   190   397   175
Q74     1800   286   270   444   539   571   634   143   444   222   254
Q74     1810   491   664   238   238   666   440   439   521   174   222
Q74     1820  1841   333   381   444    79   730   222   540   428  1016
Q74     1830   526   728   476   460   365   301   333   428   175   571
Q74     1840   397   992   792   965   779   715   723   396   683   548
Q74     1850   476   647   663   780   946  1049   790   612   518   524
Q74     1860   510   487   323   640   537   664   396   429   613   626
Q74     1870   588   456   527   472   407   449   323   464   254   365
Q74     1880   251   348   247   611   407   494   520   335   488   732
Q74     1890   582   368   430   314   266   471   424   513   769   324
Q74     1900   627   644   611   471   686   898   798   791   585   344
Q74     1910   486   588   457   435   512   489   242   378   494   447
Q74     1920   469   250   413   444   521   492   458   323   341   353
Q74     1930   372   410   336   326   413   563   502   523   576   431
Q74     1940   880   714   489   537   622   659   429   544   731   573
Q74     1950   599   759   752   525   434   476   498   705   908   619
Q74     1960   647   615   473   520   451   590   537   646   540   383
Q74     1970   501   416   296   418   257   394   321   472   416   432
Q74     1980   431   535   373   431   366   483   448   685   580   426
Q74     1990   740   547  1050   552   977   710  1146   855  1373   835
Q74     2000  1387  1463  1460  1477  1570  1328  1319  1297  1227  1262
Q74     2010  1193  1407 -9999
Q79     1685  1040  1044   733   868   477
Q79     1690   522   699   717   356   705   384   904   680   578   583
Q79     1700   850   862  1649   458   988   442   534   633  1245   927
Q79     1710   687   682   790   857   837   879  1021   992   644   429
Q79     1720   719   882   780   924   914   719   684   623   659   498
Q79     1730   656   592   679   561   738   697   789   908   737   623
Q79     1740  1780   663   721   642   695   364   619   414   728   500
Q79     1750   500   497   578   704   952   940   634  1466   474   461
Q79     1760  1441   834  1688   711  1418   485   563   502   900   656
Q79     1770   548   925   626   652   678   600   871   597   707   612
Q79     1780   643  1109   822   698   603   615   865   841   477   483
Q79     1790  1071   542   536   533   550   448   694   449   726   484
Q79     1800   587   630   679   794   726  1468   458   590   389   548
Q79     1810   345   351   480   440   759   489   621   594   501   488
Q79     1820   412   467   633   373   399   564   427   564   499   654
Q79     1830   612   483   534   454   607   440   449   478   396   669
Q79     1840   232   512   542   624   571   279   555   537   605   344
Q79     1850   241   601   606   427   709   844   473   465   507   493
Q79     1860   487   365   484   650   438   492   143   507   771   625
Q79     1870   441   434   428   412   651   533   344   791   500   559
Q79     1880   308   611   758   611   609   704   785   515   739   833
Q79     1890   764   722   589   389   522   651   451   660   573   265
Q79     1900   751   563   511   329   640   739   622   425   361   344
Q79     1910   630   615   525   526   696   717   196   383   378   309
Q79     1920   480   183   537   354   413   283   456   267   309   337
Q79     1930   439   452   280   351   443   497   415   362   379   577
Q79     1940   480   404   542   393   481   431   254   520   606   578
Q79     1950   498   511   495   311   184   471   351   684   703   494
Q79     1960   796   564   512   500   345   392   637   589   444   308
Q79     1970   391   201   201   435   229   344   357   490   475   445
Q79     1980   391   377   330   372   377   440   644   650   370   336
Q79     1990   478   306   407   446   642   314   387   209   223   206
Q79     2000   370   417   318   250   211   290   298   230   227   207
Q79     2010   247   307   645   441   347   363 -9999
Q36     1929   727
Q36     1930   849   747   778   851   974  1070  1493  1312  1148  1230
Q36     1940   939   985  1104   994  1141   919   888  1118  1394  1515
Q36     1950  1137  1062   893   854   773   902   651   832   809   634
Q36     1960   816   663   840   915   811  1061  1226  1104  1036   861
Q36     1970   961   849  1522  1491   789  1391  1717  1913  1000   852
Q36     1980  1037  1359  1101  1635  1756  1454  1393  1330  1178  1183
Q36     1990  1553   935  1445  1145  1619  1259  1156  1101  1207  1400
Q36     2000  1851  1689  1528  1554  1586  1456  1352  1295  1646  2030
Q36     2010  1811  1390  1251  1055  1126  2205 -9999
Q38     1833   589   804   513   510   512   328   475
Q38     1840   358   658   884   859   621   549   600   487   903   779
Q38     1850  1009   961   831   864   856   855   726   769   681   712
Q38     1860   748   758   811   979   868   865   382   616   856   803
Q38     1870   740   686   797   839   874   848   640   819   690  1030
Q38     1880   549   823   594  1084  1291  1878  1681  1617  1713  1832
Q38     1890  1894  1704  1646  1404  1349  1482  1010  1609  1553  1009
Q38     1900  1450  1392  1118  1149  1477  1603  1332  1214  1049   905
Q38     1910  1187   890  1181  1072  1490  1572  1181  1222  1421  1614
Q38     1920  1518  1377  1492  1019  1264  1073  1321  1019  1070  1053
Q38     1930  1319  1202  1225  1187  1389  1639  1457  1232  1381  1524
Q38     1940  1628  1470  1429  1449  1609  1353   978  1413  1459  1362
Q38     1950  1463  1561  1478  1250   963   932  1010  1127  1351  1191
Q38     1960  1450  1071  1012  1116   991   954  1029  1036  1172   938
Q38     1970   894   630   558   633   461   834   885  1135  1009   947
Q38     1980   980  1087   707  1157  1203  1401  1331  1271   892   989
Q38     1990  1284   986  1217  1222  1418  1250  1459  1098  1536  1341
Q38     2000  1681  1525  1567  1345  1419  1354  1200  1066   901  1133
Q38     2010  1168   959  1149 -9999
Q40     1762   490   324   454   417   709   546   502   594
Q40     1770   535   563   532   516   561   593   821   760   829   829
Q40     1780   903   795   760   884   762   594   609   682   834   594
Q40     1790   838  1076   762   425   582   342   397   291   718   613
Q40     1800   583   562   538   725   591   759   751  1095  1762  1674
Q40     1810   784  1104  1521   801  1554  1373  1587  1477  1243  1075
Q40     1820  1546  1853  2016  1622  1278  1513  1094  1432   951  1350
Q40     1830  1070   916   830   840  1595  1072  1099   927   666  1121
Q40     1840   513   993   827  1165   974   598  1099   645   959   350
Q40     1850   641  1062   889   762   969   894   652   854   913   787
Q40     1860   731   440   568   960   514   645   357   486   766   869
Q40     1870   790   746   720   691   754   696   520   740   439   709
Q40     1880   299   767   389   585   468   777   806   553   796   791
Q40     1890   786   808   604   544   601   669   570   778   723   614
Q40     1900  1019  1054  1007   941  1191  1187   924   817   646   570
Q40     1910   917   925   857   485   946   889   349   751   789   630
Q40     1920   771   405   811   706   780   551   646   637   702   680
Q40     1930   781   819   816   957  1033   986   797   852   983   940
Q40     1940  1095  1259  1199   731  1213  1132   748   930  1054   850
Q40     1950   905   921   823   763   631   975   706   905   951   544
Q40     1960   670   764   833   755   646   759   809   843   677   565
Q40     1970   641   521   390   618   472   623   709   798   595   701
Q40     1980   706   698   559   622   877   853   826  1195   996   640
Q40     1990   952   693   874   894   990   624   623   539   717   744
Q40     2000  1020  1163  1053   930   857  1058  1015   798   864   880
Q40     2010   635   632   777 -9999
Q42     1659   435
Q42     1660   424   489   410   282   411   363   110   206   362   284
Q42     1670   456   204   316   299   457   439   562   327   203   423
Q42     1680   471   467   290   563   636   659   390   286   439   401
Q42     1690   408   291   399   346   394   464   361   298   385   534
Q42     1700   189   252   393   307   321   557   462   841   373   653
Q42     1710   294   555   706   515   387   389   436   465   500   412
Q42     1720   456   383   334   531   657   692   840   862   874   747
Q42     1730   664   721   763   686   749   729   690   712   660   693
Q42     1740   779   587   513   588   500   395   559   725   714   484
Q42     1750   474   551   356   285   406   321   648   590   676   602
Q42     1760   547   253   492   433   553   434   552   575   538   517
Q42     1770   625   746   655   558   335   395   525   588   536   456
Q42     1780   564   418   425   540   412   363   417   333   461   438
Q42     1790   298   385   496   333   645   555   443   447   585   527
Q42     1800   387   338   337   553   563   477   347   512   241   303
Q42     1810   144   446   314   331   333   329   487   531   321   253
Q42     1820   253   446   404   503   359   430   333   643   556   658
Q42     1830   718   635   493   646   809   722   627   754   633  1064
Q42     1840   473   764   854  1129  1033   683   906   429  1174  1020
Q42     1850  1033  1204   873   744   970   912   603   736   700   631
Q42     1860   591   486   656   871   630   835   411   463   595   614
Q42     1870   456   421   629   620   670   577   422   562   398   544
Q42     1880   285   526   344   466   396   490   648   412   741   706
Q42     1890   606   702   819   581   504   614   471   600   749   460
Q42     1900   632   630   524   407   588   689   825  1037  1172   894
Q42     1910  1053   812   654   448   769   727   347   658   746   609
Q42     1920   757   367   876   622   697   680   649   478   582   651
Q42     1930   680   666   541   525   612   659   645   475   677   581
Q42     1940   911   742   617   468   455   458   349   439   674   422
Q42     1950   606   672   490   303   425   480   468   515   627   384
Q42     1960   365   359   422   478   449   476   581   799   739   454
Q42     1970   655   396   254   505   280   497   382   535   380   400
Q42     1980   362   434   333   415   383   389   394   620   577   527
Q42     1990   719   385   561   583   739   402   406   301   414   259
Q42     2000   451   794   689   620   546   573   747   475   366   446
Q42     2010   447   435   800 -9999
Q44     1859   229
Q44     1860   284   365   318   521   335   477   357   523   683   789
Q44     1870   660   843   948   676   698   648   763   898   935  1014
Q44     1880   812  1127   841  1156  1164   753   858   346   869  1317
Q44     1890   953   559   861   778   747   983   855  1204  1278   642
Q44     1900  1215  1124  1153  1006  1331  1371   987  1000  1145   933
Q44     1910  1346  1200  1273  1490  2382  2155   959  1170  1545  1354
Q44     1920  1356   867  1081  1386  1275  1030  1110   835  1089  1092
Q44     1930  1251  1108   971   937  1026   991  1114  1128  1048  1186
Q44     1940  1546  1382  1124  1066  1239  1116   899  1022  1318  1114
Q44     1950   959  1370  1312  1152   942   972   640   854  1868  1387
Q44     1960  1727  1493  1133  1168   861   953  1080  1127  1238   997
Q44     1970  1159   997   994  1196   718   989  1195  1618  1359  1211
Q44     1980  1197  1321   791   826   824   935  1021  1282   964   722
Q44     1990  1083   742  1199   962  1315  1094   980   632   793   831
Q44     2000  1340  1466  1416  1273  1558  1386  1114   946   956   973
Q44     2010   885   678   990 -9999
Q48     1906  2390  1340   990  1145
Q48     1910  1543  1224  1411   916  1364  1763   360   714  1572  1276
Q48     1920  2149   650  1475  1165  1359  1063  1249  1114  1217  1051
Q48     1930  1435  1227   867   528  1318  1137  1138  1132  1032  1229
Q48     1940  1320  1226  1549  1227  1524  1538  1089   982  1200  1079
Q48     1950   910  1271  1359  1147   847  1021   958  1158  1481  1171
Q48     1960  1855  1539  1160  1245  1114  1452  1411  1615  1173  1085
Q48     1970  1193  1183   825  1142   758   959  1141  1600  1175   953
Q48     1980  1151  1266   875   955  1242  1150  1083  1248   947   971
Q48     1990  1426  1102  1312   890  1693  1224  1280  1074  1520  1222
Q48     2000  1408  1252  1168   934   781   694   780   770   840   926
Q48     2010  1024   838  1241   919  1224   735 -9999
Q49     1782   417   395   470   415   496   495   419   381
Q49     1790   549   512   616   577   691   716   744   419   532   508
Q49     1800   696   366   482   634   789  1030   680   685   496   445
Q49     1810   148   201   275   307   318   286   328   434   317   191
Q49     1820   264   211   222   729   590   370   306   508   391   286
Q49     1830   360   381   391   423   487   497   505   390   316   792
Q49     1840   284   538   369   474   916   495   542   448   801   430
Q49     1850   690   904   811   615   687   653   616   637   647   367
Q49     1860   659   614   571   945   779   755   365   669   955   942
Q49     1870   743   678   804   693   671   456   559   850   675   885
Q49     1880   511   708   418   688   798   826   817   427   859  1066
Q49     1890   828   933  1003   642   881  1240   744  1010  1067   450
Q49     1900   760   854   888   772   862   952   827   877  1012   764
Q49     1910   972   884   895   707  1107   932   439   779   875   956
Q49     1920  1115   721  1103  1375  1176   804   849   738   932   935
Q49     1930   840   826   862   700   797   993  1038   922  1027   943
Q49     1940   973  1095   851   800   993  1101   730   877  1011   842
Q49     1950  1290  1737  1419  1112   756   818   565   866  1196   827
Q49     1960  1198  1419   932   969   828  1182  1037  1147  1021   840
Q49     1970  1037   842   571   841   424   821   910  1402   971   734
Q49     1980   851   987   773  1134  1141  1104  1054  1161   949   901
Q49     1990  1262   851  1607  1152  1655  1107  1664  1457  2152  1527
Q49     2000  1997  1963  1823  1878  1581  1462  1334  1407  1231  1246
Q49     2010  1035   935  1298  1141  1717  2144 -9999
