# Southern British Columbia 400 Year Summer Temperature Reconstructions 
#----------------------------------------------------------------------- 
#                World Data Service for Paleoclimatology, Boulder 
#                                  and 
#                     NOAA Paleoclimatology Program 
#             National Centers for Environmental Information (NCEI)
#----------------------------------------------------------------------- 
# 
# NOTE: Please cite Publication, and Online_Resource and date accessed when using these data. 
# If there is no publication information, please cite Investigators, Title, and Online_Resource and date accessed. 
#
# Online_Resource: https://www.ncdc.noaa.gov/paleo/study/19767 
# Online_Resource: http://www1.ncdc.noaa.gov/pub/data/paleo/treering/reconstructions/northamerica/canada/bc2014temp-rw-mxd-bi.txt
# Original_Source_URL: 
# 
# Description/Documentation lines begin with #
# Data lines have no #
#
# Archive: Climate Reconstructions
#
# Parameter_Keywords: air temperature
#--------------------
# Contribution_Date
#	Date: 2016-02-05
#--------------------
# Title
#	Study_Name: Southern British Columbia 400 Year Summer Temperature Reconstructions 
#--------------------
# Investigators
# 	Investigators: Wilson, R.; Rao, R.; Rydval, M.; Wood, C.; Larsson, L.-A.; Luckman, B.H.
#--------------------
# Description_and_Notes
#	Description: Summer (May-June-July-August) temperature reconstructions for southern British Columbia, 
#	based on tree-ring width (RW), maximum density (MXD), and Blue Intensity (BI) measurements from 7 sites. 
#	Included are data from Figures 6 and 7. Figure 6 includes 4 variant RW and MXD or BI reconstructions,
#	plus Wilson and Luckman (2003) IBC reconstruction and Luckman and Wilson (2005) Icefields reconstruction. 
#	Figure 7 data are the weighted combination reconstruction using the reconstruction versions from Figure 6, 
#	excluding the Icefields reconstruction. See Wilson et al. 2014 for details.
#	Raw data for the 3 tree-ring parameters are archived separately in the International Tree-Ring Data Bank (ITRDB), 
#	ITRDB Site Codes CANA225, CANA226, CANA230, CANA231, CANA234, CANA237, and CANA238. 
#--------------------
# Publication 
#	Authors: Rob Wilson, Rohit Rao, Miloš Rydval, Cheryl Wood, Lars-Åke Larsson, and Brian H. Luckman 
#	Published_Date_or_Year: 2014-11-01 
#	Published_Title: Blue Intensity for dendroclimatology: The BC blues: A case study from British Columbia, Canada 
#	Journal_Name: The Holocene 
#	Volume: 24
#	Edition: 
#	Issue: 11
#	Pages: 1428-1438
#	Report_Number: 
#	DOI: 10.1177/0959683614544051
#	Online_Resource: http://hol.sagepub.com/content/24/11/1428.abstract
#	Full_Citation: 
#	Abstract: Maximum latewood density (MXD) is a strong proxy of summer temperatures. Despite this, there is a paucity of long MXD chronologies in the Northern Hemisphere, which limits large-scale tree-ring-based reconstructions of past temperature which are dominated by ring-width (RW) data - a weaker temperature proxy at inter-annual time-scales. This paucity likely results from the relative expense of measuring MXD and the lack of laboratories with the facilities to measure it. Herein, we test the ability of a relatively new, less expensive, tree-ring parameter, Blue Intensity (BI), to act as a surrogate parameter for MXD. BI was measured on Engelmann spruce samples from British Columbia where MXD had previously been measured to allow direct comparison between the two parameters. Signal strength analyses indicate that 8 MXD series were needed to acquire a robust mean chronology while BI needed 14. Utilising different detrending methods and parameter choices (RW + MXD vs RW + BI), a suite of reconstruction variants was developed. The explained variance from the regression modelling (1901-1995) of May-August maximum temperatures ranged from 52% to 55%. Validation tests over the earlier 1870-1900 period could not statistically distinguish between the different variants, although spectral analysis identified more lower frequency information extant in the MXD-based reconstructions - although this result was sensitive to the detrending method used. Ultimately, despite the MXD-based reconstruction explaining slightly more of the climatic variance, statistically robust reconstructions of past summer temperatures were also derived using BI. These results suggest that there is great potential in utilising BI for dendroclimatology in place of MXD data. However, more experimentation is needed to understand (1) how well BI can capture centennial and lower frequency information and (2) what biases may result from wood discolouration, either from species showing a distinct heartwood/sapwood boundary or from partly decayed sub-fossil samples. 
#------------------
# Funding_Agency 
#	Funding_Agency_Name: Leverhulme Trust
#	Grant: F/00 268/BG 
#------------------
# Funding_Agency 
#	Funding_Agency_Name: Natural Environment Research Council (NERC)
#	Grant: NE/K003097/1 
#------------------
# Site_Information 
#	Site_Name: Southern British Columbia
#	Location: North America>Canada>British Columbia
#	Country: Canada
#	Northernmost_Latitude: 51.0
#	Southernmost_Latitude: 49.0
#	Easternmost_Longitude: -117.0
#	Westernmost_Longitude: -122.0 
#	Elevation:  m  
#------------------
# Data_Collection   
#	Collection_Name: BC2014tempRWBIMXD
#	Earliest_Year: 1600
#	Most_Recent_Year: 1997
#	Time_Unit: AD
#	Core_Length: m
#	Notes: 
#------------------
# Species 
#	Species_Name: Picea engelmannii Parry ex Engelm.
#	Common_Name: Engelmann Spruce
#	Tree_Species_Code: PCEN 
#------------------
# Chronology_Information
#	Chronology: 
# 	
#----------------	
# Variables 
#
# Data variables follow are preceded by "##" in columns one and two.
# Data line variables format:  Variables list, one per line, shortname-tab-longname-tab-longname components (9 components: what, material, error, units, seasonality, archive, detail, method, C or N for Character or Numeric data) 
#
## age_AD	age, , , AD, , , , ,N
## tempanom-MJJA-RX	surface temperature anomaly, , , degrees C, May-June-July-August, climate reconstructions, Ringwidth and Maximum Density, standard chronology,N 
## tempanom-MJJA-RB	surface temperature anomaly, , , degrees C, May-June-July-August, climate reconstructions, Ringwidth and Blue Intensity, standard chronology,N 
## tempanom-MJJA-RXsf	surface temperature anomaly, , , degrees C, May-June-July-August, climate reconstructions, Ringwidth and Maximum Density, signal free chronology,N 
## tempanom-MJJA-RBsf	surface temperature anomaly, , , degrees C, May-June-July-August, climate reconstructions, Ringwidth and Blue Intensity, signal free chronology,N 
## tempanom-MJJA-IBC	surface temperature anomaly, , , degrees C, May-June-July-August, climate reconstructions, IBC reconstruction, Wilson and Luckman (2003) IBC reconstruction,N 
## tempanom-MJJA-ICE	surface temperature anomaly, , , degrees C, May-June-July-August, climate reconstructions, ICE reconstruction, Luckman and Wilson (2005) Icefields Reconstruction,N 
#
#----------------
# Data:
# Data lines follow (have no #)
# Data line format - tab-delimited text, variable short name as header
# Missing Values:  
# Figure 6 ring width, maximum density, blue intensity reconstruction variants
#
age_AD	tempanom-MJJA-RX	tempanom-MJJA-RB	tempanom-MJJA-RXsf	tempanom-MJJA-RBsf	tempanom-MJJA-IBC	tempanom-MJJA-ICE
1600	0.5385	0.9562	-0.4391	0.6536	-0.3162	-0.5620
1601	-2.1655	0.2894	-3.1922	-0.0570	-2.3031	-2.5520
1602	0.4037	0.1659	-0.8214	-0.1141	-0.3784	-0.8620
1603	0.4697	0.4669	-0.4173	0.2528	0.4748	-0.4620
1604	0.5976	0.7526	-0.1490	0.5210	0.2123	-0.0920
1605	0.7657	0.6113	-0.2240	0.3324	0.3835	-0.7220
1606	0.0956	0.1945	-0.9117	-0.0915	0.1619	-1.4120
1607	-0.1214	0.3545	-1.0913	0.0882	-0.1110	-0.9620
1608	-0.1472	-0.0695	-1.2008	-0.3574	-0.1401	-0.0420
1609	0.9913	0.7688	0.0472	0.4942	0.2643	-0.2420
1610	-0.2747	-0.2838	-1.2278	-0.5858	-0.4358	-0.0120
1611	0.1356	0.1531	-0.7695	-0.1236	0.0188	-1.1520
1612	-0.6915	-0.2970	-1.7165	-0.6194	-1.1543	-0.9720
1613	-0.4320	-0.4981	-1.5148	-0.7857	-0.6434	-1.1920
1614	0.4832	0.5543	-0.5106	0.2530	-0.0950	0.4680
1615	-0.6552	-0.5148	-1.6744	-0.8007	-1.2199	-1.2920
1616	0.2526	0.1200	-0.6649	-0.1861	-0.0189	-0.1020
1617	0.4774	0.4197	-0.3669	0.1406	0.1492	-0.1420
1618	0.4415	0.2176	-0.5350	-0.0804	0.2905	-0.3420
1619	0.8495	0.2328	-0.2676	-0.1019	0.1841	-0.4620
1620	0.0632	-0.4056	-1.0191	-0.7580	-0.3976	-0.9420
1621	0.4711	0.6338	-0.4250	0.3424	-0.2909	0.4380
1622	0.1426	0.2940	-0.7464	-0.0100	-0.7362	0.0180
1623	-0.0918	0.2150	-0.9569	-0.1003	-0.3071	-0.1820
1624	-0.4565	-0.1987	-1.5240	-0.5374	-0.9110	-1.3020
1625	-0.2917	0.0367	-1.2922	-0.3058	-0.4617	-1.1120
1626	-1.2478	-0.7768	-2.2811	-1.1186	-1.9034	-1.2920
1627	0.2209	-0.1261	-0.7351	-0.4732	-0.4818	-0.3420
1628	-0.3161	-0.3676	-1.3097	-0.7377	-0.6698	-0.6320
1629	-0.8516	-0.7869	-1.7935	-1.1383	-0.9739	-1.5420
1630	-0.3846	-0.4760	-1.4606	-0.8725	-1.0495	-1.0620
1631	-0.4138	-0.3709	-1.3923	-0.7519	-0.6428	-1.8820
1632	-0.2863	-0.0974	-1.0960	-0.4395	-0.6350	-0.4620
1633	0.3613	0.3782	-0.4435	0.0737	0.1595	-0.1820
1634	0.2272	0.5949	-0.5721	0.2869	-0.1150	-0.1020
1635	-0.0838	0.0653	-0.8856	-0.1666	-0.3560	-1.0520
1636	0.5042	0.5714	-0.3286	0.2283	-0.1036	-0.1220
1637	-0.8660	-0.4098	-1.8297	-0.7755	-1.0802	-1.8120
1638	0.0958	0.2032	-0.8147	-0.1456	-0.2949	0.1980
1639	-0.4702	-0.1254	-1.4041	-0.4815	-0.7063	-0.4720
1640	-0.3766	-0.2261	-1.3238	-0.6107	-0.6539	-0.4320
1641	-2.6478	-1.6244	-3.8645	-2.0544	-2.8873	-2.3020
1642	0.1459	-0.0334	-0.7855	-0.3943	-0.1537	-0.1520
1643	-0.6030	-0.3043	-1.6119	-0.6686	-0.5981	-1.6420
1644	-0.0155	0.1421	-1.1278	-0.2301	-0.4629	-0.2720
1645	-0.2848	-0.3162	-1.2645	-0.6764	-0.4535	-0.3320
1646	-0.0676	0.1494	-0.9117	-0.2061	-0.3644	-0.0720
1647	-0.7972	-0.4671	-1.6772	-0.7926	-0.9052	-1.2620
1648	0.0405	0.1776	-0.9123	-0.1371	-0.1228	-0.4820
1649	0.5239	0.4842	-0.2765	0.1697	0.3418	-0.8420
1650	-0.2682	0.2048	-1.1630	-0.0853	-0.3202	-1.0120
1651	-0.2006	-0.0377	-1.0935	-0.3752	-0.1993	-0.8920
1652	0.2727	0.4099	-0.6184	0.1037	-0.1534	0.5080
1653	-0.2548	-0.3586	-1.1531	-0.7283	-0.6736	-1.5820
1654	-0.5960	-0.3262	-1.5737	-0.6993	-0.4975	-0.5720
1655	-0.6688	-0.3448	-1.5361	-0.6611	-0.6924	-1.5420
1656	0.6749	0.6994	-0.1376	0.3975	0.4258	0.5180
1657	-0.7574	-0.3834	-1.5887	-0.7060	-0.7244	-1.3320
1658	-0.4017	-0.0945	-1.2298	-0.3777	-0.3188	-0.8820
1659	-0.4292	0.3065	-1.1102	0.0090	-0.3413	0.3480
1660	-0.2564	-0.0680	-1.0773	-0.3809	-0.3691	-1.3020
1661	0.0282	0.2931	-0.6601	0.0038	-0.1408	0.2080
1662	0.5947	0.4967	-0.1565	0.2614	0.2223	-0.5320
1663	0.3441	0.2188	-0.5607	-0.0495	0.1737	-0.3620
1664	-0.3412	-0.1365	-1.1103	-0.4494	-0.5124	-1.7520
1665	-0.3514	-0.0410	-1.0913	-0.3480	-0.7960	-1.5820
1666	0.0541	0.1280	-0.8228	-0.2019	-0.2629	-0.9920
1667	-0.3348	-0.3627	-1.1411	-0.6544	-0.2763	-1.0720
1668	-2.2714	-1.5947	-3.1952	-1.9015	-2.1679	-1.9820
1669	-1.2468	-0.9850	-2.1255	-1.3662	-1.2810	-0.7920
1670	-1.5147	-0.8495	-2.4377	-1.1883	-1.7459	-1.7820
1671	-0.4771	-0.4620	-1.2760	-0.7936	-0.3066	-1.0920
1672	-0.3296	-0.1482	-1.2056	-0.4562	-0.5102	0.1780
1673	-0.1163	-0.0133	-0.9787	-0.3138	-0.1865	-0.2720
1674	-1.4114	-0.6684	-2.3883	-0.9885	-1.3927	-2.8620
1675	0.2827	0.5253	-0.5230	0.2290	-0.0711	-0.0220
1676	-1.2567	-0.7735	-2.0235	-1.0561	-1.2488	-1.2420
1677	0.4156	0.8522	-0.3952	0.5708	0.2728	-2.1520
1678	-0.9557	-0.0294	-1.7536	-0.3060	-0.7287	-0.9420
1679	0.8898	0.9054	0.1847	0.6758	0.8755	0.0480
1680	0.4438	0.5383	-0.4102	0.2184	0.4039	-0.4220
1681	-0.6601	-0.0485	-1.5383	-0.3259	-0.6063	-0.4720
1682	-0.0142	0.2663	-0.7886	-0.0412	-0.0402	-0.8020
1683	0.1053	0.4247	-0.7381	0.0810	-0.0302	-1.0820
1684	0.4991	0.4998	-0.2663	0.1591	0.3446	-0.0420
1685	-1.5228	-0.6604	-2.3504	-1.0159	-1.6864	-2.0020
1686	-0.7922	-0.7055	-1.5949	-1.0299	-0.7336	-1.2420
1687	0.3647	0.2439	-0.4139	-0.0734	0.3858	-0.6420
1688	-1.0359	-0.5064	-1.8819	-0.8286	-0.9997	-2.4220
1689	0.6972	0.6869	-0.0819	0.3431	0.5318	-0.4220
1690	-0.6858	-0.3176	-1.5271	-0.6047	-0.7365	-1.6920
1691	0.1132	0.3033	-0.6487	-0.0597	0.0342	-0.4220
1692	0.1080	0.1089	-0.8260	-0.2467	-0.0327	-0.8220
1693	-0.0888	0.0139	-1.1202	-0.4112	-0.7564	-1.3520
1694	-0.4084	-0.4847	-1.3281	-0.8470	-0.6615	-1.3420
1695	-0.1185	-0.1435	-1.0643	-0.5221	-0.5407	-1.4220
1696	-0.5254	-0.4933	-1.4350	-0.8858	-1.3422	-2.3220
1697	-0.6354	-0.4097	-1.5911	-0.7824	-1.3215	-2.2120
1698	0.2725	0.2658	-0.7504	-0.1297	-0.2015	-1.8220
1699	-1.3257	-0.9663	-2.2310	-1.3166	-1.5561	-3.3120
1700	-0.6088	-0.4798	-1.5851	-0.8733	-1.1251	-1.8320
1701	-0.4658	-0.4821	-1.4295	-0.8600	-0.6762	-2.9520
1702	-0.1901	-0.2331	-1.1276	-0.6199	-0.3029	-1.5520
1703	-0.2221	-0.2210	-1.1679	-0.6146	-0.4648	-1.4320
1704	-0.1245	-0.1977	-0.9876	-0.5548	-0.2703	-1.3220
1705	0.6653	0.4526	-0.1831	0.0687	0.7795	-0.8120
1706	0.2157	0.1247	-0.7584	-0.2569	0.2474	-0.6320
1707	-0.2128	-0.3610	-1.0644	-0.7210	-0.7834	-1.1120
1708	0.1621	0.0537	-0.7492	-0.3414	0.0674	-0.9420
1709	-0.6448	-0.8695	-1.5397	-1.2419	-0.8788	-1.6420
1710	-0.4433	-0.2722	-1.3150	-0.6481	-0.5142	-0.5720
1711	-0.0106	-0.0181	-0.8323	-0.3736	0.1774	-1.3520
1712	0.4481	0.1791	-0.4386	-0.1847	0.5046	-0.4720
1713	0.5626	0.3561	-0.2909	-0.0162	0.6072	-0.8220
1714	0.4141	0.5493	-0.5088	0.1412	0.1656	-0.3420
1715	-0.9774	-0.6355	-1.9078	-1.0144	-1.2929	-1.3820
1716	-0.0292	0.1511	-0.9272	-0.2129	0.0271	-0.9320
1717	-0.2152	0.1431	-1.1779	-0.2291	-0.3176	-1.2420
1718	0.4063	0.3734	-0.4286	0.0020	0.5249	-0.3120
1719	-0.1166	0.1568	-1.1143	-0.2502	-0.3910	-0.3720
1720	0.1437	0.0010	-0.6892	-0.3360	0.2532	-0.7620
1721	-0.1442	-0.1700	-0.9888	-0.5194	0.3060	-0.7420
1722	0.8491	0.6740	-0.0119	0.2751	0.6152	0.1580
1723	0.3341	0.1496	-0.5223	-0.2214	0.3175	-1.0120
1724	0.2290	0.1599	-0.6451	-0.2251	0.1866	-0.2120
1725	-0.2692	-0.1050	-1.1011	-0.4515	-0.1765	-1.1820
1726	-0.7447	-0.4060	-1.5673	-0.7117	-0.4385	-0.2320
1727	-0.1697	-0.0695	-1.0129	-0.4049	-0.0756	-0.7620
1728	-0.1445	-0.0703	-0.9788	-0.3874	0.3210	-0.9920
1729	-0.2780	0.0925	-1.1359	-0.2350	-0.0123	-1.8820
1730	0.0551	0.2066	-0.8510	-0.1748	0.0500	-0.5520
1731	-1.4826	-1.1748	-2.4878	-1.5591	-1.6398	-2.2920
1732	-0.5279	-0.2079	-1.3605	-0.5657	-0.6756	-0.9520
1733	0.4809	0.2010	-0.3342	-0.1497	0.4591	-0.7320
1734	0.4576	0.4415	-0.3940	0.0565	0.6278	0.1180
1735	0.0416	0.1762	-0.8135	-0.1960	-0.1349	-1.0120
1736	0.3710	0.3463	-0.5104	-0.0332	0.2291	0.0280
1737	0.1435	0.1272	-0.6741	-0.2378	0.0815	-1.2020
1738	-1.4172	-1.2197	-2.2147	-1.5847	-1.3914	-2.5220
1739	0.1761	0.2813	-0.6575	-0.0853	0.2866	-0.5120
1740	0.0263	0.0166	-0.7977	-0.3587	0.1609	-0.4920
1741	0.3528	0.5510	-0.4491	0.1631	0.3004	-0.4520
1742	-0.3961	-0.1621	-1.2742	-0.5404	-0.3400	-1.2320
1743	0.3962	0.4319	-0.4493	0.0507	0.5181	-0.7720
1744	-1.4226	-1.1088	-2.2697	-1.4232	-1.4516	-2.0320
1745	-0.1714	0.1294	-1.1707	-0.3072	-0.4863	-0.4320
1746	-0.6859	-0.5631	-1.5511	-0.9189	-0.6478	-2.0020
1747	0.1699	0.5146	-0.6441	0.1487	0.4570	-0.4820
1748	0.6105	0.8760	-0.2289	0.4895	0.7282	-0.4020
1749	-1.3306	-0.9813	-2.2517	-1.3401	-1.2917	-2.1120
1750	0.4498	0.5849	-0.4160	0.1991	0.4704	-0.1620
1751	0.0589	0.3572	-0.8825	-0.0835	-0.1900	-0.2420
1752	-1.0787	-0.7068	-1.9543	-1.0940	-1.2493	-1.6920
1753	0.3001	0.4552	-0.5874	0.0808	0.2274	0.1580
1754	-0.2024	0.1800	-1.1639	-0.2394	-0.6755	-0.2020
1755	-0.4835	-0.2089	-1.3104	-0.5765	-0.5454	-1.0920
1756	-0.0143	0.2853	-0.8677	-0.0910	0.1464	-0.2120
1757	0.7140	0.7588	-0.1205	0.3638	0.8050	-0.5920
1758	0.7842	0.8213	-0.0716	0.4245	0.5845	-0.2620
1759	0.2992	0.3557	-0.5586	-0.0355	0.3248	-0.7920
1760	-0.4740	-0.3416	-1.3481	-0.7164	-0.5319	-0.9420
1761	0.4900	0.3734	-0.3989	-0.0321	0.3653	-0.7120
1762	-1.9325	-1.4645	-2.8557	-1.8285	-2.3558	-1.6020
1763	-0.4254	-0.2920	-1.3138	-0.6453	-0.4686	-0.8020
1764	0.3137	0.3631	-0.5848	-0.0411	0.4842	-1.1820
1765	-0.2288	-0.2594	-1.1613	-0.6516	-0.5514	-0.7320
1766	-0.6069	-0.5303	-1.4064	-0.8822	-0.5646	-0.7820
1767	-0.4846	-0.2881	-1.3208	-0.6383	-0.2852	-0.6220
1768	0.4043	0.4854	-0.3880	0.1143	0.6557	0.9480
1769	0.1510	0.2934	-0.6932	-0.0937	0.1617	-0.8920
1770	-0.4304	-0.2652	-1.2670	-0.6329	-0.4847	-0.3720
1771	0.3279	0.2934	-0.5552	-0.1139	-0.0242	-0.6420
1772	-0.5735	-0.5493	-1.3855	-0.9078	-0.3912	-0.3220
1773	0.4633	0.5567	-0.3689	0.1924	0.7473	0.9580
1774	0.3348	0.3779	-0.5465	-0.0234	0.2526	-0.4720
1775	-0.0706	-0.1382	-0.9365	-0.5170	0.0501	-0.3120
1776	0.4817	0.3034	-0.3600	-0.0745	0.5675	0.3680
1777	-1.2696	-1.1272	-2.1758	-1.5176	-1.0417	-1.1420
1778	-0.2500	-0.1029	-1.1260	-0.5075	-0.3219	-0.7920
1779	-0.3043	-0.2150	-1.1966	-0.6265	-0.5683	-0.8520
1780	-0.6051	-0.4549	-1.4759	-0.8494	-0.7203	-0.4520
1781	-0.0150	0.3237	-0.9256	-0.0818	-0.3431	-0.9520
1782	-1.1527	-1.0557	-1.9614	-1.4112	-1.4670	-1.5120
1783	-0.1245	0.0864	-0.9801	-0.3221	-0.0137	-1.0520
1784	-0.4073	-0.2944	-1.2813	-0.6902	-0.8258	-1.5820
1785	-0.5489	-0.4377	-1.4223	-0.8181	-0.6049	-1.9420
1786	-0.1142	0.0076	-1.0054	-0.3878	-0.4844	-0.9420
1787	-0.7632	-0.5980	-1.6307	-0.9958	-1.1742	-1.7420
1788	-0.9292	-0.6686	-1.8100	-1.0665	-1.4847	-0.9420
1789	-0.6212	-0.4752	-1.4416	-0.8477	-0.7892	-0.8820
1790	-0.4220	-0.1355	-1.2479	-0.5217	-1.0630	-0.3520
1791	0.2778	0.1995	-0.5061	-0.1616	-0.1874	-0.4220
1792	0.1986	0.2920	-0.6160	-0.0874	-0.1806	0.3780
1793	-0.7477	-0.5001	-1.5355	-0.8568	-0.7673	-0.7120
1794	0.3103	0.5036	-0.4526	0.1524	0.4060	-0.0720
1795	-1.1572	-0.8226	-1.9896	-1.1801	-1.1746	-1.5620
1796	0.8688	0.9679	0.1102	0.5868	1.0101	0.5580
1797	-0.9063	-0.5973	-1.6950	-0.9366	-0.7785	-1.5320
1798	0.6581	0.9415	-0.1688	0.5338	0.4962	0.4480
1799	-0.1385	0.1536	-0.9596	-0.2303	-0.1476	-1.1720
1800	0.2928	0.5569	-0.4828	0.1824	0.5297	-0.2320
1801	-2.4926	-2.0832	-3.3711	-2.4421	-2.6348	-2.0620
1802	-0.4205	-0.0710	-1.1672	-0.4193	-0.2322	-0.6320
1803	-0.1078	0.2897	-0.8215	-0.0572	0.1448	0.0680
1804	-0.5032	-0.0342	-1.2591	-0.3831	-0.0275	-0.8420
1805	0.5613	0.8189	-0.2085	0.4458	0.1892	0.5780
1806	-1.6778	-1.1042	-2.4529	-1.4507	-1.8430	-1.9120
1807	-0.1737	0.2510	-0.9001	-0.1027	-0.3617	-0.6720
1808	0.3890	0.5629	-0.3399	0.2157	0.6276	0.3980
1809	-0.9848	-0.6156	-1.7783	-0.9747	-1.3318	-0.7120
1810	-1.4836	-1.2066	-2.2274	-1.5225	-1.3469	-1.6820
1811	-0.8156	-0.6808	-1.5587	-1.0224	-0.5978	-1.7220
1812	0.2232	0.4281	-0.5335	0.0678	0.2879	-0.3420
1813	-1.7129	-1.2793	-2.5504	-1.6546	-1.8694	-2.3920
1814	-0.3303	-0.1121	-1.1161	-0.4835	-0.4995	-0.8220
1815	-0.7426	-0.4109	-1.4993	-0.7698	-1.0122	-1.4020
1816	-0.0568	0.1044	-0.7596	-0.2363	0.0842	-0.6420
1817	0.5461	0.6927	-0.2065	0.3239	0.1581	0.1880
1818	-1.5812	-1.2280	-2.3865	-1.5870	-1.9652	-2.2720
1819	-1.4162	-1.1616	-2.1526	-1.4727	-1.4896	-1.4820
1820	-0.8211	-0.3049	-1.5744	-0.6478	-1.0151	-0.5020
1821	-0.7197	-0.4351	-1.4594	-0.7759	-0.5680	-1.3520
1822	0.2132	0.3655	-0.5106	0.0253	0.4802	-0.9620
1823	0.1657	0.4381	-0.6516	0.0534	-0.1134	-0.4920
1824	-0.7413	-0.3711	-1.4778	-0.7132	-0.6929	-1.7120
1825	-0.0835	0.2344	-0.8155	-0.1232	-0.3013	-0.9420
1826	-0.6665	-0.3860	-1.4149	-0.7248	-1.0389	-1.2020
1827	-0.5694	-0.2143	-1.2831	-0.5446	-0.5383	-1.9520
1828	0.2883	0.4389	-0.3843	0.1216	0.2479	-0.2020
1829	0.1572	0.4444	-0.5402	0.1018	0.2195	-0.4520
1830	-0.7613	-0.3783	-1.4239	-0.6772	-0.6032	-0.8220
1831	0.8752	1.0283	0.1103	0.6439	0.4663	-0.5220
1832	-0.5980	-0.4104	-1.3069	-0.7448	-0.8359	-1.4620
1833	-1.3295	-1.0724	-2.0448	-1.3820	-1.3730	-2.3820
1834	0.2903	0.3924	-0.4123	0.0537	0.2543	-0.4620
1835	-0.1770	-0.0705	-0.9270	-0.4267	-0.7581	-1.1420
1836	-0.4342	-0.3634	-1.1545	-0.6972	-0.5458	-1.2520
1837	-0.9653	-0.6585	-1.7405	-1.0382	-1.4228	-1.7720
1838	-1.4422	-1.2016	-2.0662	-1.4869	-1.2485	-2.4220
1839	0.8793	0.9700	0.2438	0.6586	0.9047	0.6780
1840	-0.0298	0.1789	-0.6654	-0.1315	-0.5090	-0.5020
1841	-0.2169	0.1381	-0.8611	-0.1698	-0.5850	-0.4720
1842	-0.0414	0.2302	-0.6520	-0.0638	0.1721	-0.0420
1843	0.8315	0.8538	0.1505	0.5089	0.5719	0.3080
1844	-0.7172	-0.5427	-1.3682	-0.8398	-0.7669	-1.8420
1845	-1.1518	-1.0665	-1.7843	-1.3624	-1.5990	0.1780
1846	-0.2917	-0.0628	-0.9284	-0.3681	-0.3869	-0.3820
1847	0.1345	0.1687	-0.4194	-0.1082	0.4122	-0.1320
1848	0.0940	0.3050	-0.5511	-0.0145	0.0108	-1.3720
1849	-0.5416	-0.5530	-1.1579	-0.8503	-0.7159	-1.6820
1850	0.1834	0.0921	-0.4202	-0.1928	0.0804	-0.0220
1851	-0.4293	-0.3275	-1.0318	-0.6218	-0.2686	-0.5920
1852	0.4191	0.3785	-0.2009	0.0771	0.3380	0.6480
1853	0.1842	0.1052	-0.4947	-0.2161	-0.1737	-0.5220
1854	-0.5382	-0.5224	-1.1340	-0.8058	-0.7284	-0.8120
1855	-0.2975	-0.2277	-0.9558	-0.5370	-0.4748	-0.9720
1856	-0.4186	-0.5472	-1.0286	-0.8460	-0.6889	-1.2820
1857	-0.1964	-0.1776	-0.8153	-0.4568	-0.3807	-0.0420
1858	-0.4127	-0.3749	-0.9378	-0.6106	-0.4864	-0.6220
1859	0.4439	0.4359	-0.1504	0.1452	0.2562	0.2980
1860	-0.6659	-0.5264	-1.2733	-0.8006	-0.9039	-0.8520
1861	-0.6065	-0.4852	-1.1820	-0.7625	-0.8918	-1.2620
1862	-0.6426	-0.6491	-1.1140	-0.8648	-0.5105	-0.4620
1863	0.7927	0.7694	0.2325	0.4876	0.4302	-0.3920
1864	-0.2260	-0.1999	-0.7136	-0.4188	-0.3445	0.0580
1865	-0.5605	-0.2112	-1.0778	-0.4517	-0.3814	-0.2920
1866	0.3951	0.3703	-0.1756	0.0968	0.3868	0.1280
1867	-0.6144	-0.4687	-1.1400	-0.7245	-1.0020	-0.6020
1868	0.4497	0.3228	-0.0614	0.0719	0.1943	-0.1520
1869	0.3165	0.2314	-0.2194	-0.0255	0.1827	-0.0520
1870	-0.3016	-0.1728	-0.7903	-0.4094	-0.6716	-1.0020
1871	-0.2426	-0.2706	-0.7161	-0.4938	-0.4466	-0.8920
1872	-0.1994	-0.0365	-0.6779	-0.2697	-0.2155	-1.3520
1873	0.0262	0.0720	-0.4599	-0.1719	-0.0622	-0.7220
1874	-0.4345	-0.3712	-0.8808	-0.5922	-0.2750	-0.6420
1875	-0.2185	-0.0937	-0.7407	-0.3379	-0.4655	-0.4520
1876	-1.7838	-1.8573	-2.3310	-2.1048	-2.2420	-2.2920
1877	-0.2906	-0.2444	-0.7588	-0.4616	-0.4859	-0.9120
1878	0.8599	0.7871	0.4058	0.5581	0.5816	-0.1320
1879	-0.5036	-0.2697	-0.9826	-0.4906	-1.1490	-0.5220
1880	-1.6460	-1.5060	-2.1596	-1.7358	-2.0462	-1.4620
1881	-2.0830	-1.9774	-2.5348	-2.1738	-2.2113	-1.5020
1882	0.0485	0.0549	-0.4240	-0.1624	-0.1737	-0.0720
1883	0.2052	0.2032	-0.3041	-0.0481	-0.3992	-0.3620
1884	-0.5231	-0.5924	-0.9866	-0.8046	-0.8301	-0.4220
1885	0.2513	0.1440	-0.1223	-0.0320	0.3656	-0.7320
1886	0.7774	0.8585	0.3795	0.6608	0.8329	0.5980
1887	-0.0374	0.0030	-0.4738	-0.2067	-0.0709	-1.0620
1888	0.4945	0.3714	0.0542	0.1566	0.3821	0.2480
1889	0.5628	0.4087	0.1343	0.1986	0.5761	-0.3820
1890	-0.0186	0.0263	-0.4301	-0.1634	0.1038	0.0280
1891	0.6356	0.4550	0.2229	0.2402	0.4113	0.3680
1892	-0.3275	-0.3104	-0.7438	-0.5115	-0.5913	-0.7520
1893	-0.4990	-0.4468	-0.9010	-0.6514	-0.6448	-0.5720
1894	0.5850	0.4103	0.1702	0.2061	0.4131	0.6180
1895	-0.8846	-0.8620	-1.2634	-1.0385	-0.7100	-1.1920
1896	0.6044	0.5256	0.2084	0.3372	0.4965	-0.1620
1897	-0.2080	-0.4052	-0.5601	-0.5717	-0.1120	-0.2120
1898	0.9223	0.8455	0.5144	0.6477	0.7619	0.6780
1899	-2.2966	-2.3656	-2.7053	-2.5524	-2.6417	-2.3820
1900	-0.8909	-0.6136	-1.2285	-0.7570	-0.6197	-0.4520
1901	0.3051	0.4386	-0.0214	0.2700	0.5269	0.2680
1902	-0.6718	-0.4863	-0.9940	-0.6235	-0.9234	-0.8920
1903	-0.7580	-0.4984	-1.0250	-0.6239	-0.5329	-0.3220
1904	1.0818	1.0542	0.7930	0.9053	1.1343	0.3680
1905	0.0147	0.1537	-0.3128	-0.0002	0.2247	-0.1220
1906	0.5396	0.5519	0.2327	0.4024	0.8441	0.4480
1907	-1.5807	-1.5235	-1.8614	-1.6352	-1.3597	-1.6320
1908	0.4100	0.4684	0.1169	0.3268	0.7964	0.2380
1909	0.1401	0.0874	-0.1884	-0.0648	0.2463	-0.4520
1910	-0.0408	0.0014	-0.3447	-0.1463	-0.1865	-0.4720
1911	-0.2487	-0.1531	-0.5189	-0.2764	-0.2416	-1.0520
1912	0.0933	0.1392	-0.1706	0.0147	0.0449	-0.3520
1913	-0.5350	-0.5316	-0.7733	-0.6454	-0.4388	-0.5020
1914	1.0042	0.8816	0.7047	0.7268	0.6875	0.2180
1915	0.0652	-0.2429	-0.2584	-0.3976	-0.4561	-0.5720
1916	-0.6178	-0.6599	-0.8577	-0.7744	-0.8363	-0.3420
1917	0.2184	0.1411	0.0255	0.0544	0.1731	-0.2320
1918	-0.2886	-0.3163	-0.4907	-0.3991	-0.3612	-0.2320
1919	0.4437	0.3892	0.2459	0.2872	0.3824	0.1380
1920	0.2305	0.3758	-0.0502	0.2476	-0.1047	-0.0220
1921	-0.5317	-0.4863	-0.7721	-0.5917	-0.6210	-0.4820
1922	0.8243	0.7120	0.5789	0.5847	0.8258	0.0480
1923	0.1340	-0.0625	-0.1437	-0.2078	0.0056	-0.1120
1924	-0.2766	-0.3209	-0.5114	-0.4450	-0.1525	-0.4420
1925	0.8871	0.7135	0.6272	0.5949	0.6751	1.1180
1926	0.3191	-0.0141	0.0352	-0.1363	0.2431	-0.1220
1927	-0.5566	-0.6574	-0.8074	-0.7837	-0.7202	-0.1220
1928	0.5030	0.3960	0.2129	0.2576	0.0070	0.1880
1929	0.2021	-0.0188	-0.0688	-0.1463	-0.2637	-0.3020
1930	0.5664	0.2619	0.2948	0.1379	-0.0297	0.0980
1931	0.4540	0.2363	0.2181	0.1163	0.2250	-0.1420
1932	-0.0363	-0.1056	-0.2320	-0.1991	-0.2502	0.0680
1933	-0.1461	-0.0337	-0.3417	-0.1215	-0.1989	0.3080
1934	0.1795	0.0849	-0.0065	0.0138	-0.2711	-0.3420
1935	-0.3009	-0.2228	-0.4082	-0.2638	-0.4622	-0.4720
1936	1.2575	1.2865	1.1549	1.2482	1.1705	1.3380
1937	-0.3326	-0.4293	-0.4092	-0.4474	-0.3160	-0.9920
1938	1.1015	0.9880	0.9892	0.9451	0.8939	0.1980
1939	0.2187	0.1853	0.1064	0.1315	0.2138	-0.0220
1940	0.8984	0.7208	0.7920	0.6684	0.9866	0.3080
1941	0.5222	0.3217	0.3740	0.2452	0.2502	0.4980
1942	0.1109	0.0095	-0.0121	-0.0505	0.0394	-0.0920
1943	-0.5977	-0.6820	-0.6530	-0.6981	-0.5331	-0.5120
1944	0.1676	0.1336	0.1604	0.1387	0.5231	-0.4520
1945	1.2141	1.1217	1.1282	1.0900	1.1670	0.6180
1946	0.1874	-0.0084	0.0806	-0.0650	0.0705	0.0480
1947	-0.2945	-0.3640	-0.3467	-0.3803	-0.2813	-0.3020
1948	-0.6188	-0.6940	-0.6710	-0.7082	-0.7440	0.6180
1949	-0.1403	-0.1761	-0.1179	-0.1767	0.1058	-0.0620
1950	0.7764	0.7893	0.7696	0.7883	1.1949	0.9180
1951	-0.1018	-0.0564	-0.1576	-0.0915	0.2041	-0.4120
1952	0.2857	0.3056	0.2301	0.2799	0.6334	0.1980
1953	-0.1248	-0.0655	-0.1778	-0.0976	-0.0170	-0.3320
1954	-1.5919	-1.7645	-1.6526	-1.7705	-1.3624	-0.8920
1955	0.7624	0.6620	0.6809	0.6328	0.8752	0.6180
1956	0.4673	0.3688	0.3975	0.3356	0.6695	0.8480
1957	-0.5695	-0.5493	-0.5593	-0.5420	-0.2163	-0.8820
1958	1.4371	1.4589	1.4650	1.4691	1.4919	0.8980
1959	-1.8247	-1.7365	-1.8803	-1.7480	-1.7446	-1.3820
1960	-0.1141	-0.0239	-0.1146	-0.0064	0.2996	0.3180
1961	0.9026	0.8075	0.8751	0.7936	1.1259	0.3080
1962	-1.0418	-1.1551	-1.0892	-1.1780	-0.9825	-1.3320
1963	0.6298	0.4755	0.6230	0.4629	0.5023	-0.0820
1964	-2.2561	-2.4322	-2.2614	-2.4155	-2.2061	-0.9020
1965	0.6261	0.6516	0.6839	0.6822	1.2090	0.5280
1966	0.0216	0.0049	0.0789	0.0507	0.5518	-1.2920
1967	1.4103	1.3534	1.3859	1.3508	1.4454	1.3480
1968	-1.1170	-1.0682	-1.1935	-1.1012	-1.6063	-1.1320
1969	0.0730	0.0230	0.0777	0.0321	0.3674	0.2080
1970	0.8418	0.8012	0.8534	0.8022	0.4133	1.0580
1971	0.6839	0.6261	0.5835	0.5658	0.1340	0.0680
1972	-0.1440	-0.2079	-0.2298	-0.2653	0.1878	-0.0420
1973	0.2212	0.2518	0.1930	0.2293	0.1252	0.1280
1974	-0.4928	-0.4879	-0.5171	-0.5170	-0.1085	-0.5820
1975	-0.8081	-0.6592	-0.8566	-0.6631	-1.1237	-0.3820
1976	-1.6329	-1.7645	-1.6653	-1.7744	-1.9524	-1.4120
1977	0.4292	0.4470	0.4583	0.4809	0.8413	0.1680
1978	-0.4811	-0.4409	-0.4356	-0.4276	-0.6887	0.1180
1979	1.1143	0.9996	1.1186	0.9965	0.9592	0.3680
1980	-0.8408	-0.8551	-0.8429	-0.8482	-0.6453	-0.8220
1981	0.4063	0.3911	0.4253	0.3975	0.4205	-0.4120
1982	0.2285	0.2635	0.2143	0.2520	-0.0148	0.0380
1983	-0.0743	-0.0512	-0.0468	-0.0423	-0.0959	0.6680
1984	-0.2713	0.0118	-0.2622	0.0417	-0.3680	0.7480
1985	0.3049	0.3357	0.3061	0.3171	0.4008	0.3180
1986	0.1729	0.1568	0.2137	0.1767	0.2035	0.3080
1987	0.1930	0.2696	0.2595	0.3038	0.3726	0.4480
1988	0.3443	0.4582	0.3636	0.4699	0.3760	0.6780
1989	-0.3535	-0.1833	-0.2451	-0.1531	-0.1501	0.4080
1990	0.9100	0.9772	0.9317	0.9802	0.3064	0.4780
1991	-0.9305	-0.7561	-0.8932	-0.7510	-0.9776	-0.3920
1992	1.0549	1.2685	1.1286	1.2887	0.7033	-0.4120
1993	-0.8845	-0.5511	-0.8263	-0.5313	-0.7321	-1.2020
1994	1.1163	1.5487	1.2654	1.6252	1.4902	0.4880
1995	-0.8844	-0.4001	-0.8346	-0.3933	-1.0679	
1996					-0.1898	
1997					-0.4690	
