MURPH01 1965   791  1593   941  1025  1309
MURPH01 1970  1634  1709  2018  1037  1232   891   774   622   920   959
MURPH01 1980   694  1157  1783  1373  1328   994  1040  1072   694   998
MURPH01 1990  1077  1998  1975   644  1271  1262  1523   840   414   564
MURPH01 2000   457   836  1172   966   909   808   711   392   752   687
MURPH01 2010   267   440   372   657   639   659 -9999
MURPH02 1966   659   895  1197   647
MURPH02 1970   892  1467  1988  1794  1952  1693  1425  1270  1915  1583
MURPH02 1980  1070  1113  1526  1603  1579   782   772  1160  1061  1216
MURPH02 1990  1418  2305  1858   802  1396  1945  1612   840   634   920
MURPH02 2000   808   826   933   789  1222  1329   994   685  1171  1113
MURPH02 2010   399   831   963  1090   980  1001 -9999
MURPH03 1966   802  1063   139   990
MURPH03 1970  1401  1475  1666  1439  1404  1046  1067   744   902  1115
MURPH03 1980   752   740  1356  1004   790   598   461   624   568  1010
MURPH03 1990   949  1084  1216   815   607   626   667   385   106   193
MURPH03 2000   355   529   644   425   647   463   210   214   306   302
MURPH03 2010    67   172   174   250   255   198 -9999
MURPH04 1973   507   339   489  1012   455   665   962
MURPH04 1980  1063   612   707   821   692   578   498   659   563   515
MURPH04 1990   527   603   399   333   539  1413  1105   768  1130   917
MURPH04 2000   984   916  1653  1385  1094  1197   839   575   966  1062
MURPH04 2010  1200  1156   982  1245  1157   837 -9999
MURPH05 1968   918   935
MURPH05 1970  1264  1460  1026   845   897   833  1082  1784  1531  1334
MURPH05 1980  1146  1337  1319   947  1228  1464  1257  1000  1513  1467
MURPH05 1990  1255  1245   981  1449  2056  2269  1572  1988  1188   165
MURPH05 2000  1291  2144  2607  2077  2023  2149  1556  1389  1592  1569
MURPH05 2010   971   874  1017   733   563   534 -9999
MURPH06 1976   555   392   232   871
MURPH06 1980   585   596   555   443   334   514   391   457   429   337
MURPH06 1990   445   625   737   836  1184  1786  1448  1239  1194  1359
MURPH06 2000  1116   994  1510  1318  1256  1505  1430  1223  1477  1322
MURPH06 2010  1099  1532   943   790  1031  1107 -9999
MURPH07 1976  1193  1349  1855  1646
MURPH07 1980  1208   910  1522   980   816   632   695   663   466   925
MURPH07 1990  1144  1444  1339   784  1170  1821  1631   719  1204  1465
MURPH07 2000  1284  1194  1766  1224  1360  1196   869  1779  1355  1410
MURPH07 2010   808  1192   921  1377  1198  1395 -9999
MURPH08 1972  1203   856   985   706   733   655   966  1113
MURPH08 1980   814   869  1026   842   709   618   430   429   282   634
MURPH08 1990  1032  1220  1076   109   653  1287  1098  1027   896  1067
MURPH08 2000  1400  1416  1296  1124  1075  1008   930   654  1161  1009
MURPH08 2010   493   744   679  1099  1001  1011 -9999
MURPH09 1969   739
MURPH09 1970   773  1026  1174   794   574   572   910   942  1283  1475
MURPH09 1980  1216  1508  1565  1105   667   808   677   849   851  1779
MURPH09 1990  1731  1450  1658  1342  1612  2207  1740   902  1108  1295
MURPH09 2000  1378  1307  1586  1150  1331  1331  1318  1235  1582  1925
MURPH09 2010   801  1093   859   714   424   497 -9999
MURPH10 1972  1631   920   978   991   865   813  1163  1107
MURPH10 1980   662   941  1015   607   597   349   315   398   305   479
MURPH10 1990   628   754   611   335   271   650   627   668   564   888
MURPH10 2000   996   644   759   938   973  1191   835   813  1072  1008
MURPH10 2010   597  1012  1158  1031   986   862 -9999
MURPH11 1970   662   870  1247  1298  1179   981   995  1090  1439  1375
MURPH11 1980  1281  1289  1505   980   774   421   616   638   474   682
MURPH11 1990   682   881   660   604   543   833   836   758   549   855
MURPH11 2000   668   627  1020   876  1012   898   771   638  1014   928
MURPH11 2010   704  1055   521   790   994   751 -9999
MURPH12 1980  1217  1138  1472  1078  1361   830   901   770   801  1023
MURPH12 1990  1191  1192  1265   814  1120  1276  1341   708   991  1112
MURPH12 2000  1061  1151  1515  1277  1364  1476  1240  1125  1486  1452
MURPH12 2010  1306  1543  1389  1157  1264  1064 -9999
MURPH13 1971   639   833  1045  1140  1167  1395   957  1752  1808
MURPH13 1980  1613  1310  1251  1234  1476  1126  1159  1522   810   936
MURPH13 1990   978  1201  1187   913  1096  1190  1013   640   355   411
MURPH13 2000  1043   912  1185   846  1050  1253   773   580   700   748
MURPH13 2010   408   788   521   481   711   764 -9999
MURPH14 1976   966   771  1097  1139
MURPH14 1980  1039  1172  1405  1294  1178  1096  1074  1195   751   976
MURPH14 1990  1340  1654  2211  1115  1445  1880  1685   764   944  1301
MURPH14 2000  1249  1079  1407  1622  1197  1358  1237   904  1266  1376
MURPH14 2010   698  1082   966   594   952  1151 -9999
MURPH15 1967   731   177   641
MURPH15 1970   407   849  1133  1012  1124  1296  1420  1646  2274  1476
MURPH15 1980  1579  2591  2184  1877  1241  1138   774   543   727   690
MURPH15 1990  1506  1570   737  1466  1836  1594   610   696   800   990
MURPH15 2000  1189  1337  1022  1158  1564   607   432   653   901   232
MURPH15 2010   177    89   102   109   142   313 -9999
MURPH16 1966   760   694   121   551
MURPH16 1970   927   678  1084   687  1076  1070   745   821   856  1153
MURPH16 1980   984   688  1186   980  1101  1098   834  1038   643   852
MURPH16 1990  1328  1821  2227  1163  1291  1998  1439   674   471   745
MURPH16 2000   851   822  1767  1173  1458  1554   875   754   856  1313
MURPH16 2010   288   816   940   823  1095  1111 -9999
MURPH17 1971   769   844  1235   741   565   720   850  2432  1345
MURPH17 1980  1069   885  1359  1591  1745  1471  1293  1461  1005  1189
MURPH17 1990  1318  1589  1657  1530  2307  2646  3093  1701  2220  2202
MURPH17 2000  2024  1729  3025  2399  1948  2134  1625  1370  1692  1265
MURPH17 2010   913  1407  1125  1106   954  1236 -9999
MURPH18 1966   594  1137  1255   858
MURPH18 1970  1554  1011  1544   900  1207   813   544   342   437   648
MURPH18 1980   687   541   766   582   709   579   437   457   478   567
MURPH18 1990   658   709   876   300   696   988   880   570   289   429
MURPH18 2000   469   383   628   483   536   640   358   581   411   440
MURPH18 2010   188   330   327   435   432   362 -9999
MURPH19 1969   939
MURPH19 1970  1260   978  1670  1155  1063   662   425   303   595   996
MURPH19 1980   693   635   867   961  1125   859   732   965   900   777
MURPH19 1990   783   879  1145   780   756  1129   926   993   564   572
MURPH19 2000   759   698   936   665  1206   823   680   763   786   980
MURPH19 2010   293   735   711   790   665   807 -9999
MURPH20 1971   525   976   843  1023   590   603   464   875  1128
MURPH20 1980   748   597   995   906   922   597   622   647   604   593
MURPH20 1990   659   998  1075   854  1016  1282   821   343   309   344
MURPH20 2000   700   644   766   662   920  1139   610   402   537   787
MURPH20 2010   442   696   590   935   739   482 -9999
MURPH21 1968   829   625
MURPH21 1970   682   860  1165  1133  1056  1045  1154   725  1406  1192
MURPH21 1980   938   753   917   897   892   628   696   917   772  1015
MURPH21 1990  1013  1159  1284   391  1341  1458  1140   680   512   612
MURPH21 2000   679   722  1245   662  1094  1349  1034   805  1027  1158
MURPH21 2010   572  1094   939   972  1061  1253 -9999
MURPH22 1969   406
MURPH22 1970   285  1000  1171   954   799   640   954   891  1219  1111
MURPH22 1980  1054   753  1154   773   754   929   795   795   623   806
MURPH22 1990   702   709  1175   832  1005  1158   795   558   391   204
MURPH22 2000   296   651   918   779   643   763   827   797   718   805
MURPH22 2010   678  1066   740   443   517  1144 -9999
MURPH23 1967   654   783   474
MURPH23 1970   422   641  1195  1720  2090  1258  1598  1233  2015  2457
MURPH23 1980  1698  1423  1987  1533  1741  1721  1895  1504  1273  1007
MURPH23 1990  1380  1598  1864   822  1332  1676  1508   676   456   471
MURPH23 2000   473   455  1049   675   830   776   565   550   890   771
MURPH23 2010   367   773   490   371   523   705 -9999
MURPH24 1974  1212   840   709  1022  1641  1417
MURPH24 1980  1392  1428  1759  1536  1469  1182  1372  1328   849  1105
MURPH24 1990  1092  1428  1396   134   998  1363  1078   494   585   642
MURPH24 2000   554   556   882   756   579   591   579   397   682   701
MURPH24 2010   599   853   811   742  1207  1003 -9999
MURPH25 1971   492   555   320   435   397   820   829   847   897
MURPH25 1980   694   845  1350  1451  1375  1056  1187   777  1065  1008
MURPH25 1990  1211  1389   690   998   998  1190  1270   332    75   149
MURPH25 2000   161   217   480   503   564   732   661   543   277   376
MURPH25 2010   546   410   339   223   390   395 -9999
MURPH26 1972  1238   845   868  1007  1159  1112  1393  1702
MURPH26 1980  1640  1985  1814  1240  1449  1148  1083  1058   430   765
MURPH26 1990   971   959  1029   396   466  1037  1094   842   433   767
MURPH26 2000   782   700  1008   702  1057   974   677   640   809   727
MURPH26 2010   373   827   612   818   785   921 -9999
MDBp09  1964   975   880   132   368   265   836                                  
MDBp09  1970   416   650   525   701   619   504   457   695   724   763          
MDBp09  1980   682   942   696   823   899   840   731   708   683   908          
MDBp09  1990  1103  1124   748   887  1088   672   572   355   362   486          
MDBp09  2000   579   695  1166   719   895   698   311   336   537   689          
MDBp09  2010   221   460   470   385   328   506   344   602   622 -9999                                                                
MDBp10  1984  1246   981  1116  1089  1297  2068                                  
MDBp10  1990  2203  2370  2010  2569  2499  2662  1518   799  1360  1414          
MDBp10  2000  1886  2263  2239  1515  1011  2010  2223  1918  1717  1467          
MDBp10  2010  1656  2416  1807   828  1258  1671  1079  1486  1905 -9999          
MDBp11  1961   395   635   811   724   550   526   525   408   449                
MDBp11  1970   203   578   601  1014   689  1136  1090  1127   606  1007          
MDBp11  1980   869   961  1083   201   333   160   155   331   242   725          
MDBp11  1990   998  1166  1340  1105  1519  1642  1257   703   473   576          
MDBp11  2000   849   477  1015   618   546   928   530   347   468   553          
MDBp11  2010   203   651   657   536   782   502   547   658   742 -9999          
MDBp12  1976   416   495   461   333                                              
MDBp12  1980   506   355   610   412   611   589   412   434  1109  1036          
MDBp12  1990   860   645   891   789   626   543   710   981   870  1125          
MDBp12  2000   998  1397  1714  1746  1976  2204  1383  1163  1693  1525          
MDBp12  2010   741   990  1230   730   700   746   851  1736  1789 -9999          
MDBp13  1972  1553  1111  1250  1165   725   578  1239   974                      
MDBp13  1980   839   719   888   753  1355   552   595   741   643  1065          
MDBp13  1990  1042   951  1002   732   736  1016   807   384   370   391          
MDBp13  2000   468   490   590   758   737   766   650   474   780   742          
MDBp13  2010   526  1020   889   710   998  1105  1274  1601  1373 -9999          
MDBp14  1960   702   643   550   588   737   352   311   187   211   364          
MDBp14  1970   534   430   852   490   857   914  1150  1232  1494  1363          
MDBp14  1980  1013   943  1074   910  1032   859   708   759   640   913          
MDBp14  1990  1147  1293  1278  1133  1200  1449  1112  1673   380   458          
MDBp14  2000   824  1327  1456   904   914  1072   633   552   995  1524          
MDBp14  2010   626  1912  1060  1468  1207  1257  1664  1715  2063 -9999                                                    
MDBp15  1966   549  1017   638   511                                              
MDBp15  1970   360   498   344   485   552  1396   775  1394  1815  2506          
MDBp15  1980  1437  1549  1073  2062   957  1011   843   798  1234   464          
MDBp15  1990  1219  1574  1258   956  1275  1550  1358   513   304  1048          
MDBp15  2000   900  1486  1677  1215   982  1388  1190   698  1497  1271          
MDBp15  2010   738  1417   921   577  1630  1385  1339  1379  1848 -9999          
MDBp16  1977  1148  1889  2247                                                    
MDBp16  1980  1772  1582  2206   974   873   732   673   820   527  1174          
MDBp16  1990  1840  2265  2103  1797  1977  2272  1449   556   791  1003          
MDBp16  2000   740  1008  1239  1125  1051  1239   823  1238  1569  1109          
MDBp16  2010   615   836  1124   970  1330  1406  1883  1863  1699 -9999       