# Dobry - Seymour Watershed Vancouver Upper - THPL - CANA110, PAGES North America 2k Version
#-----------------------------------------------------------------------
#               World Data Center for Paleoclimatology, Boulder
#                                  and
#                     NOAA Paleoclimatology Program
#-----------------------------------------------------------------------
# NOTE: Please cite original publication, online resource and date accessed when using these data,
# If there is no publication information, please cite investigator, title, online resource and date accessed.
#
# Online_Resource: https://www.ncdc.noaa.gov/paleo/study/1000343
# Online_Resource: http://www1.ncdc.noaa.gov/pub/data/paleo/reconstructions/pages2k/namerica2k/nam-tr_34-cana110-1500-1980.txt
# Original_Source_URL: https://www.ncdc.noaa.gov/paleo/study/3121
#
# Archive: Tree Ring
#-------------------
# Contribution_Date
# Date: 2013-05-15
#-------------------
# Title: Dobry - Seymour Watershed Vancouver Upper - THPL - CANA110, PAGES North America 2k Version
#-------------------
# Investigators: Dobry, J.; Klinka, K.
#-------------------
# Description_Notes_and_Keywords
#  Description:
#
#-------------------
# Site Information
# Site_Name:  Seymour Watershed Vancouver Upper
# Northernmost_Latitude: 49.53
# Southernmost_Latitude: 49.53
# Easternmost_Longitude: -123.03
# Westernmost_Longitude: -123.03
# Elevation: 700
#-------------------
# Data Collection
# Collection_Name:  NAm-TR_34-cana110-1500-1980
# First_Year: 1500
# Last_Year: 1980
# Time_Unit: AD
# Notes:
#-------------------
# Species
# Species_Name: Thuja plicata Donn ex D. Don
# Common_Name: western redcedar
#-------------------
# Variables
#   variables format: shortname <tab> 9 var components: what,material,error,units,season,archive,detail,method, C or N for Char or Numeric data
## age_AD  Age,,,years AD,,,,,N
## trsgi   Tree Ring Standardized Growth Index,,,unitless,,Tree Ring,,,N
#
#--------------------------
# Data
# Missing Value: -999
age_AD   trsgi
1500   971
1501   890
1502   811
1503   850
1504   895
1505   813
1506   846
1507   1031
1508   955
1509   845
1510   960
1511   920
1512   881
1513   854
1514   885
1515   933
1516   892
1517   1041
1518   1329
1519   1150
1520   1217
1521   1140
1522   1221
1523   1115
1524   1086
1525   1174
1526   1105
1527   1185
1528   1031
1529   1103
1530   1211
1531   1104
1532   1040
1533   1037
1534   935
1535   1011
1536   1045
1537   1120
1538   1199
1539   1147
1540   949
1541   959
1542   781
1543   760
1544   794
1545   944
1546   818
1547   758
1548   805
1549   762
1550   708
1551   883
1552   760
1553   837
1554   910
1555   932
1556   976
1557   1184
1558   1052
1559   1089
1560   1143
1561   964
1562   989
1563   1040
1564   1335
1565   1061
1566   940
1567   982
1568   1055
1569   894
1570   892
1571   1107
1572   892
1573   1069
1574   1257
1575   794
1576   857
1577   874
1578   868
1579   987
1580   1039
1581   761
1582   815
1583   898
1584   884
1585   1241
1586   956
1587   930
1588   1052
1589   928
1590   949
1591   919
1592   829
1593   1193
1594   1343
1595   1218
1596   962
1597   1149
1598   1278
1599   813
1600   804
1601   803
1602   939
1603   961
1604   1097
1605   1164
1606   1093
1607   1114
1608   1452
1609   1441
1610   1215
1611   1145
1612   1060
1613   1037
1614   1119
1615   1079
1616   1009
1617   1099
1618   1174
1619   887
1620   976
1621   1066
1622   974
1623   1016
1624   965
1625   962
1626   847
1627   893
1628   923
1629   1019
1630   1102
1631   938
1632   967
1633   1013
1634   921
1635   1026
1636   1017
1637   939
1638   1045
1639   1134
1640   1060
1641   951
1642   975
1643   811
1644   894
1645   960
1646   1079
1647   1084
1648   889
1649   1100
1650   1104
1651   1041
1652   1028
1653   905
1654   1024
1655   917
1656   1057
1657   1133
1658   1094
1659   1066
1660   1210
1661   1353
1662   1042
1663   915
1664   1036
1665   1110
1666   1137
1667   1128
1668   966
1669   997
1670   833
1671   831
1672   974
1673   993
1674   1066
1675   891
1676   853
1677   960
1678   891
1679   987
1680   977
1681   1020
1682   1071
1683   689
1684   929
1685   964
1686   881
1687   993
1688   861
1689   895
1690   951
1691   962
1692   965
1693   1128
1694   1023
1695   1142
1696   827
1697   855
1698   911
1699   850
1700   1031
1701   1071
1702   1084
1703   872
1704   1080
1705   1025
1706   995
1707   1011
1708   949
1709   1015
1710   1013
1711   929
1712   984
1713   1136
1714   1130
1715   770
1716   885
1717   961
1718   995
1719   1052
1720   1130
1721   1042
1722   1142
1723   1207
1724   1009
1725   965
1726   887
1727   1031
1728   1206
1729   1048
1730   810
1731   897
1732   892
1733   911
1734   918
1735   985
1736   1094
1737   1035
1738   1058
1739   889
1740   942
1741   985
1742   936
1743   951
1744   923
1745   1002
1746   1069
1747   1139
1748   1006
1749   1122
1750   1063
1751   1219
1752   1017
1753   919
1754   863
1755   915
1756   1033
1757   996
1758   991
1759   1082
1760   964
1761   909
1762   879
1763   1043
1764   1114
1765   1079
1766   1098
1767   1052
1768   957
1769   1101
1770   1151
1771   1181
1772   1116
1773   1179
1774   1072
1775   1017
1776   1198
1777   1119
1778   966
1779   975
1780   1121
1781   874
1782   698
1783   995
1784   1001
1785   1265
1786   1131
1787   801
1788   957
1789   1028
1790   935
1791   1142
1792   1227
1793   1315
1794   1206
1795   698
1796   808
1797   786
1798   901
1799   925
1800   1023
1801   878
1802   941
1803   1214
1804   1373
1805   1277
1806   1007
1807   1051
1808   933
1809   1054
1810   758
1811   579
1812   709
1813   806
1814   914
1815   898
1816   909
1817   908
1818   906
1819   871
1820   929
1821   866
1822   920
1823   943
1824   1020
1825   1165
1826   903
1827   1007
1828   1010
1829   1216
1830   1068
1831   1205
1832   908
1833   1050
1834   1046
1835   887
1836   1023
1837   1062
1838   869
1839   1127
1840   688
1841   688
1842   774
1843   762
1844   991
1845   1041
1846   1177
1847   906
1848   879
1849   814
1850   1043
1851   1089
1852   889
1853   960
1854   1126
1855   1226
1856   1083
1857   1158
1858   1086
1859   1156
1860   1101
1861   1078
1862   1047
1863   1029
1864   927
1865   999
1866   992
1867   1211
1868   1325
1869   1141
1870   1017
1871   1050
1872   1221
1873   1267
1874   1195
1875   1029
1876   401
1877   940
1878   1078
1879   1030
1880   844
1881   742
1882   863
1883   1015
1884   1060
1885   1024
1886   1015
1887   922
1888   869
1889   1209
1890   1036
1891   1240
1892   1049
1893   913
1894   970
1895   877
1896   881
1897   774
1898   933
1899   882
1900   937
1901   1080
1902   1167
1903   1084
1904   1022
1905   876
1906   1016
1907   1025
1908   1139
1909   896
1910   1191
1911   919
1912   599
1913   829
1914   983
1915   1041
1916   841
1917   801
1918   725
1919   1070
1920   1012
1921   745
1922   805
1923   813
1924   1021
1925   986
1926   862
1927   899
1928   942
1929   988
1930   1129
1931   1066
1932   978
1933   955
1934   1046
1935   1106
1936   892
1937   1049
1938   1262
1939   1095
1940   1192
1941   1286
1942   1184
1943   1248
1944   1481
1945   1279
1946   1270
1947   1188
1948   1062
1949   1003
1950   1009
1951   1053
1952   1134
1953   1135
1954   985
1955   926
1956   743
1957   835
1958   886
1959   630
1960   855
1961   961
1962   889
1963   993
1964   974
1965   872
1966   773
1967   1091
1968   1122
1969   735
1970   957
1971   877
1972   907
1973   1073
1974   1028
1975   977
1976   926
1977   1097
1978   1032
1979   1058
1980   1273
