CNY01B  1868 13790  3310                                                          
CNY01B  1870  4270  4820 11260 12650  5430  2870  1260  1280  1450   610          
CNY01B  1880  1580  1240   980  1030  2180  4270  1010   600   900   540          
CNY01B  1890   210  1560  2050  1000  1150   820   810  1140  1160   680          
CNY01B  1900   640  1500  1430   910  1370  1210  1130  1840  3690  1840          
CNY01B  1910   700   720   540   560   830   660  1130  3560  1660   640          
CNY01B  1920   780  2150  3070   800   410   210   250   160   350   540          
CNY01B  1930   770   690   700   720  1810  2350  1420  1450  1020  1410          
CNY01B  1940  1180  1650  2110   780   900   660   780  1370  1480  1290          
CNY01B  1950   760   610   650   680   950   550   440   740   600   870          
CNY01B  1960   890   840   810   710   920  1170   740  1180  1290   810          
CNY01B  1970  1380  1800  1500  1110  1370  1440  1470  1030  1020  1010          
CNY01B  1980   890   510  1090  1450  1110   540   490   560   280   530          
CNY01B  1990   590   960   930   500   570   680   690   970  1120  1090          
CNY01B  2000   870  1090  1120  1480  1710   260   710  1470  1940  1110          
CNY01B  2010  1280  1430   850   940  1210  1170  1530  1480  1260 -9999          
CNY01C  1870  6040  4920  8350 13930  5560  2150  1580  1790  1720   500          
CNY01C  1880  1230  2190  1740  1380  4330  7430  1620   680   910   910          
CNY01C  1890   370  1520  2010  1580  1760  1490   920  1000   950   560          
CNY01C  1900   900   770   610   760  1130   990   930  2720  2300   870          
CNY01C  1910   630   730   530   740  1170   880  1310  2850  1310   850          
CNY01C  1920   830  1730  2240   630   570   680   470   440   610   640          
CNY01C  1930   680   890   660  1670  2160  2570  2290  2220  1190  1070          
CNY01C  1940   930  1250  1720   470   630   500   720  1210  1180  1200          
CNY01C  1950   490   490   770   850  1060   960   600  1090   880   550          
CNY01C  1960  1320   970  1480  1130  1230  1220  1050  1570  1520   810          
CNY01C  1970   890   880  1130   400   910   900   850   770   640  1200          
CNY01C  1980  1140   670  1170  2060  1680   740   460   330   520   880          
CNY01C  1990  1120  1020  1080   490   560   440   700   650   870  1140          
CNY01C  2000  1310   790  1390   980  2080  1360   990  1350  1260   620          
CNY01C  2010   900  1330   790   840  1430  1460  1410   590   570 -9999          
CNY02A  1937  2550  3430  2300                                                    
CNY02A  1940  1410  1400  3200  3640  2560  1810  1240  1370  1200  1700          
CNY02A  1950  2460  1940  2340  2090  4870  4200  4000  4440  6070  5230          
CNY02A  1960  4380  3830  3720  2420  2740  2220  2270  2350  3040  1910          
CNY02A  1970  3260  2630  1700  1800  2210  2180  2340  1630  1790  1530          
CNY02A  1980  1900  1570  1730  3130  2240  2190  2690  2810  2560  2470          
CNY02A  1990  2140  1490  1200  1280  1320  1220   970  1000  1080  1320          
CNY02A  2000  1470   750   860   990  1290  1290  1680  1880  1280  1100          
CNY02A  2010  1640  1780  1740  1130  1290  1690  1830  1700  1380 -9999          
CNY02B  1925  2640  1650  3170  5860  6920                                        
CNY02B  1930  7070  4800  3950  3030  4150  4080  2920  2320  1620  1190          
CNY02B  1940  1070   850  1770  1560  1380   900   800   970  1450  1090          
CNY02B  1950  1110   630   560  1320  3410  4780  4180  2980  2760  2600          
CNY02B  1960  2320  2020  2370  1990  1410   970  1250  1780  1800  1310          
CNY02B  1970  2160  1080   800   970  1270  1780  1400   990   640  1090          
CNY02B  1980  1260   850  1110  1640  1500  1100  2690  1880  1460  1630          
CNY02B  1990  1340  1220   950   800  1090   600  1000  1310  1760  1580          
CNY02B  2000  1000   680   880   820   780   670   600   840  1080  1030          
CNY02B  2010  1030  1350  1260  1050   860  1060  1320   580   610 -9999          
CNY03A  1923  1150  1050   950  1010   350  1380  1410                            
CNY03A  1930  1690  1690  1140   960   850  1280   680  1230  1140   590          
CNY03A  1940   720  1370  1770   650  1170   650  1310  1260  1280   810          
CNY03A  1950   740   500   300  3400  3290  3950   890  2730  3670  3330          
CNY03A  1960  2560  2830  3530  2280  1680  1820  2990  3620  3570  1120          
CNY03A  1970  3420  1710  1470  1390  1350  2430  2290   700  3430  3090          
CNY03A  1980  2280  2280  3290  4470  4200  4450  2760  2260  2520  1730          
CNY03A  1990  2310  2690  4270  4560  4880  6150  2930  3880  3400  3180          
CNY03A  2000  3020  1600  2520  1880  2910  3740  3430  4060  4070  2610          
CNY03A  2010  3400  3000  2380  3080  3460  3880  4330  3380  2560 -9999          
CNY03B1 1954  2790  3030  1210  2600  3290  2700                                  
CNY03B1 1960  2480  1870  2770  2210  2090  1860  2420  1900  1690   870          
CNY03B1 1970  1620   520   920  1050  1480  1090  1340   830  1110  1330          
CNY03B1 1980  1230   980   950  1810  2480  2300  2050  1020  1140   550          
CNY03B1 1990  1350  1930  1440  1450   710   830   860  1110  1830  1400          
CNY03B1 2000  1640   460   500   610  1140   970  1060  1110   880   620          
CNY03B1 2010   710  1180   830   930  1310  1420  1800  1240   900 -9999          
CNY03B2 1921  3650  4370  1410  1310  1450   980   330  1190  1500                
CNY03B2 1930  2140  1900  1470  1150  1380  1080   520  1090  1300  1480          
CNY03B2 1940   850  1460  1490  1010   880   640   700   980 -9999                
CNY04A  1928  1510  2150                                                          
CNY04A  1930  2390  2220  1980  2880  2410  3430  4200  2430  2150  1690          
CNY04A  1940  2070  3740  2060  1480  2060  1290  1540  1600  1640  1240          
CNY04A  1950  1230  1020  1750   510   780  1070   750  1200   980   700          
CNY04A  1960  1130  1010  1810   750  1690  1290  1220  1080  1290  1100          
CNY04A  1970  2200   980   900   730  1730  1460  1270   890  2170  1500          
CNY04A  1980  1910  1290  1470  2210  1080   400   420   430   170   380          
CNY04A  1990   570  1080  1160  1600  1830  1480  1470  1360  1330  1610          
CNY04A  2000  2240  1280  3320  2100  4060  4010  3080  2240  2110  1510          
CNY04A  2010  1970  2460  1810  1730  2520  2650  2300  2040  1630 -9999          
CNY04B  1933  4650  3050 10170 11390  4290  4010  2770                            
CNY04B  1940  3250  3450  3040  2720  3470  1750  1320  1600  1980  1680          
CNY04B  1950  1690  1190  1160   650   740  1250   950   820   730   480          
CNY04B  1960  1080   840  1350   800  2180  2100  1900  1340  2340  1580          
CNY04B  1970  3520  2040  1720  1660  2180  2140  1640  1060  1220   820          
CNY04B  1980   960   820   980  2010  2070   370   710   750   680   690          
CNY04B  1990   780   590  1010  1140  1700  1440   900  1200  1020  1000          
CNY04B  2000  1650   990  1430  1340  1520  2100  1250   990   800   760          
CNY04B  2010  1270  1310  1030   970  2070  3250  2070  1290  1420 -9999          
CNY05A  1924  3000  2560  3240  1910  4240  7010                                  
CNY05A  1930  5430  3590  2620  2140  1410  2290  2520  2460  2410  1700          
CNY05A  1940  1140   900  1090  1090  1100   690   830  1100  1180   810          
CNY05A  1950   500   730  2780  3000   920   620   920  1100  1630  2010          
CNY05A  1960  2320  1810  2350  1410  2110  1710  2290  1480  2200  1480          
CNY05A  1970  2540  1610  1430  1040  1970  1760  2040  1050  1770  2090          
CNY05A  1980  1950   830   680  1490  2560  1770   760   610  1070  1010          
CNY05A  1990  1170  1640  1440  1510  1270  1220   940  1120  1090  1210          
CNY05A  2000  1080   880   930  1020  1760  2090  2200  1960  2020   950          
CNY05A  2010  1080  1210  1030  1470  1400  1300  1750  1620  1310 -9999          
CNY05B  1924  2310  2640  2040  4430  4750  5660                                  
CNY05B  1930  4090  5050  2710  2130  3110  3310  2230  2690  2450  1320          
CNY05B  1940  1180  1230  1000  1090   850  1160   930  1320  1250  1030          
CNY05B  1950  1060   540  2370  1680   880   700   820   990   780  1200          
CNY05B  1960  1770  1130  3080  3110  3580  2140  2050  2460  2230  1200          
CNY05B  1970  2440  1380  1330   940  2040  2730  2640  1120  1870  1950          
CNY05B  1980  2080  1160  1440  2640  3040  2460  1210  1190  1570  1430          
CNY05B  1990  1190  1310  1340  1590  1250   930   910   700   900   890          
CNY05B  2000  1060   780   970   930  1980  2420  1980  2120  2370   960          
CNY05B  2010  1360  1310   930  1470  1630  2120  2200  1910  1340 -9999          
CNY06A  1967  4610  4100  3060                                                    
CNY06A  1970  4200  3020  2330  2120  2810  2440  3020   970  2720  3190          
CNY06A  1980  2760  1800  3760  3600  4170  4810  3170  3090  3690  4030          
CNY06A  1990  3770  3550  4040  3650  4230  3340  4120  5220  7640  7080          
CNY06A  2000  6190  4770  6340  4940  7840  7930  6290  6200  5850  5470          
CNY06A  2010  4900  5180  3900  3520  6130  6550 16550 10040  2840 -9999          
CNY06B  1967  5040  5030  5540                                                    
CNY06B  1970  6010  4670  2820  2290  3090  2830  1750  1100  3730  3820          
CNY06B  1980  2860  1320  3040  2900  3750  5980  4030  2610  3340  3660          
CNY06B  1990  3760  6740  7920  7010  4790  2950  4750  3440  6390  5410          
CNY06B  2000  4760  2430  4000  3170  4480  3840  3180  4220  3810  3250          
CNY06B  2010  3350  3610  3100  2720  3210  2530  2000  3700  2270 -9999          
CNY07A  1984 11460  8750  9850  7750  7880  7020                                  
CNY07A  1990  6350  7230  7820  7780  5690  8670  7860  7140  5700  4820          
CNY07A  2000  4730  2930  4690  6130  7250  5300  5210  4520  5280  3980          
CNY07A  2010  5030  5390  4640  3760  5090  4470  4750  4910  4000 -9999          
CNY07B  1984 12130 10260 12150 10260  9920  8940                                  
CNY07B  1990  6730  7260  6870  7810  6560  8910  7190  6210  4490  4640          
CNY07B  2000  5380  3330  5190  6170  5940  4780  5400  4990  5990  4430          
CNY07B  2010  5100  5370  4020  2850  4390  3850  3930  4260  3350 -9999          
CNY08A  1958  2990  2390                                                          
CNY08A  1960  3050  2310  1490  1500  1130  1270   720   840  1020   790          
CNY08A  1970  1040   640  1170  1530  1710  1810  1890  1480  1750  1680          
CNY08A  1980  2180  1200  2550  2620  3140  4310  5960  3670  3790  3750          
CNY08A  1990  3460  3670  2690  1910  1850  2360  2840  3260  3870  4550          
CNY08A  2000  3210  2650  2590  2010  3230  2400  2330  1980  4210  5320          
CNY08A  2010  4610  5930  4470  2750  3230  2320  2630  3940  2590 -9999          
CNY08B  1889   980                                                                
CNY08B  1890  4160  6750  5550  5670  5050  4190  2140  2050  2630  1040          
CNY08B  1900  1450  1460  1410  2830  2820  2070  3690  3390  3140  2140          
CNY08B  1910  2910  2240  2860  1700  1940  1550  1270  1810  1440  1300          
CNY08B  1920   990  1930  1130  1120  3250  3260  3590  3590  2330  3090          
CNY08B  1930  3400  2050  1790  1910  2490  3050  2260  2330  2010  2040          
CNY08B  1940  2050  1960  1940  2370  2250  2360  2530  2670  3110  3820          
CNY08B  1950  2940  2480  2140  1650  2270  1670  1780  3790  3460  2800          
CNY08B  1960  3130  1040   750   750  1170  1630   860  1040  1060   910          
CNY08B  1970  1610   820  1150  1510  2020  1920  1530  1500  1910  2810          
CNY08B  1980  2600  2190  2210  1760  1880  3150  4960  4060  3510  3300          
CNY08B  1990  2710  2600  2210  1650  1960  2850  2980  2610  2270  2230          
CNY08B  2000  1770  1720  1660   930  1390  1210  2230  1710  1890  2070          
CNY08B  2010  1860  1650  1330  1960  3120  2850  1740  1650  1840 -9999          
CNY09A  1873 14430  5300   970  2090  2920  2040  2460                            
CNY09A  1880  1360  1380   820  1660 10630 18070  5670  2450  4060   360          
CNY09A  1890   720   400  3650  2380  1700   670   960  3320  8420  2250          
CNY09A  1900  1180   830   690  1310  1300  2360  1490   760  1010  1920          
CNY09A  1910  2150  1320  1390  1340  1570   330   730  2140  1200   490          
CNY09A  1920   510   310  1370   390   320   230   160   450   160   400          
CNY09A  1930   710   470   450   450   950   440   470   770   500   750          
CNY09A  1940   600   340   690   500  1370   540   990  1380  1210  2140          
CNY09A  1950  1440   580   840   440   800   270   470  1470   850   850          
CNY09A  1960  1150   960  1230   930  1470   990  1130   520   640   840          
CNY09A  1970   520   420   560   460   710   470   770   460   440   380          
CNY09A  1980   480   260   290   390  1850  2180  2200  1590  1160  1230          
CNY09A  1990   960  1270  1340   960   420  1210   970  1040   920   800          
CNY09A  2000  1120   470   430   660  1870  1260  1790  1560  1300   470          
CNY09A  2010  1310  1840  1420  1810  2410  4780  2450  2990  1190 -9999          
CNY09B  1868  3130  3170                                                          
CNY09B  1870  1400  1220  7580 10960  5330  2080  2220  3100  2350  1820          
CNY09B  1880  1450  1230   820  1810 11270 14540  3790  1580  4220   310          
CNY09B  1890  1060   620  3620  2990  1600   990   850  2720  4560  1730          
CNY09B  1900  1040   910   930  1450  1130  1860   930   600   870  1940          
CNY09B  1910  1770  1210  1540  1220  1360   520   720  2190  1250   690          
CNY09B  1920   480   350  1380   350   320   200   330   620   360   630          
CNY09B  1930   820   620   660   470   780   740   620   760   620  1120          
CNY09B  1940  1110   780   970   970  1240   850  1080  1100  1170  1570          
CNY09B  1950  1560   840  1590  1110  1300   950  1430  3110  1200   960          
CNY09B  1960  1150  1160  1350   800  1410   730   750   610   660   780          
CNY09B  1970   600   710   770   590  1460   960  1230   890   970  1030          
CNY09B  1980  1920   620  1040  1230  2020  1710  2350  1050   990  1280          
CNY09B  1990  1130  1460  1850  1340   500  3110  1370  1340  1860  1630          
CNY09B  2000  2460   960   940   850  1510  1140  1130  1310  1390   730          
CNY09B  2010  1150   920   640  1110  1560  2110  1460  2710  1400 -9999          
CNY10A  1948 12170  9440                                                          
CNY10A  1950 10040  6770  5020  5630  1460  4280  7040  3280  6980  3040          
CNY10A  1960  4350  8620  6300  2730  5430  5670  4800  7060  4650  3890          
CNY10A  1970  3630  3090  3230   660  2710  3270  3170  1800  2540  2120          
CNY10A  1980  1950  1830  4320  4810  5690  3950  7080  3540  6110  2680          
CNY10A  1990  3690  2830  2590  2860   410  3340  3190  3250  1810  3270          
CNY10A  2000  3000  2470  1600  1600  2980  3050  2150  2180  2430  2400          
CNY10A  2010  2300  4660  1740  1940  2740  3040  2140  2320  1470 -9999          
CNY10B  1950  9020  6290  5060  3290  2300  9850  6530  2170  5500  3080          
CNY10B  1960  5350  9630 10950  4770  5850 10050  3120  6280  5500  3360          
CNY10B  1970  3240  3140  3860  3570  3960  3630  3550  2170  3080  2070          
CNY10B  1980  2450  3550  3930  6990  9740  7520 11230  4990  7050  3150          
CNY10B  1990  4040  3530  3690  3630   560  3840  3810  4820  2760  3110          
CNY10B  2000  2820  2750  2010  2570  3610  4620  3170  3470  3910  3540          
CNY10B  2010  3380  6000  2620  2680  4620  4230  3990  4550  2430 -9999          
CNY11A  1964  5480  7050  4850  2540  4710  1950                                  
CNY11A  1970   420   610  2910  2850  1360   630  1060   630   700  1030          
CNY11A  1980  1240  2070  5740  3760  3270  1900  2620  2480  2170  1220          
CNY11A  1990  1230   210  1120  1040  1150  1830  2230  1800  1640  1060          
CNY11A  2000   820   620   690   700   660   600   900   760   770   650          
CNY11A  2010   190   900   790  1170   780   750   460   480   270 -9999          
CNY11B  1962  4240  5070  4610  6180  4190  1740  4260  1900                      
CNY11B  1970   570   570  2160  2410  1780   540   680   520   530  1120          
CNY11B  1980  1100  1710  4310  3390  3810  2140  2370  2310  2030  1080          
CNY11B  1990  1180   310  1160  1160  1270  1690  1790  1460  1680  1680          
CNY11B  2000   750   640   810   770   710   760   730   600   650   470          
CNY11B  2010   120   770   590  1190  1010   460   830   600   390 -9999          
CNY12A  1980  5050  4680  3930  5040  8060  5990  7880  3740  2230  2580          
CNY12A  1990  1850  1340  1630  1670   330  1220  1860  1920  1000   870          
CNY12A  2000  1060  1140   930  1130  1320  1280  1660  1310  1770  1150          
CNY12A  2010  2510   390  1570   680  1970  1900  2010  1730   780 -9999          
CNY12B  1974   780  1090  2570  1670  2600  2350                                  
CNY12B  1980  3030  2610  2340  3830  7990  3620  5420  2680  2290  1890          
CNY12B  1990   990   940  1770  1860   340  1600  1470  2200   910   870          
CNY12B  2000  1050   740  1170   680  1370  1930  1410  1030  1400   760          
CNY12B  2010   970   160  1590   940  1990  2860  2330  3320  1530 -9999          
CNY13A  1990 18670 17900 19050 15950  8440 13360  8910  8480  8860  5580          
CNY13A  2000  5580  3120  3830  5860  5030  4540  5100  3410  3220  2780          
CNY13A  2010   460  5630  2370  2990  4980  4650  4240  4220  2180 -9999          
CNY13B  1993 16060  5860 12560  6550  6790  5820  3380                            
CNY13B  2000  5340  3020  3040  3500  4630  4340  5270  2800  3680  3610          
CNY13B  2010  1000  6540  1680  1880  4380  4580  5400  7360  1350 -9999          
CNY13C  1988 10020  7380                                                          
CNY13C  1990 13760  6620 11420 -9999                                              
CNY14A  1980   780  1140  1860  1940  6460  6360 11770  6840  6720  9110          
CNY14A  1990  6150  4820  3720  4250  2990  5080  4470  5050  3470  3460          
CNY14A  2000  3060  1510  1070   550   820  1770  2570  1450  2300  1400          
CNY14A  2010  1950  3280  3040  1880  3600  2370  2810  3780  1760 -9999          
CNY14B  1981  1220  2050  1840  6010  6010 10450  6980  7610  7190                
CNY14B  1990  5690  4330  3580  3510  3300  5590  5890  6400  4350  3900          
CNY14B  2000  3120  1730  1530   850  1740  2090  2590  1760  3740  4500          
CNY14B  2010  3500  3900  3420  3320  4680  4200  3410  3870  1970 -9999                    
CNY16A  1979  6530                                                                
CNY16A  1980 10400 11080 14480  8750  8590  7370  7640  3150  4410  5330          
CNY16A  1990  3900  3260  1840  1520   340  2470  2440  3330  1300  1760          
CNY16A  2000  1270   900   880   850  1420  2080  2520  1710  2050  1090          
CNY16A  2010   990  2520  2780  1650  3390  4990  4240  3790  1170 -9999          
CNY16B  1969   580                                                                
CNY16B  1970   460  1080   890  1860  2280  3960  4200  3990  9270  8580          
CNY16B  1980  6180  5830 10180 12430 14170  8420 15760  5330  3290  5090          
CNY16B  1990  8410  4310  2680  2270   430  2970  2460  3510  2250  2760          
CNY16B  2000  2140  1590  1690  1180  1810  2510  2030  1590  4000  3940          
CNY16B  2010  2260  8090  6830  2580  4470  3870  7920  8250  2180 -9999          
CNY17A  1853  3300  2920   770  1780  1220   870  1410                            
CNY17A  1860  1240  1840  3090  1540  2160  2350  4160  8120  4400   730          
CNY17A  1870   460   840  1150  2170  1210   970   880  1180  1640   830          
CNY17A  1880  2090  2900  2570  2650  5310  4690  2330  2720  2450   500          
CNY17A  1890  1690   580  1180  1250  1320  1360  1210  1320  2150  1870          
CNY17A  1900  1130  1170  1220  1550  1510  1350  1290  1070  1320  1310          
CNY17A  1910   640  1200  1560  1460  1320  1670  1630  2290  1700  1440          
CNY17A  1920  1700  1780  1520  1030  1330  1340   880   920   750   880          
CNY17A  1930  1020   870   800   460  1100  1390   880  1040  1210   980          
CNY17A  1940   960   910  1310   900   960   720   720   510   970   960          
CNY17A  1950   670   690  1030   800   820   980   990  1150  1030   970          
CNY17A  1960  1270   990  1310  1240  1230  1430   890   940  1140   790          
CNY17A  1970   730   910   720   500  1290   990  1470   990  1080   720          
CNY17A  1980   980   710  1100  1450  1850  1430  1550  1230  1050  1830          
CNY17A  1990  1620  1780  1900  1810  1640  2490  1760  1610  1480  1340          
CNY17A  2000  1380   940  1250  1710  1840  1870  1580  1440  1700  1360          
CNY17A  2010   940   370  1270  1380  1860  2000  1880  1770  1500 -9999          
CNY17B  1853  2390  2200   370  1670   930   480   970                            
CNY17B  1860  1070  1110  1990  3230  1940  1480  2950  6380  3230   560          
CNY17B  1870   240   820   700  2040  1160   660   260   720   710   140          
CNY17B  1880  1390  1590  1950  2240  3980  4410  3440  2360  1730   520          
CNY17B  1890   710   450  1250  1170  1420  1090  1050  1310  1140  1270          
CNY17B  1900   580   990  1040  1450  1550  1360  1040   720  1310  1030          
CNY17B  1910   610  1280  1340  1560  1250  1270  1760  2170  1800  1320          
CNY17B  1920  1210   740  2240  1530  1320  1150   670   800   570   660          
CNY17B  1930   840   760   750   480  1100  1380  1130  1460  1320  1220          
CNY17B  1940  1190   790  1390  1210  1330  1140   850   900  1040   980          
CNY17B  1950   930   780  1130  1150  1560  1310  1270  1640  1580  1610          
CNY17B  1960  1730  1400  1240   930  1200  1370  1210  1190  1210  1170          
CNY17B  1970   820   830   900   560   390   610   770   680  1340   900          
CNY17B  1980   930   550   820  1080   790  1650  1850  1060  1060  1290          
CNY17B  1990  1940  1820  3520  2770  2080  2410  1720  1390  1300  1290          
CNY17B  2000  1380  1480  1330  1430  1850  2240  1850  1810  1870  1140          
CNY17B  2010  1060   560  1350  1740  2350  2420  1810  1760  1640 -9999          
CNY18A  1878   490   500                                                          
CNY18A  1880  1200  1500  1030   760  3040  5660  1480   720   680   990          
CNY18A  1890    30   810  2140  1820  1250   890  1130  1030   320   810          
CNY18A  1900   260   830  1100  1340  1120   700  1240   290   750   830          
CNY18A  1910   400   330   240   240   230   380   400   560  1830  1100          
CNY18A  1920  1390  3120  5560  3570  2360  1660   140   880   290  1170          
CNY18A  1930   470   230   170   390   600   790   600  1070   680   970          
CNY18A  1940   240   900  1240  1120  1300   750   780   960   310   680          
CNY18A  1950   600   350   800   510   550   450   450   620   460   270          
CNY18A  1960   440   570   840   640   580   820   530   620   860   600          
CNY18A  1970   470   450   350   340   270   150   360   360   470   620          
CNY18A  1980   540   350  1090  1150  2960  1430   400   170   360   370          
CNY18A  1990   290   600   560   360   430   380   360   410   380   440          
CNY18A  2000   360   140   200   260   650   400   660   390   720     0          
CNY18A  2010   620   540   900   660   560  1040   520   520   330 -9999          
CNY18B  1874  1560  2730   570  1040   490   560                                  
CNY18B  1880  1210  1470  1070   930  3030  4550  1700   900   750   490          
CNY18B  1890   110   740  1720  1770  1220   860  1710  1480   760  1420          
CNY18B  1900   390   890  1210  1300  1480  1020  1020   350   870  1240          
CNY18B  1910   810   380   260   220   150   510   420   560  1600   680          
CNY18B  1920  1960 10020  6890  3590  2340  1470   550  1490   750  1060          
CNY18B  1930   630   130    90   110   530   920  1250  1770  1150   880          
CNY18B  1940   300   910   830   530  1250   720   780  1080   550   600          
CNY18B  1950   510   530   730   490   710   660   620  1430  1080   490          
CNY18B  1960   780   610   820   860  1270  1420  1080   970   840   740          
CNY18B  1970   610   450   370   430   370   440   730   440   540   510          
CNY18B  1980   370   490   820   550  1490   870   440   160   400   250          
CNY18B  1990   310   250   380   420   340   610   560   530   430   320          
CNY18B  2000   330   160   390   320   600   450   540   390   630   180          
CNY18B  2010   680   520  1130   950  1050  1260   560   450   520 -9999          
CNY19A  2006  6600  6590  7580  7170                                              
CNY19A  2010  5270  5810  5920  5150  8350  8900  8770  9220  4850 -9999          
CNY19B  2007  6250  8620  6910                                                    
CNY19B  2010  6250  6850  8030  7430 11060 10560  9830 10310  4710 -9999          
CNY19C  2005  4350  6780 -9999                                                    
CNY20A  1997  3260  2730  3500                                                    
CNY20A  2000  3840  1180  2800  4300  7100  6890  7560  6740  5620  3450          
CNY20A  2010  4060  5340 13290 11220 12580  9900 10600  8950  6620 -9999          
CNY20B  1997  2860  3080  3820                                                    
CNY20B  2000  3670  1230  2600  3720  6420  5760  5790  6230  5710  2740          
CNY20B  2010  4510  2740  4840 12020 12930 11350 10920 11240  8240 -9999          
CNY21A1 1959  3940                                                                
CNY21A1 1960  2820  2280  2850  3480  3590  3960  3150  4000  4830  2200          
CNY21A1 1970  2500  1500  1420  1670  2080  2070  1630  1400  3060  2270          
CNY21A1 1980  1960  1690  3170  4550  5440  4380  4630  3140  3870  3650          
CNY21A1 1990  2600  2340  2440  2690  2650  1880  2010  1570  1590  1440          
CNY21A1 2000  1210   880   810   870  1240  1300  1410  1150  1650  1120          
CNY21A1 2010  1310  1440   800   570   400   520   420   670   570 -9999          
CNY21A2 1934  2230  1850   850  2250  2960  3120                                  
CNY21A2 1940  1890  2060  1580  1210  1470   850  1420   450   740  1620          
CNY21A2 1950  1490  1280  5270  5690  2350  1400  1080 14730 -9999                
CNY21B  1929  2270                                                                
CNY21B  1930  2770  2030  3260  3180  2790  3600  3950  5210  3440  3900          
CNY21B  1940  2480  4770  3940  2140  2560  2080  4620  3620  3620  3670          
CNY21B  1950  2130  2120  4800  4610  3730  3690  3560  9840  1000  1510          
CNY21B  1960  6940  5450  3810  2260  2160  3920  3040  7330  7960  5890          
CNY21B  1970  3620  2210  3390  4400  3230  2740  1420   730  3660  3080          
CNY21B  1980  4390  3180  4750  4020  7260  6310  6890  5010  5610  5270          
CNY21B  1990  3560  2070  1550  2300  2040  1060  1960  3370  4440  2620          
CNY21B  2000  2060  1300   870  1020  2050  1920  1610  1270  1980  1650          
CNY21B  2010  1430  1680  1070   640   550   660   380   620   490 -9999          
CNY22A1 1886 11850  8690  1410   650                                              
CNY22A1 1890  1530   440  1360   680   380   790   810  1370   570   190          
CNY22A1 1900   800   360   700  1300  1180   970  1020   630   630   530          
CNY22A1 1910  1300  1540  1640  2310  1480   780  1090  3140  2730  1810          
CNY22A1 1920  1710  1050  6570  5510  7600  3530   290  2070  1740  1820          
CNY22A1 1930  1120  1170   180   580   770  1350  1920  3040  2210  2380          
CNY22A1 1940  1330  1400  1430   970   710   670   600   770   690  1120          
CNY22A1 1950  1080  1380  3680  3610  2420   690   870  1510  3180   750          
CNY22A1 1960   940   860  1410  1140  1300  1340  1520  2660  2650  1700          
CNY22A1 1970   570   810   560   630   780  1220  1020   940  1870  1500          
CNY22A1 1980   580   720  1110  1550  2370  3050  2990  1690  1460   940          
CNY22A1 1990   840  1110  1720  2180  2430  2320  3250  2140  2160  2510          
CNY22A1 2000  2410  1720  1530  1020  1820  1730  1870  1410  1600  1210          
CNY22A1 2010  1630  1480  1320   950   980  1240  1090  1330  1100 -9999          
CNY22A2 1874  3560  1830  1710  1540  1100   100                                  
CNY22A2 1880   490   920   950   510  6890 -9999                                  
CNY22B  1868  5850  2330                                                          
CNY22B  1870  1000   870  1830  9550  3420  1930  1770  1660  1140   140          
CNY22B  1880   510   970   970   740  7470 11080  8490  7190  1480   300          
CNY22B  1890   560   110   350   450   340   530   890  1030   360   110          
CNY22B  1900   500   210   370   890   640   500   660   520   570   680          
CNY22B  1910  1360  1310  1160  1350  1220   840   830  3450  3660  3810          
CNY22B  1920  2890  5050  4830  1910  2090  1910   330  1650  1620  1940          
CNY22B  1930  1150  1130   260   640   430   750  1250  1340  1200  1450          
CNY22B  1940   950   970   820   770   520   360   520   550   440  1070          
CNY22B  1950   970  1200  2830  1840  1820   680   510  1230  2010  1090          
CNY22B  1960  1170   750  1090   940  1200  1160   800   750   960   890          
CNY22B  1970   620   740   420   560  1020  1700   950   780  1530  1460          
CNY22B  1980  1140   950  2390  3380  4960  4630  3030  1080  1100   980          
CNY22B  1990   760   650  1640  1920  1770  1440  1780  1540  1120  1360          
CNY22B  2000  1170   870   780   570  1140  1170  1290  1440  2150  1530          
CNY22B  2010  2680  4340  2330  1800  1850  1660  1200  1490  1020 -9999          
CNY23A  1994   990  1670  1810  1930  2220  2500                                  
CNY23A  2000  1750  1630  1340  1190  1820   640  3090  1320  3000  3180          
CNY23A  2010  3890  5860  4300  3040  9860  7140  7180  6810  2290 -9999          
CNY23B  1994  1040  1520  1760  1810  2100  2360                                  
CNY23B  2000  1920  1760  1310   640  1130  1070  2270   720  3100  4250          
CNY23B  2010  4350  5480  4850  4160  9720  7350  7930  8490  2470 -9999          
CNY24A  1996  3190  1480  1760   520                                              
CNY24A  2000  1170   590   590  2440  2320  2150  3380  2380  4390  6720          
CNY24A  2010  2800  3830  3320  1180  7200  5850  5620  4840  2320 -9999          
CNY24B  1996  3720  1960  2360   600                                              
CNY24B  2000  1030   630   540  1550  1720  2230  3570  2670  5460  3400          
CNY24B  2010  3250  3950  4250  4630  8060  6030  5790  5220  2020 -9999          
CNY25A  1993  2460  1850  2180  2990   350  1900  2390                            
CNY25A  2000  2990  1320  1770  5420 10950  3530  8220  4610 13160  9910          
CNY25A  2010  9940  7040  5700  5250 12370  9310  8960  8220  3270 -9999          
CNY25B  1993  2340  2130  2240  2990   370  2040  2680                            
CNY25B  2000  3090  1050  1540  6800  7930  3720 10000  6760 11440  6300          
CNY25B  2010 10380  9520  6800  4370  9220 11790  9650  8910  2840 -9999          
CNY26A  1991  5550  2930  5480  4180  6010  5220  5350  4570  7500                
CNY26A  2000  4620  3360  3460  4150  8640  6600  7810  2650  5260  5050          
CNY26A  2010  5080  8740  4740  3480  8760  6420  4920  9530  2790 -9999          
CNY26B  1994  3670  5930  5470  5680  5300  6740                                  
CNY26B  2000  4360  4100  2020  3730  7780  8620 11160  5740  8350  6580          
CNY26B  2010  7260  7700  4480  2620  8770  6330  4730  7510  2790 -9999          
CNY27A  1994  5770  8040  8250  6880  7930  8580                                  
CNY27A  2000  5390  3830  5600  7500  8390  9400  9620  5400  4520  5520          
CNY27A  2010  6970  9990  7620  6560  8740  8510  9050  9540  9840 -9999          
CNY27B  1997  9540  7730 13590                                                    
CNY27B  2000  7570  5360  6310  7470  8350  9990  9960  5550  5180  6620          
CNY27B  2010  6870 11810  5890  4440 10090  9210  9540 10150  7100 -9999          
CNY28A  1991  2210  1910  2460  2730  3170  3480  1240  3230  5740                
CNY28A  2000  3380  1990  1380  4500  4460  1840  3000  3630  4940  4020          
CNY28A  2010  3440  4800  4930  3190  5840  6640  6780  6080  2880 -9999          
CNY28B  1991  1720  1850  2460  2690  3730  4040  1780  2410  3600                
CNY28B  2000  2910  2370  2190  3160  5070  1960  3240  3080  4470  3860          
CNY28B  2010  4160  3710  4620  4160  6520  6130  5850  5330  2210 -9999 
CNY29A  1965  9690 10680 10210 11120  6660                                        
CNY29A  1970  7940  6620  4600  4720  5200  7110  6010  1320  4390  3610          
CNY29A  1980  5950  3990  5740  6580  3610  1980  3710  2570  3150  1910          
CNY29A  1990  1970  3830  3680  4510  3320  4430  4790  2850  2580  2860          
CNY29A  2000  3080  1310  1880   460  2070 -9999                                  
CNY29B  1968 11090  5780                                                          
CNY29B  1970  7120  5970  3380  3490  4130  5720  5020  1020  2470  2380          
CNY29B  1980  4710  3530  3010  5350  2970  2070  3390  2340  3460  1440          
CNY29B  1990  1980  2860  3600  5370  3650  5220  6040  4430  3070  4510          
CNY29B  2000  3530  1950  1730   460  2460 -9999         
CNY30A  2007  6710  8500  9440                                                    
CNY30A  2010 10700 10650 16000  9730 14580  9130  6900  7160  4130 -9999          
CNY30B  2007  7360 10710  8680                                                    
CNY30B  2010  8050 10710 12310 13620 14920 15210 11320 10190  5780 -9999          
CNY31A  2013  8140 12550 19690 16720 20170 12220 -9999                            
CNY31B  2012  9620  9590 15920 18260 18200 13200  7590 -9999        
CNY32A  1938 10370  7330                                                          
CNY32A  1940  2220  6010  8910  5070  3270  3400  5050  4240  4600   580          
CNY32A  1950  4790  8070  6200  4710  4460  4660  4920  5190  4210  1840          
CNY32A  1960  3770  3990  5440  1440  3680  3880  5840  5710  4120  4160          
CNY32A  1970  4070  3900  3030  4180  4300  4130  3440  1830  2820  2500          
CNY32A  1980  3680  3630  3210  3990  5350  3270  6550  3510  3320  2270          
CNY32A  1990  3130  2130  2500  3810  1280  2930  4210  4120  5270  5280          
CNY32A  2000  3820  1730  1540  1640  3190 -9999                                  
CNY32B  1933  4120  2030  6270  9640 11250 10680  6930                            
CNY32B  1940  2250  5540  8360  5010  3090  2920  5220  4230  4830   810          
CNY32B  1950  4230  7100  6110  4660  4520  4360  4220  6090  4670  2680          
CNY32B  1960  3770  4300  5960  2210  5100  4170  5490  6450  5740  4670          
CNY32B  1970  3740  3570  2730  3480  3780  4020  3600  2170  2980  3010          
CNY32B  1980  3440  3160  2500  4400  6020  4090  6240  3280  3380  2940          
CNY32B  1990  3530  2560  2540  4180  1550  4110  5400  4000  3820  3460          
CNY32B  2000  2760  1650  1840  1940  3450 -9999                                  
CNY33A  1939  5560                                                                
CNY33A  1940  4930  6640  9550  9820  7120  9220  8720  8350  5960  5030          
CNY33A  1950  8650  9620  6340  4280  3490  3050  5050  6400  2410  3470          
CNY33A  1960  2330  4060  3140  1750  2950  3400  3040  3590  3910  3630          
CNY33A  1970  1580  1970   970   820   840  1680  1580   750  1320   740          
CNY33A  1980  1800  2370  3420  5720  4140  1960  2460  1490  1660  2050          
CNY33A  1990  2950  2920  2340  3110  1440  1470  2700  3800  2930  2900          
CNY33A  2000  2530  2240  1180   920  1570 -9999                                  
CNY33B  1940  5300  5420  9480  9270  6460 10890  9000 10420  6670  6490          
CNY33B  1950  7690  8480  5570  5180  7390  7800  8120  6880  3470  2630          
CNY33B  1960  2120  3050  3090  1750  2620  6210  4710  4590  2770  2720          
CNY33B  1970   880  1640  1040  1080   890  2190  1910   750  1700  1420          
CNY33B  1980  3330  2460  2880  4150  3230  2440  3330  1670  1960  1400          
CNY33B  1990  2490  2410  1850  2890  2140  2080  2140  3360  2190  2520          
CNY33B  2000  2030  1770   670   940  2140 -9999                
CNY34A  2010 15640 14680  5970  3090  7680  6440  7080  7230  1960 -9999          
CNY34B  2010 14010 14400  4630  3800  5600  4940  5860  5390  1310 -9999    
CNY35A  1937  6920  6860  5080                                                    
CNY35A  1940  1430  4900  7460  4850  2420  3220  3670  2310  3390  1660          
CNY35A  1950  1920  2550  2660  2200  2010   980   970  2400  3580   380          
CNY35A  1960   420  1400  1810  1030  1680  1770  1500  1400  1220  1180          
CNY35A  1970   980   640   550   570   910   840   860   690   700   970          
CNY35A  1980   740   840  1700  2610  2600  2040  2570  1340   360   280          
CNY35A  1990   750  1360  1700  1910   150   190  1110   520   860   780          
CNY35A  2000   800   730   480   650  1370 -9999                                  
CNY35B  1938  7270  6850                                                          
CNY35B  1940  5130  7560  7170  4840  2950  3050  2660  1790  2830  1320          
CNY35B  1950  2330  3690  2410  1490  2130  1270  1120  2250  2170   280          
CNY35B  1960   660   650   780   730  1600   400  1280  1940  1380  1280          
CNY35B  1970   740  1430   700   720  1180   590   960   580  1230  1120          
CNY35B  1980  1530   800   710  1560  1980  2910  2600  1090   230   240          
CNY35B  1990   410  1270  1470  2930   210   540  1830  1030  1320  1020          
CNY35B  2000  1100   730   350   420   300 -9999        
CNY36A  2008 12950 16730                                                          
CNY36A  2010 13830 18160 10870 11750  6970  6060 10530 16810 14200 -9999          
CNY36B  2011 31660  7210  9430 12770 18930 24700 21640  7250 -9999                
CNY37A  2006  5840  4410 11660 10500                                              
CNY37A  2010 11310  5980  2030  1250  2410  2560  2840  3000   690 -9999          
CNY37B  2006  6240  6230 10500 10940                                              
CNY37B  2010 15260 11000  3260  1990  3070  2820  4250  3960  1650 -9999
CNY39A  1951  1870  1880  1500  1380  2220  3460  6610  8530  9390                
CNY39A  1960  9640  4900  8400  5780 10800  9360  7040  7960  8840 10640          
CNY39A  1970  7500  8990  9840  9670  7620  6250  5950  3200  4660  3540          
CNY39A  1980  5030  4710  6790  7130  4980  2910  4960  3530  4430  3090          
CNY39A  1990  3250  3230  2750  4050  2970  5730  5320  4760  5540  4060          
CNY39A  2000  3940  1680  2530  2110  1550 -9999                                  
CNY39B  1961  6570 10840  6270  8630 11700  8500  8110 10850 10980                
CNY39B  1970  7620  8010  8110 10710 10420  8540  6780  3790  8660  7430          
CNY39B  1980  7690  5530  7960  8980  9170  7810  9100  5310  4920  4010          
CNY39B  1990  6080  5450  4820  5190  4300  6870  6270  6190  6980  6010          
CNY39B  2000  5430  3550  3240  3090  2450 -9999                                  
CNY40A  1936 10180  9550  8290  6750                                              
CNY40A  1940  2880  5430  8410  5900  3280  4700  5420  3990  5930  2810          
CNY40A  1950  7440  7820  8900  8080  7220  6910  6270  9090  7040  6670          
CNY40A  1960  5150  6780  7460  5790  6910  5820  5100  4760  3720  3510          
CNY40A  1970  2350  3560  3220  3650  3660  3510  3540  3990  5770  3890          
CNY40A  1980  4510  3280  3490  4150  2570  4210  4160  2010  1280  2420          
CNY40A  1990  3650  2790  3390  3440  1010  2210  2870  3150  2240  1880          
CNY40A  2000  2040  1130 -9999                                                    
CNY40B  1937 12550  8590  7300                                                    
CNY40B  1940  3460  6840  6510  4800  3090  4540  5790  3670  6670  2760          
CNY40B  1950  9240 10020  9520  8850 10510  9120  7810  8110  6150  6990          
CNY40B  1960  5980  7740  8140  3790  5660  4370  4340  3490  4850  5330          
CNY40B  1970  2400  3720  2570  3940  3440  3100  2580  2120  2980  2690          
CNY40B  1980  3970  3230  3000  3820  1880  2800  4470  1630  1090  1020          
CNY40B  1990  2340  3170  2830  2320   930  1760  1060  3250  2480  2150          
CNY40B  2000  1580   950 -9999                                                    
CNY41A  1928  7280  7570                                                          
CNY41A  1930  5890  4380  8830  6280  2240  4500  9720 10730  7040  5140          
CNY41A  1940  3780  6360  9090  4470  3750  2590  3990  4600  4100   520          
CNY41A  1950  2460  3180  5170  2550  2540  1980  3020  5870  5180   500          
CNY41A  1960  1180  1140   510   810   870  1840  2290  1570  1320  1850          
CNY41A  1970  1290  1410   800  1140  1060  1160  1240   600   750   570          
CNY41A  1980  1380   580   200  1320  5640  2720  2170  1370   860   770          
CNY41A  1990   700  1100  1000  2180  1090   590  1680  2210   390  1270          
CNY41A  2000  1160   420   420   860 -9999                                        
CNY41B  1928  3700  5700                                                          
CNY41B  1930  4590  3980  8850  8330  4750  8920 12010 16130 21130 12660          
CNY41B  1940  5690  6390  6830  5970  5800  5170  4500  4560  3730   610          
CNY41B  1950  1550  3080  3730  2030  1920  2090  3270  5790  3180   290          
CNY41B  1960  1250  1880  4100  1920  2130  1520  2030  1650  1570  1350          
CNY41B  1970  1120  1830  1170  1490  1380  1790  1280   540   890   660          
CNY41B  1980  1660  1420   400  1820  2550  2390  3650   670   390   730          
CNY41B  1990   910  1230   920  1480   940   320  1960  1100   990  2160          
CNY41B  2000  1430   460   500   870 -9999 
CNY44A  1934  2370  1880  5160  4670  5240  4180                                  
CNY44A  1940  1410  4560  6130  4330  1580  2330  5150  1900  2010  2340          
CNY44A  1950  3270  5830  2950  2590  1800  1290  1240  1370  1930  2420          
CNY44A  1960  1480  1080  3260  2520  1890   670  1890  1670  1720  1220          
CNY44A  1970   600  1300   920   380   780   450   630   400   330   350          
CNY44A  1980   400   290   330   320  1040  1500 -9999          
CNY44B  1943  6690  5040  4460  9780  4760  4410  3480                            
CNY44B  1950  3700  8270  4190  3280  2440  2340  2320  2950  2890  2130          
CNY44B  1960  1850   760  2040  1600  2470  1430  4580  4580  3810  1230          
CNY44B  1970   480  1560  1510   280   940   710  1370   580   500   480          
CNY44B  1980   590   600   390   260  1320  1850 -9999       
CNY45A  1958  3090  5250                                                          
CNY45A  1960  5860  6850  6090  3850  5770  4510  3030  3330  2750  2640          
CNY45A  1970  3790  3460  4570  1390  2890  4420  4230  1140  3120  1830          
CNY45A  1980  2450  1240  2760  2000  2670  1210  2060   770  1500  1570          
CNY45A  1990  3030  3610  2620  3430  1470  1750  2190  1110  2030  1780          
CNY45A  2000  1470   530  1470   650  3120  1560  1430  1850  2230  1420          
CNY45A  2010  1780  1980  1230  1090  1290  1480  1200  1230   670 -9999          
CNY45B  1957  5770  3340  6560                                                    
CNY45B  1960  5370  5720  4770  2310  4100  4130  3230  3200  2570  2180          
CNY45B  1970  2620  1900  2170  1340  1990  3430  2040   860  2860  1490          
CNY45B  1980  1730   890  2000   930  2060   520  1580   720  1540  1800          
CNY45B  1990  3190  3290  3790  3600  2380  2190  2550  1500  2020  1960          
CNY45B  2000  2210   230  3040  2630  3370  3390  2750  2200  3350  2340          
CNY45B  2010  2850  3250  1820  1220  1510  1970  2110  2640  1400 -9999          
CNY46A  1928  2600  2760                                                          
CNY46A  1930  2570  3070  4020  3130  2590  3820  4120  2740  1870   410          
CNY46A  1940   390  1300   990  1140   950  1420  1260  1200  1120  1710          
CNY46A  1950  2700  1980  1040  1570  2390  2760  2880  3110  2090  3400          
CNY46A  1960  2910  3070  4470  4010  4290  2310  2090  1910  1660  1080          
CNY46A  1970  1190  1280  1590  1250  1860  2300  1280  1210  2290  1740          
CNY46A  1980  2080   920  2590  2520  2940  1740  1780  1010  1040  1230          
CNY46A  1990  1950  3030  2930  3380  2640  2650  2500  2530  1560  1940          
CNY46A  2000  1910  1060  1780  2140  2860  3600  2940  2900  4350  3450          
CNY46A  2010  3580  4810  2630  2550  3350  2720  3280  3090  1710 -9999          
CNY46B  1924  3590  5330  3880  4300  1750  1690                                  
CNY46B  1930  1720  2310  3350  2030  1670  2710  2070  1360  1270   350          
CNY46B  1940   450   900  1100  1150  1570  1680  1810  1600  1610  2050          
CNY46B  1950  1830  1260   640  1090  1350  1500  1780  1680  1800  1470          
CNY46B  1960  1510  1580  2040  1650  1500   820   990  1160  1340   940          
CNY46B  1970  1030  1430  1570  1080  2330  2080  1410   880  2140  1540          
CNY46B  1980  1560   930  2430  1970  2910  2220  2710  2010  2390  2580          
CNY46B  1990  3320  3240  3430  3840  2700  3300  2960  2940  3280  3240          
CNY46B  2000  2500  1970  2720  2340  2720  3110  3430  3330  4510  3310          
CNY46B  2010  2800  4430  2580  2560  3070  2620  3080  3680  2300 -9999                    
CNY49A  1895  4230  4610  2640  2080  2630                                        
CNY49A  1900  3350  4170  2620  2400  2200  1810  1860  2680  5420  3160          
CNY49A  1910  1730  3800  3740  4040  3030  3810  3520  4960  1870  1290          
CNY49A  1920  1910  9960  5620  2870  2020  2340  1680  2230  1890  2040          
CNY49A  1930  2000  1840  2940  2270  1670  1970  1600  1210  1610  1360          
CNY49A  1940  1200  2050  2310  1850  1350   920   810   860  1230  1770          
CNY49A  1950   620   780  1050   740  1120  1280   790  1750  1190   840          
CNY49A  1960  1410  1270  1990  1270   850   740   950  1550  1190   920          
CNY49A  1970   850   760  1050  1150  1670  2080  1280   770  1250  1510          
CNY49A  1980  1280   890   940  2700  3250  2550  1540  1170  1710  2720          
CNY49A  1990  1790  2160  2550  2470  1850  2270  1500  1020  1410  2100          
CNY49A  2000  1920  1050   900   670  1210   900   910  1110  1310  1030          
CNY49A  2010  1340  1620   990  1550  2020  2050  2420  2620  1890 -9999          
CNY49B  1902  2450  2510  2220  1530  1310  1390  2740  3980                      
CNY49B  1910  5310  5990  4830  2250  3050  2810  3780  4510  1670  1010          
CNY49B  1920  1420  9450  7150  4190  2260  1700  1940  2940  2390  2850          
CNY49B  1930  2130  1890  2880  2250  1520  1660  1910  1890  2910  1690          
CNY49B  1940  1400  1700  1680   850  1640  1200  1670  1700  1820  2290          
CNY49B  1950   850  1110  1440  1280  2310  2580  1270  2330  1480  1000          
CNY49B  1960  1720  1340  2040   810   960   600   910  1060  1010  1640          
CNY49B  1970  1450  1070  1880  1530  2810  2950  1910  1130  2070  2040          
CNY49B  1980  1750  1580  2660  5370  5340  7140  9380  3950  2130  2490          
CNY49B  1990  1790  2040  2090  2250  1390  1620  1780  1440  1680  1980          
CNY49B  2000  1570   500   960   450  1440   830  1360  1930  1680   780          
CNY49B  2010   900  1640  1100  1220  1440  1290  2460  2010   770 -9999          
CNY50A  1882  3960  2500  3810 19250 11080  7880  3040  2810                      
CNY50A  1890  3780  2790  3060  2660  2010  1200  1310  2270  3180  1690          
CNY50A  1900   870   620   420   450   450  1070  1730  1290  2540  2560          
CNY50A  1910  2970  3890  5470  5530  4170  4860  3680  4310  1750  2450          
CNY50A  1920  2870  8240  3610  2460  1530  1810  1620  2530  2480  3550          
CNY50A  1930  2310  1990  3100  3980  3080  2840  1750  1860  3690  1830          
CNY50A  1940  2080  1210  2340  1290  1690  1350  1360  1950  2320  1870          
CNY50A  1950  1090  1740  1530  1780  2200  1800  1640  3170  1680  1390          
CNY50A  1960  1650  1950  2360  1620  1330   730  1300  1440  1000   690          
CNY50A  1970   700  1010  1550   450  1200  1100   650   770  1500  1460          
CNY50A  1980   870   670   660  1050   770  1220  1450  1890  1880  2390          
CNY50A  1990  5070  3610  4170  4700  2140  3320  1790  1660  1920  3440          
CNY50A  2000  2800  1650  1330  1090  1150  2210  1250  1880  2330  1000          
CNY50A  2010  1530  1100   640   730  1940  1730  1660  1050   980 -9999          
CNY50B  1873  2580   820  1970  2100  1810  1070  1760                            
CNY50B  1880  3980  3930  2030  2270  2440 11050 10060  7760  3180  3510          
CNY50B  1890  4930  4380  3980  3410  3240  2110  1310  2250  4010  2830          
CNY50B  1900  1690  2730  1660  1720  1370  2140  1700  2460  2330  2890          
CNY50B  1910  4520  6690  5170  5480  6160  4910  4030  6670  4290  2990          
CNY50B  1920  2990 10070  5230  3410  2420  2970  2610  2720  1910  1870          
CNY50B  1930  1490  1670  2480  2320  2040  3760  2050  1940  2050  1510          
CNY50B  1940  1680  1890  2660  1270  1400  1470  1280  1910  2230  2370          
CNY50B  1950  1550  1900  1540  1530  2370  2090  1350  2460  1490  1320          
CNY50B  1960  1480  1630  2720  2270  2100  1140   730  1130   630   670          
CNY50B  1970   450   730  1330   510  1010  1460  1160   910  1470   870          
CNY50B  1980   830   670   510  1330   450   320   290  1020  1540  2220          
CNY50B  1990  1770  1460  2100  1810  1440  1360  1430   900  1060  1660          
CNY50B  2000  1540   940  2340  1620  1590  1430  1250  1050  1610   710          
CNY50B  2010   970  1070  1010   810  1790  2130  1640  1300   850 -9999          
CNY51A  1899  3020                                                                
CNY51A  1900  2340  3150  1590  1720   900   680   740  1160  4770  6250          
CNY51A  1910  6840  5550  5000  4320  2410  2670  1930  5530  2390  1190          
CNY51A  1920  1500  4360  4330  1530  1730  1540  2490   690  1860  2050          
CNY51A  1930  1940  2150   860  1230   890  1380  1640  1670  1860  1580          
CNY51A  1940  1190  1030  1380   790   670   650  1110   930  2310  2130          
CNY51A  1950  2260  2330  2230  2090  2020   980  1750  1840  2240  2110          
CNY51A  1960  2130  1020  1210  2340   770   350   540   800   560   610          
CNY51A  1970   300   630   710   450   490   560   930   540   500   230          
CNY51A  1980   410   570   520  1550  3120  3610  5680  3970  5390  4050          
CNY51A  1990  4540  2540  4160  5530  3590  2500  2270  1560  2400  2780          
CNY51A  2000  3160  1340  2570  2090  2300  2130  1270  1880  1260  1250          
CNY51A  2010  1710  1410  1230  1110  1710  1430  1660  1460  1150 -9999          
CNY51B  1911  5800  4310  3200  2000  2280  1540  1160  2790  1400                
CNY51B  1920  1960  4010  3060  1080  2210  2230  3310   970   930  1490          
CNY51B  1930  1010  1000   380   590   420   890  1040   910   860  1150          
CNY51B  1940  1000   910  1380   740   570   470   810   650   830   780          
CNY51B  1950  1740  1820  1270  1360  2100  1000  1510  2160  2660  2260          
CNY51B  1960  1920  1470  1280   710   790   530   500   510   510   390          
CNY51B  1970   200   390   450   390   350   550   630   500   550   310          
CNY51B  1980   870   710   590   760   540   980  2230  1640  1560  1200          
CNY51B  1990  2670  1140  1820  1460   710  1190  1230   990  1550  2330          
CNY51B  2000  3150  1010  2420  1790  1680  1050  1060   780   550   620          
CNY51B  2010   670   920   520   750  1040  1200  1270   690   500 -9999          
CNY52A  1902  3590  3450   960  1660  1010  2060  2370  3170                      
CNY52A  1910  5120  7020  8080  5880  4380  3060  2140  2350  2290  2570          
CNY52A  1920  4010 11380  4300   940  1560  1540  2150  3990  3030  3750          
CNY52A  1930  3270  2360  3610  3110  2730  2560  2780  2410  2360  2710          
CNY52A  1940  1930  2620  3430  2460  1620  1110  1450  1640  1500  3860          
CNY52A  1950  3190  3680  2770  1830  2200  1640  1600  1590   900   760          
CNY52A  1960   760   620   880   680   500   650   630  1000   930   670          
CNY52A  1970  1190   990  1200   750  1500  1620  1090   830   840   910          
CNY52A  1980   480   370   470   780  1340  1490  1600  1630  1810  2910          
CNY52A  1990  2440  1870  2550  2420  1880  1860  1660  1840  2030  2150          
CNY52A  2000  1800  1270  1380  1300  1450  1520  1380  1520  1330  1030          
CNY52A  2010  1020  1310   940   770  1240  1420  1820  1800  1400 -9999          
CNY52B  1903  2820  1100  1970  1570  3130  3010  5460                            
CNY52B  1910  5470  6310  5180  3640  2740  2730  2440  2760  2710  3510          
CNY52B  1920  4710  6500  3080  1170  1860  2400  2150  3070  2480  2030          
CNY52B  1930  1910  1590  2620  2740  2640  2160  1890  1330  1680  1170          
CNY52B  1940   870  1010  1900  1500  1600  1120  1430  1470   970  2590          
CNY52B  1950  2770  2650  2060  1030  1620  1760  1040  1520  1130   910          
CNY52B  1960  1190  1080  1370   680   660   500   470   620   560   770          
CNY52B  1970  1170   940  1010   480  1630  1750  1250   960  1340  1110          
CNY52B  1980   860   810   850  1330  1260  1530  2300  2130  2340  2820          
CNY52B  1990  2930  2950  3310  3100  2450  3220  2280  1780  1910  1610          
CNY52B  2000  1770  1600  1640  1710  1920  2110  1550  1650  1850  1110          
CNY52B  2010  1010  1590  1070  1070  1510  1720  1720  1390  1090 -9999          