DLP01A  1917  6400  8560  8340                                                    
DLP01A  1920  9800  7530  5540  8730  5850  7140  6710  4630  3330  3040          
DLP01A  1930  2290  1630  3170  1380  1740  2280  2200  2190  2130  1870          
DLP01A  1940  2360  3480  3470  1470  1590  2800  1180  3540  2220  1810          
DLP01A  1950  1890  1150  2220   810  2010  1440  1110  3050  1920  1410          
DLP01A  1960  1000  1480  2730  2000  2370  2630  1280  2420  2470  1610          
DLP01A  1970  2540  2570   680  1560  1610  2610  1510  1390  1720  2060          
DLP01A  1980  2040  1600  1460  2420  3160  3090  3020  1960  1920   990          
DLP01A  1990  1280  1110  1130  1850  1450  2070  1960  2300  2310  2010          
DLP01A  2000  1020  1010   860  1640  1140  2270  1630  1690  1480  1660          
DLP01A  2010  1610  2110  1230  1100   760  1120  1710  1640  1470 -9999          
DLP01B  1919  8150                                                                
DLP01B  1920  8180  6650  5240  8170  6110  5520  4050  4240  3230  2570          
DLP01B  1930  1890  1250  1860  1140  1300  2060  1780  1730  1600  1980          
DLP01B  1940  2450  3100  3410  2310  2140  3270  1620  2560  2270  1290          
DLP01B  1950  2040  1380  2060   640  1820  1000   660  2870  1420  1250          
DLP01B  1960   930  1480  2590  1440  1850  2190  1360  2040  1990  1170          
DLP01B  1970  2420  2120   460  1420  1290  2380  1120  1790  2880  3050          
DLP01B  1980  2730  2140  2240  3840  5140  3670  3300  2290  1880  1350          
DLP01B  1990  1450  1070  1210  1780  1620  1930  1960  2190  2180  1950          
DLP01B  2000   990  1160  1280  1990  1350  2170  1730  1750  1820  1790          
DLP01B  2010  1890  2420  1410  1050  1330  1180  2030  2050  1910 -9999          
DLP02A  1917  6580  5420  5850                                                    
DLP02A  1920  6050  5430  4550  4490  2830  2160  1870  1760  1860  2360          
DLP02A  1930   790   590  1680   680   620  1090  1380  1680   840   870          
DLP02A  1940   530  2370  3360   910  1220  2020   910  2160  1770   560          
DLP02A  1950   890   710  1400   820  1200   430   390  2030   940  1020          
DLP02A  1960  1370  1590  2210   630  1020  1520  1070  2010  1710  1010          
DLP02A  1970  1860  1880   660  1390   760  1740   840  1030  1520  2350          
DLP02A  1980  1810   940  1140  1650  3560  4470  2840  2190  1410  1050          
DLP02A  1990   690   690  1210  1480  1540  1860  1940  2000  2060  1580          
DLP02A  2000   280   240   530   640   460   670   990   820  1200  1210          
DLP02A  2010  1110  1600   730   760   530   690   890   890   950 -9999          
DLP02B  1915  3470  6810  6700  6310  6000                                        
DLP02B  1920  6380  4530  4720  4960  3090  2260  2300  2720  2060  2410          
DLP02B  1930  1060   540   710   750  1020  1010  1600  2440  1180   690          
DLP02B  1940   750  2150  2760   660   890  2280   800  1180   630   520          
DLP02B  1950   690   420  1320   540  1020   400   300  2230  1140   940          
DLP02B  1960   810  1440  2380   520   920  1590  1360  1950  1430  1090          
DLP02B  1970  1120  1900   530  1090   530  1230   620   550  1880  2450          
DLP02B  1980  1900   830  1230  1650  2880  2400  2230  1530  1020   780          
DLP02B  1990   850   640   520   910   960   990  1520  1710  2480  1750          
DLP02B  2000   300   210   380   690   470   520   580   700   900   970          
DLP02B  2010   850  1670   670   820   480   680   800  1000   740 -9999          
DLP03A  1916  1880  5600  6620  5420                                                    
DLP03A  1920  3890  6020  6480  5790  3760  3030  2440  3970  4010  3590          
DLP03A  1930  1920  1430  2730  3070  1550  2610  4060  2750  3180  2630          
DLP03A  1940  2900  3370  2740   690  1120  1890   920  1950  1080  1080          
DLP03A  1950  1510  2460  1630  1580  2140  1350  1640  3360  1750   940          
DLP03A  1960  1310  1470  2000   770  1420  1510   750  1340  1320   960          
DLP03A  1970  1460  1050   430  1010   580  1450  1210   910  2600  1980          
DLP03A  1980  2250  2340  2700  2810  4470  3560  3300  2610  1860  1360          
DLP03A  1990  2240  1420  1680  1690  1330  3040  2560  2280  1800  1950          
DLP03A  2000   390   510  1050  1310  1450  1710  1860  1730  2440  2180          
DLP03A  2010  2090  3330  1510  1750  1640  1430  2050  1700  1560 -9999          
DLP03B  1919  4910                                                                
DLP03B  1920  5210  6690  6950  6900  4590  4650  2940  4400  3460  4200          
DLP03B  1930  2090  1330  2850  2460  1790  3210  3020  3810  3040  3070          
DLP03B  1940  2320  3890  2230   650  1140  1800   530  1890  1170   930          
DLP03B  1950  2540  2890  3080  1500  2500   750  1390  3510  1820  1400          
DLP03B  1960   950  1570  1680  1230  1160  1090   590  1970  1440  1100          
DLP03B  1970  1630  1070   330   950   540  1240  1260   850  1850  1980          
DLP03B  1980  2700  2100  3860  3880  5310  6170  3770  2150  2860  2830          
DLP03B  1990  2030  1710  1780  2680  2750  2250  2890  2910  2360  2160          
DLP03B  2000   280  1060  1350  1900  1870  1640  2930  2330  2290  2690          
DLP03B  2010  3640  4440  2690  2510  1780  1250  2290  2070  1690 -9999          
DLP04A  1921  8780  9050  9600  8220  6500  6390  6300  4280  4260                
DLP04A  1930  5670  3900  5830  5930  6380  7270  8130  6580  5870  5760          
DLP04A  1940  5510  4530  4140  3060  2900  3670  3760  4230  3650  3450          
DLP04A  1950  3620  4470  3550  2730  3780  4020  1940  4520  4350  4300          
DLP04A  1960  5460  5220  8110  6130  6430  6710  4210  5650  4660  3460          
DLP04A  1970  3000  3400  2490  3100  3460  3650  2430  2460  4390  4220          
DLP04A  1980  3420  3470  3700  3410  4750  5680  5300  3650  4120  4070          
DLP04A  1990  4690  3540  3100  3260  3730  3620  3720  3980  3210  2640          
DLP04A  2000  1240  2050  2220  2520  2340  3160  2270  2660  2640  3170          
DLP04A  2010  3040  2990  2530  2810  2520  1810  2690  3510  2690 -9999          
DLP04B  1919  2870                                                                
DLP04B  1920  6600  9030  8670  9500  8760  9100  8290  4960  4010  5050          
DLP04B  1930  8210  6180  9640  5300  3940  6520  6760  4630  3380  2890          
DLP04B  1940  2720  4010  3910  2740  3330  4230  3510  3780  3510  3760          
DLP04B  1950  4450  4500  2840  2720  5460  7920  3940  4590  4930  5710          
DLP04B  1960  5720  4270  4740  3410  4340  4580  2400  5490  5670  4320          
DLP04B  1970  3310  4090  3990  5250  4870  4460  2680  3360  7240  7080          
DLP04B  1980  6230  5420  5900  5240  5880  4940  4160  2790  2820  2620          
DLP04B  1990  2510  1800  1740  2380  2400  1980  2980  3290  2850  2330          
DLP04B  2000   650  2260  2060  3720  4560  5140  4770  5220  3900  5990          
DLP04B  2010  6220  6020  5210  5020  5670  3800  4440  5120  4260 -9999          
DLP05A  1999  5000                                                                
DLP05A  2000  1390  2690  5720  7770 10210  9080 11300 11540 12240 12520          
DLP05A  2010 12360 13360  9230 11540 14550 14950 11230  8280  5640 -9999          
DLP05B  2000   780  2180  4860 10040 12530 13130 14090 13350 10010 11500          
DLP05B  2010 12980 12280 15610 15960 12120  8600 10270 10760  9110 -9999          
DLP06A  1914  5310  5780  5470  6290  4920  5190                                  
DLP06A  1920  5580  3690  4750  5270  3970  3750  3250  3220  2140  1960          
DLP06A  1930  1700  3760  6160  4730  3000  2600  3480  3560  4550  3190          
DLP06A  1940  2730  3430  4950  3660  3060  4550  2610  4340  5970  5180          
DLP06A  1950  3850  2980  2600  3330  2820  1740  1430  2480  2710  1100          
DLP06A  1960  2200  2930  4460  2650  2920  2390  1640  2730  4150  4930          
DLP06A  1970  4780  3270  1120  2480  2370  2930  2140  2140  3930  3090          
DLP06A  1980  2630  2460  3370  2970  3410  2610  1770  1180   970   840          
DLP06A  1990  1110  1350  1500  1920  1700  1840  1810  2430  1790  1620          
DLP06A  2000   780  1170  1120  1280  1210  1550  1590  1840  1720  2260          
DLP06A  2010  1910  2440  1170  1330  1600  1250  1830  1820  1910 -9999          
DLP06B  1920  5050  4510  4740  6110  4070  3660  2960  2610  2160  2340          
DLP06B  1930  1400  1830  2840  2650  2020  3610  3390  3410  3320  2880          
DLP06B  1940  2740  3000  3680  3670  3260  4190  3010  5800  5250  4710          
DLP06B  1950  3740  4200  4120  3870  4060  2880  1560  2980  2890  3260          
DLP06B  1960  3990  3330  6210  4080  2720  1870  1000  1990  2110  3620          
DLP06B  1970  4250  3060  1000  2550  2250  3530  1810  2850  4070  4520          
DLP06B  1980  4940  3890  3720  3290  3930  2760  1920  1830  1540  1280          
DLP06B  1990  1960  1760  1720  2200  1940  1850  1920  2580  1990  1740          
DLP06B  2000   810  1210  1630  2550  2340  2820  2540  2140  1960  2230          
DLP06B  2010  2210  2260  1230  1500  1510  1750  2380  2550  2600 -9999          
DLP07A  1989   700                                                                
DLP07A  1990  1180  2810  2510  1840  3280  3630  4040  5330  5150  4700          
DLP07A  2000  1170  2490  3830  4700  5230  4550  3530  4470  5590  5880          
DLP07A  2010  6720  9650  5400  4640  5250  3590  2990  2600  1510 -9999          
DLP07B  1993  1970  3300  5980  4540  7750  7480  1080                            
DLP07B  2000  1220  2470  3860  5740  5640  5360  4890  5200  6980  6390          
DLP07B  2010  7640  9910  7050  5550  5980  3450  3110  3290  1830 -9999          
DLP08A  1963  2700  1690  2250  2680  1420  2430  2150                            
DLP08A  1970  1220  2340  1160  1230   800  1610   760   920  1430  1350          
DLP08A  1980  1340  1250  2060  2330  3270  1880  1190   800   820   580          
DLP08A  1990   760   800  1510  1620  1450  1880  2310  1890  1690  1260          
DLP08A  2000   500   300   600  1090  1290  1630  2060  1960  1940  2340          
DLP08A  2010  2130  2200   690   690  1220   970  1400  1560  1020 -9999          
DLP08B  1919  6060                                                                
DLP08B  1920  7200  4890  5240  5640  4790  4900  4100  3790  3190  3390          
DLP08B  1930  2070  1030  1590   670  1040  1610  3640  3350  2140  2470          
DLP08B  1940  1560  2550  2640  1480  1960  1950  1230  2130  2110  1810          
DLP08B  1950  1640  1940  2380  1050  3380  2040  1640  3260  2530  2400          
DLP08B  1960  1520  3560  5000  3890  4690  3960  1900  2370  2640  2260          
DLP08B  1970  2600  2140   460  2500  2480  2340  1110   910  1930  2040          
DLP08B  1980  1780  1350  2090  2380  2970  2210  1580   880   890   860          
DLP08B  1990  1050  1160  1530  1520  1210  1670  1590  1650  1010   910          
DLP08B  2000   360   490   550  1260  1690  2050  2040  1740  1540  2480          
DLP08B  2010  1640  1600   560   680  1150  1110  1560  1500  1270 -9999          
DLP09A  1993  2420  2460  5550  4760  5230  3800  2250                            
DLP09A  2000  1620  2140  1450  2670  1520  3230  3000  2190  3100  3570          
DLP09A  2010  3140  5240  1470  1960  3130  2340  3430  2600  1030 -9999          
DLP09B  1995  5200  3940  4950  3690  2180                                        
DLP09B  2000  1570  2070  1390  2410  1460  3330  2980  2470  2960  3700          
DLP09B  2010  3260  5050  1420  1940  3150  2370  3400  2620  1170 -9999          
DLP10A  2009  6560                                                                
DLP10A  2010  6270  5400  1900  4340  5690  4790  5210  4650  5370 -9999          
DLP10B  2008  2840  6950                                                          
DLP10B  2010  6050  6490  2050  4700  5630  3500  4810  4250  3170 -9999          
DLP11A  1986  3640  1830  2920  2480                                              
DLP11A  1990  2610  1630  1880  2020  1530  2150  2720  3460  2020  2160          
DLP11A  2000   520  3170  3170  3720  3330  3550  2900  2680  2550  3230          
DLP11A  2010  2570  3100  1640  1920  1570  1340  2100  1550  1650 -9999          
DLP11B  1986  3640  2140  2940  2700                                              
DLP11B  1990  2500  2740  1650  2160  2060  2970  3060  3550  2480  3820          
DLP11B  2000   630  3400  3950  4430  2980  4310  3240  2950  2640  2370          
DLP11B  2010  2000  3350  2200  2140  1630  1880  1920  2110  1740 -9999          
DLP12A  1923  8390  6920  6860  8710  8460  6280  6750                            
DLP12A  1930  5170  4580  3820  3160  2980  2910  3620  3340  1940  1470          
DLP12A  1940  2550  4080  4670  2860  3480  3920  3200  4120  3850  2460          
DLP12A  1950  3600  4600  3340  1600  2750  1260  1540  2160  2390  1280          
DLP12A  1960   900  1760  2480  1700  2360  2330  2290  3880  3420  1830          
DLP12A  1970  1770  2910  1610  2770  1530  3690  2900  2810  3990  3740          
DLP12A  1980  2940  2990  3720  4320  4790  5300  4730  4760  4100  3890          
DLP12A  1990  4080  3680  3670  4100  3570  2990  2990  3660  3460  3310          
DLP12A  2000  1640  1770  2810  2990  2610  2680  2640  2780  2880  3420          
DLP12A  2010  2790  3540  3150  3390  2830  2030  2520  2220  2630 -9999          
DLP12B  1920  7260  8590  7260  8110  6690  6420  6780  7830  7010  7970          
DLP12B  1930  6470  6310  8260  6650  5050  5050  4940  5560  2640  1200          
DLP12B  1940  3580  5350  4790  3340  5020  6290  4340  4840  4580  4080          
DLP12B  1950  4580  4160  3130   870  1240   710   860  1970  1570   910          
DLP12B  1960   540  1190  2180  1390  2410  1880  1960  3400  4360  3020          
DLP12B  1970  2960  2930  1450  3350  1960  3790  2840  2600  3540  4120          
DLP12B  1980  3370  3420  3520  3570  5480  5490  4210  3550  6400  6110          
DLP12B  1990  3240  4160  2870  2920  3020  3500  3760  3780  2690  2660          
DLP12B  2000  1240  1320  2450  2950  3010  3260  3070  2730  2440  2690          
DLP12B  2010  2860  3280  2850  2770  2760  2270  2540  2610  2250 -9999          
DLP13A  1925  5420  4910  5490  6470  6210                                        
DLP13A  1930  3650  2700  3020   810  1870  1810  1950  4220  3260  4410          
DLP13A  1940  3130  6170  4040  1020  1550  3160   700   920  1970  2350          
DLP13A  1950  2570  4500  3010  1080  1380   540   850  1670  1380  1200          
DLP13A  1960  2610  2540  4220  1680  2410  2350  1560  2360  3230  2990          
DLP13A  1970  3240  2420   690  1840  1840  2880  2130  2020  2830  2670          
DLP13A  1980  2130  2000  2270  3860  4340  3650  3540  3020  3290  3000          
DLP13A  1990  2440  2450  2090  2420  2850  2800  3610  2860  2850  2270          
DLP13A  2000  1200   810  1220  1580  2100  3030  2850  1980  1630  2070          
DLP13A  2010  2090  2820  1930  1930  1520  1590  2190  2720  2560 -9999          
DLP13B  1919  2890                                                                
DLP13B  1920  2930  4630  3810  4190  4240  4000  5580  5150  4860  3870          
DLP13B  1930  3130  2200  2580   580  1340  1300  1360  3330  2640  3650          
DLP13B  1940  1950  2920  2830   700  1300  2960   470   890  1720  2050          
DLP13B  1950  1950  2700  2250   440  1430   450   780  2290  1290  1760          
DLP13B  1960  1740  2240  3680  1960  2550  1720   840  1530  2670  2290          
DLP13B  1970  2840  2120   660  1600  1450  2310  1620   870  1890  2020          
DLP13B  1980  1870  1540  2080  3130  3720  2950  1760  1470  2050  1580          
DLP13B  1990  2350  2500  2170  2760  2500  2560  2800  2240  1510   990          
DLP13B  2000   670   700  1290  2050  1680  2340  2320  2070  1940  1990          
DLP13B  2010  1990  2770  1350  1570  1740  1690  1840  1730  1870 -9999          
DLP14A  1938  7460  9060                                                          
DLP14A  1940 10070 10970 14250 10870 10960  9390  7130  7360  7710  6250          
DLP14A  1950  6900  8330  8660  6380  6280  5420  4800  6420  4410  3300          
DLP14A  1960  2530  4420  6790  2460  3000  2300   800  4900  5360  5150          
DLP14A  1970  4970  5220  2050  4190  2370  3990  3750  3490  4610  5330          
DLP14A  1980  4460  4010  4430  5340  6440  6600  6460  5100  4570  5050          
DLP14A  1990  4760  4800  4400  4130  4600  4150  4360  4960  4440  4400          
DLP14A  2000   650  1760  2160  4010  4300  4540  3350  4180  3650  4130          
DLP14A  2010  4740  3720  3530  3550  4550  3640  4090  4910  3840 -9999          
DLP14B  1929 14710                                                                
DLP14B  1930 10270  7280  6330  5960  3800  4690  6380  9090  8880  8060          
DLP14B  1940  7620  9360  8750  7670  5360  8220  5630  6550  7310  6080          
DLP14B  1950  5060  6960  8300  5270  7060  5520  3830  5490  3040  3930          
DLP14B  1960  2620  2880  4180  1990  1960  2330  1100  3400  4040  5480          
DLP14B  1970  4560  4140  1770  3320  1570  3110  2900  2880  4470  5320          
DLP14B  1980  3720  2670  3380  4620  5730  5530  6260  4990  4990  5050          
DLP14B  1990  4360  3180  3740  4060  4420  3250  3580  3580  3840  3250          
DLP14B  2000   650  1790  2350  3340  4290  4760  3260  3280  3380  3680          
DLP14B  2010  4130  3750  2700  3230  3550  3260  3790  3600  3140 -9999          
DLP15A  1935  6650  7100  7440  5690  6400                                        
DLP15A  1940  6490  7620  6850  5010  5030  7920  3570  5680  6440  6260          
DLP15A  1950  6320  7670  7580  5240  5190  1790  3860  6010  4560  4470          
DLP15A  1960  5270  6880  7990  4760  5970  5780  4510  4510  5190  4630          
DLP15A  1970  4450  3980  1570  2640  1030  2630  3430  3430  3700  5870          
DLP15A  1980  4800  1370  5180  5180  6320  6330  5230  5050  4820  5080          
DLP15A  1990  4180  4220  4230  4130  4940  4400  4890  5090  5490  4540          
DLP15A  2000   820  1490  4200  6450  6110  5770  5380  5310  5200  5720          
DLP15A  2010  5460  5580  5790  5550  5580  4640  5780  6500  5350 -9999          
DLP15B  1943  5390  5830  8140  4590  6630  6340  5990                            
DLP15B  1950  5740  7070  6680  5380  5420  4110  4070  6170  6340  1900          
DLP15B  1960  4320  6640  6250  3400  5340  6070  4230  5840  6170  5720          
DLP15B  1970  5720  4670  1350  2430  1080  3070  3730  3420  4130  5590          
DLP15B  1980  6620  3510  5850  4770  5800  5890  5470  5600  4380  4890          
DLP15B  1990  3140  3890  4940  4680  5100  5270  5680  5410  4700  4380          
DLP15B  2000   950   850  2700  4290  4320  4760  4960  4770  5190  4920          
DLP15B  2010  4400  4260  4490  4920  4090  3600  4740  5190  4570 -9999          
DLP16A  1918  5120  5410                                                          
DLP16A  1920  6370  5180  5730  6890  4520  3710  3530  3060  3770  3920          
DLP16A  1930  3720  2940  2670  1570  1590  1790  3050  5480  2560  1970          
DLP16A  1940  1270  2080  2780  2620  1810  1940  1430  2590  2200  1870          
DLP16A  1950  3000  3200  1980  2130  2860  1670  1070  4220  3340  6640          
DLP16A  1960  9730  8970 10450  6030  4310  4030  3170  3250  4150  4400          
DLP16A  1970  6300  5670  6260  8960  4010  5820  6150  5020  4720  5380          
DLP16A  1980  5820  6760  5500  5160  6250  5420  5640  3550  3650  4140          
DLP16A  1990  3630  3640  4460  5220  4730  4430  3330  3660  3490  3900          
DLP16A  2000  4150  3730  4750  6360  8770  6090  6000  4840  3620  4000          
DLP16A  2010  4440  4310  3600  2270  4340  4140  5300  5650  4370 -9999          
DLP16B  1918  5640  5580                                                          
DLP16B  1920  6930  5950  5470  6910  3990  3390  2680  2130  2520  3070          
DLP16B  1930  3490  2280  2660  1700  1580  2380  2870  3450  2470  2550          
DLP16B  1940  1980  2340  2440  1790  2440  2180  1040  3510  2400  3180          
DLP16B  1950  2500  2830  2020  2040  1980  1510  1330  5620  4610  4670          
DLP16B  1960  9220 11250  8600  6850  5900  5370  4810  5490  5850  5730          
DLP16B  1970  4950  4450  5510  7860  4410  6050  5430  4530  5210  7040          
DLP16B  1980  6130  6180  4650  4520  5640  4240  5530  3800  3450  3630          
DLP16B  1990  4470  3750  3520  3050  3020  3540  2970  4680  3950  3490          
DLP16B  2000  3800  4010  3390  4040  4010  4410  4910  4360  3720  3640          
DLP16B  2010  3050  4070  2740  2450  4180  3280  4180  4150  2990 -9999          
DLP17A  2009  1430                                                                
DLP17A  2010  5260 12280  7440  6350  6100  5290  7930  8540  6160 -9999          
DLP17B  2012 10570  7060  8830  4790  6870  7420  7610 -9999                      
DLP18A  1998  5800  5720                                                          
DLP18A  2000  6250  3630  5270  4160  4230  3640  4310  5660  4390  7030          
DLP18A  2010  5260  6220  4380  3400  2780  2850  4550  5020  3760 -9999          
DLP18B  1998  7030  6230                                                          
DLP18B  2000  6540  1730  3490  3390  3640  4190  4450  5830  5460  7460          
DLP18B  2010  7330  7980  5660  5660  5100  4300  5300  5120  4790 -9999          
DLP19A  1758  1290  1050                                                          
DLP19A  1760   850   950   650   450  1010   630   920   290   620   370          
DLP19A  1770   240   470   410   360   260   500   490   260   170   130          
DLP19A  1780   180   320   380   240   590  1250   760   780   600   440          
DLP19A  1790   900   280   620   460   430   300   650   440   200  1100          
DLP19A  1800   600  1120  1010   680   410   480   250   250   470   320          
DLP19A  1810   610   920   730   950   880   900   400   500   390   490          
DLP19A  1820   450   330   170   240   240   410   190   200   230   160          
DLP19A  1830   420   180   540   550  1040  1800  2030  1800  1760  2170          
DLP19A  1840  2550  2440  1540  1710  1110   850   690  1120  1620  2420          
DLP19A  1850  2000  1340  1780  2170  1710   930  1340  1540   800  1600          
DLP19A  1860  1760  1530  2750  2620  2250  2950  3440  4010  1920  1560          
DLP19A  1870  2820  1780  3120  3650  3170  3770  2170  2150  2220  4000          
DLP19A  1880  5920  5410  2930  2920  4310  6490  6020  5460  4410  5440          
DLP19A  1890  5160  4080  2900  3910  3310  3620  5610  5590  4660  7010          
DLP19A  1900  6540  5790  2690  2660  2510  1710  1620  2540  3470  3880          
DLP19A  1910  3630  5600  4060  3210  4200  4060  3630  3450  2860  4080          
DLP19A  1920  4050  4470  4470  4860  4330  5510  6150  5300  4000  3520          
DLP19A  1930  3270  1580  2900  3000  4000  2530  3030  2110  1210  1350          
DLP19A  1940  1840  2360  2340  1840  2050  2940  2500  3410  3350  1370          
DLP19A  1950  1540  1840  3330  2670  2560  2050  1770  2450  2500  2530          
DLP19A  1960  2690  2590  3040  2180  2200  2240  1910  1660  2300  3330          
DLP19A  1970  3410  3100  3320  3570  2130  1900  1650  1800  1920  2720          
DLP19A  1980  2430  2560  2950  2840  4770  3650  3130  2440  2480  2640          
DLP19A  1990  3100  2570  3270  2850  2850  2610  2810  3460  2810  3190          
DLP19A  2000  2590  3070  2610  2390  2860  2240  2250  2350  2260  2160          
DLP19A  2010  2000  2960  2300  2700  2930  1930  3200  3520  2900 -9999          
DLP19B  1800  1910  1240  1870  1060   700   710   570   670   800   590          
DLP19B  1810  1030  1260  1360   960   880  1210   510   800   710   860          
DLP19B  1820   520   460   340   800   340   490   570   450   410   190          
DLP19B  1830   430   230   800   450  1250  1770  1640  1300  2580  2830          
DLP19B  1840  3160  2700  1560  1790  1680  1140  1480  1810  2300  3260          
DLP19B  1850  2720  1880  3000  3910  2510  1320  1690  1500  1170  2150          
DLP19B  1860  2170  1920  2420  1520  1450  1870  2720  3090  1560  1780          
DLP19B  1870  2820  1690  3760  2790  3860  5180  3560  2190  2470  2110          
DLP19B  1880  2480  3280  2660  2010  3810  5500  5620  5370  4410  2830          
DLP19B  1890  2930  3820  4680  5290  6550  5650  6520  6720  4130  5960          
DLP19B  1900  6360  8830  6630  6920  5190  4640  3160  3920  3660  3420          
DLP19B  1910  4200  5550  5170  4280  4560  4700  4360  4000  3660  3640          
DLP19B  1920  3680  3350  4170  5630  4280  3990  3360  3300  3660  3840          
DLP19B  1930  4130  2700  4130  3800  3400  1650  2050  2410  2740  2620          
DLP19B  1940  2790  3050  2570  2610  2670  3440  3010  3680  4440  1840          
DLP19B  1950  2080  2580  3070  2800  3600  2700  1830  3390  4300  4510          
DLP19B  1960  5020  4310  3750  3680  2620  2730  2220  2010  2690  4400          
DLP19B  1970  4070  3920  3630  3240  2560  2700  2190  2360  3070  3230          
DLP19B  1980  2610  2430  2370  3630  7020  5810  5050  4130  3690  3710          
DLP19B  1990  3700  3030  3500  3140  2750  2850  3560  3910  3740  3520          
DLP19B  2000  2480  3040  2130  1910  2710  2210  2270  2510  2620  3080          
DLP19B  2010  2760  4220  2780  2380  3040  2110  2800  3250  3270 -9999          
DLP20A  2006  2600  1980  2920  2700                                              
DLP20A  2010  3900  3190  3180  4850  6660  5420  9530  6970  6960 -9999          
DLP20B  2005  2130  1670  2270  3430  2910                                        
DLP20B  2010  2610  3310  3430  3960  7000  7060  9370  9410  6960 -9999          
DLP21A  2009  4620                                                                
DLP21A  2010  4180  4670  4880  4410  4440  5080  7710  6900  6110 -9999          
DLP21B  2009  4340                                                                
DLP21B  2010  3730  5550  4620  4380  4090  6360  6250  6750  6090 -9999          
DLP22A  2006  5350  7770 10420  9180                                              
DLP22A  2010  8390 13200  6550  5620  3910  6760  6580  5110  4660 -9999          
DLP22B  2006  5370  6490 10590 11370                                              
DLP22B  2010  9900 12970  7240  6340  6520  6410  6110  5370  2880 -9999          
DLP23A  1997  8790  2720  3490                                                    
DLP23A  2000  3000  3870  3620  5340  4580  5690  4670  4930  7620  6690          
DLP23A  2010  5830  9750  3860  5180  5970  4190  3720  3450  2920 -9999          
DLP23B  1994  3270  5130  6350  6930  4340  4030                                  
DLP23B  2000  1840  2500  3000  3620  4720  4730  3880  3260  7600  8200          
DLP23B  2010  5820  6980  3170  4460  7840  3600  3700  2930  2100 -9999          
DLP24B  1936  3770 10820  6500  7080                                              
DLP24B  1940  7040 10080  8050  8530  7000  8940  8660  8650  8440  8740          
DLP24B  1950  9000  8930  7200  7020 12670  6560  8950 10840 11490  6920          
DLP24B  1960  6350  4110  6620  6250  6570  6100  5510  5120  4110  4120          
DLP24B  1970  4900  3700  3430  4230  4140  4020  2860  2140  2940  3410          
DLP24B  1980  3360  2630  3200  4070  7060  6520  6040  4170  3010  3330          
DLP24B  1990  2740  3100  3010  3940  3780  4160  4200  4100  4360  4280          
DLP24B  2000  2710  3170  2210  2990  2490  3650  4200  4130  3560  3750          
DLP24B  2010  3450  4750  4080  4050  4070  2670  3720  3610  3090 -9999          
DLP25A  1927 19680 15600 15310                                                    
DLP25A  1930 11490  9800 10630  8950  9880  6470  7400  8580  6990  4300          
DLP25A  1940  4470  7040  9000  5390  5050  9040  7100  7510  5990  3810          
DLP25A  1950  3170  3850  4100  3720  3820  3280  1890  5660  7830  4530          
DLP25A  1960  5990  4660  4220  3520  3630  3730  2710  4560  3770  2720          
DLP25A  1970  5670  5310  3510  3240  1290  2210   480   960  2600  5800          
DLP25A  1980  4380  2210  2700  5460  8500  7080  6080  3840  3160  3410          
DLP25A  1990  2710  2940  3510  3150  2930  2690  2890  3310  3310  3270          
DLP25A  2000  1410  1440  1690  3270  2740  3260  2710  3070  3420  4510          
DLP25A  2010  4830  5960  4570  3680  3360  4460  6640  6400  5940 -9999          
DLP25B  1930 20050 14350 11660  6610  4990  4800  5930  6130  6500  5420          
DLP25B  1940  3550  4500  6470  3850  3690  4720  3510  4540  3670  3310          
DLP25B  1950  2740  3250  4070  2590  2450  2450  1500  4580  4760  1830          
DLP25B  1960  2000  2520  4000  2760  2160  1990  2120  3000  2650  1410          
DLP25B  1970  2820  2770  2580  2820  1780  2030   280   840  1790  2710          
DLP25B  1980  2500  1320  1950  3010  6070  4280  3740  3180  2480  2030          
DLP25B  1990  1780  1980  2620  2310  1980  2040  2120  3170  2850  2500          
DLP25B  2000  1140  1170  1020  2180  1910  2660  2630  2920  3970  4970          
DLP25B  2010  4580  5990  5070  4150  4910  3220  3700  3940  5950 -9999          
DLP26A  1840  6490  4560  2710  2890  2740  2090  1910  2550  2880  3200          
DLP26A  1850  3520  1370  1930  2480  2630  1810  2430  2550  3030  2690          
DLP26A  1860  2910  2730  3130  2440  3910  4180  5150  5380  4120  5120          
DLP26A  1870  4290  1960  3620  3640  3240  2900  2710  2260  2210  1670          
DLP26A  1880  1490  2320  2520  1900  4020  4790  6640  6180  6350  6130          
DLP26A  1890  7710 10810  6920  5420  3660  1530  3930  4870  1880  3800          
DLP26A  1900  1800  3100  2490  3270  3340  2530  1990  2270  1970  2400          
DLP26A  1910  2340  2630  3160  2580  2660  2900  2750  3160  4590  3660          
DLP26A  1920  5720  5890  6780  6980  4490  4920  3550  3940  3050  4140          
DLP26A  1930  3530  1580  3700  2300  1830  2280  2830  4320  3120  2370          
DLP26A  1940  3800  3920  4500  4090  3290  3080  3170  3870  2730  1020          
DLP26A  1950  1260  1640  1460  1620  1340  1720   870  3040  2280  1140          
DLP26A  1960  3500  4780  4260  2890  3250  3410  2480  2670  1700  2080          
DLP26A  1970  1850  1700  1580  1390   640  1660  1070  1940  1960  2810          
DLP26A  1980  1930  2420  4070  4180  4760  5210  2880  2500  2050  2150          
DLP26A  1990  2470  2020  2080  1830  1520  1730  1970  2770  3860  3240          
DLP26A  2000  1800  1670  1550  2000  2230  2030  1590  1650  1810  2370          
DLP26A  2010  3430  2770  3300  2440  2320  1350  1590  1970  1510 -9999          
DLP26B  1864  1960  3090  4900  4520  3500  5860                                  
DLP26B  1870  5510  2150  3070  2460  3970  3400  2920  2400  2630  2590          
DLP26B  1880  2480  3430  2310  3770  3190  3770  4830  5370  6430 11930          
DLP26B  1890 11960  9250  7680 10150  7090  3540  6360  6430  2570  5190          
DLP26B  1900  3590  3120  2240  3040  2940  2680  2350  3320  2280  3250          
DLP26B  1910  3330  2910  3330  2210  2830  2810  2470  2860  3250  5270          
DLP26B  1920  7950  8650  6740  4760  3410  3420  3340  3270  2510  4270          
DLP26B  1930  4570  2860  3890  2360  2140  2240  2480  2800  2320  2510          
DLP26B  1940  3480  4390  4680  3170  2910  3670  3000  3930  3710  1680          
DLP26B  1950  2320  2630  2300  1930  1730  1510  1030  2920  2530  1430          
DLP26B  1960  2290  3490  3540  2850  2320  3080  1750  2050  2160  3280          
DLP26B  1970  3430  3420  3210  3310  2630  2950  1680  2160  2590  3440          
DLP26B  1980  2760  2690  3880  4460  6960  5690  4510  2490  2170  1770          
DLP26B  1990  2240  2490  2520  3030  2480  2900  3350  4200  3710  2530          
DLP26B  2000  1400  1290  1050  1330  1370  1320  1320  2070  2100  2970          
DLP26B  2010  3520  3700  2250  1460  1220  1100   940  1410  1290 -9999          
DLP28A  1910  5280  5900  5630  6200  5460  3770  3120  5120  4890  5760          
DLP28A  1920  7190  5010  5430  6830  5450  4080  3660  3090  3230  3340          
DLP28A  1930  1820  1220  3200  1200  1300  2060  1220  2240  2090  2450          
DLP28A  1940  2580  3420  3720  2720  2310  2650  2320  3420  2250  1950          
DLP28A  1950  1610  2020  2240  1660  1470  1170   780  2160  2210  1170          
DLP28A  1960  1720  1890  2210  1390  1420  1590   890  1430  1770  1470          
DLP28A  1970  1610  1460  1710  2250  2010  2220   630   820  1430  2300          
DLP28A  1980  2060   930  1430  1930  3120  3320  2720  2240  1850  1660          
DLP28A  1990  1450  1560  1750  1630  1410  1400  1320  1770  1690  1930          
DLP28A  2000   680   310  1000  1910  2060  2680  1900  1850  1910  1840          
DLP28A  2010  2280  3330  1980  1850  1920  1880  2080  2370  1650 -9999          
DLP28B  1907  2670  1570  4620                                                    
DLP28B  1910  4680  6300  6250  6000  5270  3910  3180  4600  4790  5190          
DLP28B  1920  6350  6710  6860  6330  4630  4130  3310  4020  3700  4870          
DLP28B  1930  2500  2220  3840  1610  1000  1700  1600  2400  2540  2000          
DLP28B  1940  2140  2830  3210  2500  2570  3300  2440  2900  1970  1730          
DLP28B  1950  1530  2350  2690  2140  1700  1090   870  2140  2310  1070          
DLP28B  1960  1740  1280  2250  1580  1710  1690  1040  1610  1880  1230          
DLP28B  1970  1740  1370  1440  2010  1350  1930   710   790  1600  1870          
DLP28B  1980  1570   890  1750  1970  2700  3160  2320  1680  1490  1640          
DLP28B  1990  1580  1490  1460  1460  1320  1370  1540  2060  1850  1720          
DLP28B  2000   620   250   950  1540  1810  2790  1780  1990  1920  1740          
DLP28B  2010  2100  2550  1780  1860  1540  1540  1860  2120  1540 -9999          
DLP29A  1880  3810  4220  2460  1800  3270  7990 13530 11580 12790  8770          
DLP29A  1890  7600  5690  4520  3290  5080  5340  6610  7280  4930  4230          
DLP29A  1900  5040  4300  5500  4420  3440  2900  3200  2790  2530  2840          
DLP29A  1910  3550  3270  4280  3250  3330  2560  2480  3290  3690  3770          
DLP29A  1920  3620  3140  3420  4450  3080  2870  2370  2840  3250  3140          
DLP29A  1930  2720  2030  2090  1000   990  1900  1120  1290   820   930          
DLP29A  1940  1560  1740  2280  1830  1250  1850   820  1650  1330  1010          
DLP29A  1950   850   660   970   730   840   910   650  1320  1060   420          
DLP29A  1960   370   460   700   620   670   990   410   680   520   660          
DLP29A  1970   860   820   940   780   720   840   280   420   400   550          
DLP29A  1980   550   460   770  1280  2740  2810  2170  1240   960   790          
DLP29A  1990  1000   970   830  1000   620   870   750   880   620   870          
DLP29A  2000   340   410   600   750   820   820   890   940  1350  1030          
DLP29A  2010   710  1300   690   850   660   670   850   990   710 -9999          
DLP29B  1846  1680  2350  2160  2390                                              
DLP29B  1850  1840  1630  1860  2400  2160  1520  2120  3590  3290  4080          
DLP29B  1860  2450  1850  2740  2740  3460  3330  3830  5250  2770  4110          
DLP29B  1870  3540  2790  4760  4550  4530  4400  3890  4070  3630  3320          
DLP29B  1880  3740  3590  2680  3130  5000  9770  7240  5170  6060 12200          
DLP29B  1890 11300 11760  8140  7770  9350  5420  4580  5120  4030  3540          
DLP29B  1900  2630  2400  1000  1040  1830  1910  1810  2200  2530  2480          
DLP29B  1910  1610  1750  2040  1620  2170  1950  1350  1950  1890  2250          
DLP29B  1920  2650  2660  2870  2960  1940  1530  1960  2710  1930  2390          
DLP29B  1930  1470  1260  1910   640   650  1400   980  1420   830   770          
DLP29B  1940  1470  1380  1740  1190  1260  1200  1200  1720  1620  1170          
DLP29B  1950   950   640   780   940   780   650   620   830   880   460          
DLP29B  1960   310   380   490   580   450   670   470  1210  1500   610          
DLP29B  1970  1050   750   730   960   680   890   390   710   890  1220          
DLP29B  1980  1110   670  1250  1460  2750  2570  1420  1180  1180  1110          
DLP29B  1990   930  1160  1380  1130   770  1080  1030  1400  1330  1320          
DLP29B  2000   880   470   720   770   760  1210  1300  1150  1010   660          
DLP29B  2010   770  1300   710   840   730   670   850   990  1140 -9999          
DLP30A  1835  5130  6800  4150  4340  4940                                        
DLP30A  1840  7300  6600  3150  5590  4610  2180  1750  3180  4850  5130          
DLP30A  1850  4440  2150  2910  4040  2760  1480  2570  1720  1620  1890          
DLP30A  1860  2420  1250  2050   940  1200  1300   940  2200  1800  2280          
DLP30A  1870  2510  1460  2540  2340  4710  4830  3770  4070  3510  3200          
DLP30A  1880  2900  3540  2250  1430  3020  2740  3420  3290  3780  2750          
DLP30A  1890  4990  5490  5210  3090  4110  1940  2950  3430  2130  2950          
DLP30A  1900  2700  2250  1320  2650  3060  3320  2890  2780  2750  2670          
DLP30A  1910  1810  2610  3310  2420  3380  2280  2340  3440  3300  2970          
DLP30A  1920  3390  3160  3060  3390  2630  2560  2850  2730  2300  3060          
DLP30A  1930  1790  1410  2430  1420   760  1160  1080  2340  1000   530          
DLP30A  1940  1270  1890  1870  1360  1620  1950  1450  2320  1140   640          
DLP30A  1950   790  1000  1250  1030  1020   800   890  1820  1210   670          
DLP30A  1960   680  1000  1610  1050  1120  1660   890   550   570   740          
DLP30A  1970  1290  1610  1480  2080  1260  1070   410   440   960  2080          
DLP30A  1980  1900   640  1090  1640  2320  2130  2230  2120  1800  1170          
DLP30A  1990  1280  1220  1750  1910  1670  1310   930  1190  1480  1530          
DLP30A  2000   800   600  1040  1600  2140  2100  2040  1440   820  1000          
DLP30A  2010  1080  1880  1510  1580  1170   920  1430  1860  2260 -9999          
DLP30B  1842  3300  5880  5360  2030  1810  3320  5520  5700                      
DLP30B  1850  4250  2290  4030  3940  2810  1770  3170  2580  1610  1170          
DLP30B  1860  1350  1730  1910   990  1260  1480  1160  2730  2750  3440          
DLP30B  1870  3400  1340  3120  2470  3850  3860  2910  3190  3810  3660          
DLP30B  1880  3290  3760  2600  2110  3480  2610  3000  2840  3850  2830          
DLP30B  1890  4520  4400  4610  4690  4680  3870  4300  5250  2820  2940          
DLP30B  1900  2670  1930   910  1780  2020  2370  2700  2670  3090  3730          
DLP30B  1910  2680  2990  3620  2810  3390  2980  2540  2990  2440  2930          
DLP30B  1920  3220  2670  3810  4000  2350  2420  2900  2920  2060  2910          
DLP30B  1930  1500  1620  2610  1550  1270  1320  1270  2900  1790   670          
DLP30B  1940  2150  1960  2820  1800  1430  2380  2270  3190  1500   470          
DLP30B  1950   510   880  1210  2390  1890  1100   560  1500  1180   460          
DLP30B  1960   550  1220  1400  1220  1210  2700   860   630   930  1080          
DLP30B  1970  2340  1600  2080  1820   880   880   470   840  1050  1900          
DLP30B  1980  1660   820  1480  2350  3970  2570  2080  1980  1320  1330          
DLP30B  1990  1330  1520  1450  1540  1180  1210  1050  1170  1670  1730          
DLP30B  2000   820   600   260   440   400   340   920   920  1150  1310          
DLP30B  2010  1620  2000  1470  1340  1220   660  1440  1950  2520 -9999          
DLP31A  1994  1610  2640  2180  4050  3790  3440                                  
DLP31A  2000  2410   920  3400  5050  4210  4160  4760  7500 11430  8880          
DLP31A  2010  6400  8670  7250  7810  7000  5860  4840  3720  2690 -9999          
DLP31B  1998  3280  2670                                                          
DLP31B  2000  1130   880  2880  5490  3410  4380  4900  9570  9550  8410          
DLP31B  2010  8310  8770  5870  6150  6350  3490  5530  4600  2570 -9999          
DLP32A  2004  1130  1840  2390  2080  4700  5700                                  
DLP32A  2010  6100  6860  3670  2720  4450  2960  5200  4380  2890 -9999          
DLP32B  2003  1270  1040  2100  2950  4340  4520  6100                            
DLP32B  2010  5610  5980  3290  3620  4990  3530  3820  3050  3260 -9999          
DLP33A  1903  1340   990  1220  3850  5100  4930  6560                            
DLP33A  1910  5630  5130  5000  4160  4520  2860  2580  2980  2680  2240          
DLP33A  1920  2320  2730  2870  3390  2510  2270  2670  1850  1230  1640          
DLP33A  1930   950  1090  1480   950   680  1140  1110  1930  1520  1400          
DLP33A  1940  1170  1500  1440  1030   950  1740  1020  1260   990   610          
DLP33A  1950   600   650   730   700   860   900   760  1060   790   500          
DLP33A  1960   590   710   910   680   820  1010   630   960  1190  1080          
DLP33A  1970  1380  1400  1420   900   440   510   210   510   620  1070          
DLP33A  1980   750   520  1040  1510  1880  1350  1540  1250  1000  1090          
DLP33A  1990  1180  1050   970  1080   980  1120  1160  1310  1540  1510          
DLP33A  2000   830   680  1110  1240  1140  1670  1510  1540  1650  1630          
DLP33A  2010  1530  1700  1110   890   860   950  1000  1160  1000 -9999          
DLP33B  1906  6670  6380  5420  6740                                              
DLP33B  1910  5750  4790  4940  3480  4390  2990  2830  3600  2880  3920          
DLP33B  1920  3790  3660  3280  3970  2730  2430  2290  2470  1660  1720          
DLP33B  1930  1220   930  1440  1120   840  1520  1730  2400  1930  1890          
DLP33B  1940  1440  1800  1630  1610  1360  1590  1140  1560  1240   910          
DLP33B  1950   760   650   850   700   970  1060   780  1640  1270   850          
DLP33B  1960   680   800   990   650   790   960   810   730   750   850          
DLP33B  1970  1400  1100  1290   960   560   700   310   580   670   960          
DLP33B  1980   740   880  1020  1330  1210   900  1110  1040   910   900          
DLP33B  1990  1080  1180  1240  1080  1050  1010   980  1240  1080   970          
DLP33B  2000   750   770   900  1040  1330  1520  1260  1240  1370  1280          
DLP33B  2010  1420  1860  1120   900   810   870   960  1020   890 -9999          
DLP34A  1928  2260  3900                                                          
DLP34A  1930  3850  2890  3300  2060  1240  2650  2480  3070  2020  1060          
DLP34A  1940  2060  2170  2530  1480  1280  1520  1660  1420  1300   930          
DLP34A  1950   980  1480  2400  2880  2820  3040  2220  4630  3730  1110          
DLP34A  1960   560  2040  3430  2540  1840  1810  1240  1780  1340   880          
DLP34A  1970  2520  2550  1780  1830   920  1530   330   570   420   830          
DLP34A  1980   950   580   840  1390  3380  3220  2210  1590  1910  1990          
DLP34A  1990  1810  1770  2080  2370  2540  4260  4190  4460  5420  4280          
DLP34A  2000  2210  1280  2610  3020  2780  2770  2880  3190  4780  5110          
DLP34A  2010  4590  4840  2850  1940  3330  2320  1990  3080  4180 -9999          
DLP34B  1928  2030  3660                                                          
DLP34B  1930  3750  3990  3000  3350  3030  2680  2500  2920  2340   720          
DLP34B  1940  1650  1620  2360  1420  1150  1420  1230  1410  1590   700          
DLP34B  1950  1140  1360  1940  2820  2650  2870  2660  5530  3490  1040          
DLP34B  1960   680  2250  3100  2030  1750  1670   440  1050  1340  1060          
DLP34B  1970  1790  2150  1650  1750   690   660   300   310   370   470          
DLP34B  1980   430   550   660   960  2270  3710  3370  2240  1700  1170          
DLP34B  1990  1020  1180  1830  2540  4810  4370  3670  3370  4360  3320          
DLP34B  2000  1060  1310  2230  2710  1890  3430  2570  2700  2830  3180          
DLP34B  2010  2960  3420  2430  1870  1780  1770  1630  2090  2200 -9999          
DLP35A  1935  5040  6150  6680  6570  6040                                        
DLP35A  1940  6150  7840  8930  7770 10130  9010  9780  8120  8280  6450          
DLP35A  1950  8510 10510  8870 10720  6800  5230  3690  4480  4180  1920          
DLP35A  1960  4780  5130  6300  4730  4750  6130  2400  4410  3770  3690          
DLP35A  1970  4820  4180  3100  5010  3270  3720  1040  2290  3330  5770          
DLP35A  1980  4390  2760  4260  8620 11130 11560  8460  4550  4590  3520          
DLP35A  1990  3230  3590  3420  3250  3040  2410  3210  4480  4320  4350          
DLP35A  2000   800   490  1770  3260  3480  4580  3820  4570  5540  3360          
DLP35A  2010  4250  6140  3290  3000  3770  1670  3480  3400  2970 -9999          
DLP35B  1939  6110                                                                
DLP35B  1940  6410  6770  9600 10560  8660  8460  7620  9430  9960  7660          
DLP35B  1950  8750 10100  7240  9920  8230  3990  4100  4800  5140  2450          
DLP35B  1960  4280  3680  5450  3790  4310  5020  1920  2470  3090  3250          
DLP35B  1970  3920  3550  2450  3000  1860  1840   790  1520  2430  4930          
DLP35B  1980  4400  2720  3160  5820  6870  5690  4650  3790  3370  2770          
DLP35B  1990  2880  2680  2870  3480  3600  3340  3710  5240  4460  4380          
DLP35B  2000  1080   710  1590  2650  2460  3580  2730  3510  4640  3450          
DLP35B  2010  4160  4880  3100  2940  3060  2120  4300  4070  4390 -9999          
DLP36A  1931  2280  1390   900   410  1680  1600  2950  2190   890                
DLP36A  1940  2220  2530  3380  2730  2400  3710  3270  3670  3280  2230          
DLP36A  1950  3000  4870  4010  4470  4150  2940  4000  3140  3680  1410          
DLP36A  1960  2540  3860  4260  3790  3260  2790  1670  1160  1560  1450          
DLP36A  1970  2140  2050  1850  2110  1900  1890   690   910  1440  1850          
DLP36A  1980  1650   740   990  1420  3910  4680  3750  2760  2270  2080          
DLP36A  1990  1870  1540  1580  1540  1380  1890  1970  2690  2480  2220          
DLP36A  2000   730   380   460   570   610   770  1120  1230  1800  1690          
DLP36A  2010  1500  2120  1390  1250   970  1510  1770  1600  1650 -9999          
DLP36B  1932  2010  1150  1290  1380  1540  2740  2260   870                      
DLP36B  1940  2530  2550  4110  2990  3520  4670  3500  3270  3490  2200          
DLP36B  1950  2680  4740  5780  4990  3920  2140  3710  2970  4170  1750          
DLP36B  1960  2880  2700  3270  3220  3130  3030  1650  1360  1730  1150          
DLP36B  1970  1880  1690  1750  1700  1010  1120   560   820  1600  2490          
DLP36B  1980  2430  1410  1740  2310  3780  4160  2660  1890  1640  1890          
DLP36B  1990  1770  1790  1920  1720  1410  1800  1690  1880  1640  1550          
DLP36B  2000   690   230   420   780   970  1170  1140  1140  1530  1690          
DLP36B  2010  1620  2120  1180   850   560   900  1070  1080  1150 -9999          
DLP37A  1804  3860  4150  2640  3620  3270  2900                                  
DLP37A  1810  2730  3080  2370  2100  2600  1170   750   610   600   680          
DLP37A  1820   380   300   890   870   690   800   640   810   770   560          
DLP37A  1830   810   360  1510  1350   850  1190  2110  1620  1150  1360          
DLP37A  1840  1210  1140   890   910   900  1030   710   990  1300  1530          
DLP37A  1850  1660   990  1320  1450  1580   880  1340  1520  1610  1750          
DLP37A  1860  1870  1670  2030  1160  1090  1130  1630  1700  1050  1490          
DLP37A  1870  1580  1390  2200  1850  2050  1960  1460  1400  1380   940          
DLP37A  1880  1370  1240  1000  1220  1630  1790  1970  1850  1640  1280          
DLP37A  1890  1740  2080  1940  1240  1320   810  1180   690   700   940          
DLP37A  1900  1110   920   520   540   440   600   470   660   440   730          
DLP37A  1910   550   910  1180   760   780   640   370   730   770   610          
DLP37A  1920   930   580   820   720   450   360   440   510   460   530          
DLP37A  1930   360   460   480   440   390   530   500   470   460   400          
DLP37A  1940   490   500   440   250   440   480   310   600   680   580          
DLP37A  1950   660   790   530   580   760   620   640  1100   820   440          
DLP37A  1960   440   580   830   620   360   440   250   570   400   510          
DLP37A  1970   780   570   960   900   670   770   150   420   620   910          
DLP37A  1980   760   610   590   640   830   860   810   640   690   660          
DLP37A  1990   710   770   620   540   390   460   370   620   630   590          
DLP37A  2000   230   230   230   200   260   350   350   320   390   290          
DLP37A  2010   360   480   270   380   130   210   290   240   360 -9999
DLP37B  1801  2540  4250  3180  3750  3740  3050  3820  3110  2910                
DLP37B  1810  1950  2930  1430  1990  2620  1440   730   820  1020   860          
DLP37B  1820   560   570   950   900   720   790   560   620  2100  1200          
DLP37B  1830  1370  1290  2390  1540  1130  1560  2050  1480  1340  1280          
DLP37B  1840  1630  1300  1640  1500  1270  1160   870  1110  1400  2190          
DLP37B  1850  1360   890  1020  1480  1110   830  1550  1500  1390  1390          
DLP37B  1860  1370   980  1550   990  1460  1430  1580  2130  1550  2120          
DLP37B  1870  2290  1170  2060  1670  1680  1460  1330  1310  1230  1150          
DLP37B  1880  1050  1230  1520  1720  1670  1410  1760  1350  1060   980          
DLP37B  1890  1960  2160  2150  1650  1880  1060  1620   810   660   980          
DLP37B  1900   900   840   530   500   380   470   470   450   420   610          
DLP37B  1910   470   790  1010   690   870   670   580   920   640   610          
DLP37B  1920   880   590   650  1100   720   660   730   820   760   840          
DLP37B  1930   560   590   810   510   440   630   580   660   560   480          
DLP37B  1940   600   660   760   530   590   800   510   750   790   670          
DLP37B  1950   720   700   760   670   810   910   770  1310  1040   550          
DLP37B  1960   580   780   730   540   480   540   370   530   430   450          
DLP37B  1970   660   550   720   670   750   770   290   600   770   970          
DLP37B  1980   700   530   570   730   750   630   730   560   480   420          
DLP37B  1990   550   500   530   630   570   550   580   550   700   670          
DLP37B  2000   410   370   340   390   480   560   590   720   750   700          
DLP37B  2010   700  1070   710   680   360   290   520   400   520 -9999          
DLP38A  1927  3340  4910  4890                                                    
DLP38A  1930  8040  8850  5220  6010  3680  1030  2040  2970  2550   940          
DLP38A  1940  1290  1690  3030  2390  2830  4700  4660  4470  5640  5420          
DLP38A  1950  6870  6950  4830  6910  5690  4950  7800 11540  9230  4280          
DLP38A  1960  3340  3290  4700  3850  4850  7200  4040  4760  4090  3500          
DLP38A  1970  4250  4280  4740  4230  5110  5970  4950  5170  6020  6180          
DLP38A  1980  4120  4750  5670  7850  9620  9280 10420  6930  6930  5450          
DLP38A  1990  4460  3350  3490  3560  3110  3110  3510  3350  2810  2380          
DLP38A  2000  1300  1990  1830  2280  2570  4310  3150  3220  3780  3240          
DLP38A  2010  3480  5910  2280  1830  1760  1870  2280  2560  2380 -9999          
DLP38B  1955  5710  5050  5410  6540  4090                                        
DLP38B  1960  5800  5950  8530  7350  5000  3450  2540  4040  2800  3520          
DLP38B  1970  3420  3290  3280  3150  3580  4080  1760  2220  2770  4250          
DLP38B  1980  3450  2740  2650  3580  4610  6670  7620  5280  3210  2150          
DLP38B  1990  2340  2330  1830  1790  2110  2470  2680  2960  2870  2700          
DLP38B  2000   920  1240  1500  2420  2950  2430  2310  2720  2970  3260          
DLP38B  2010  3150  5320  3210  2420  2650  1890  1520  1540  1340 -9999          
DLP40A  1891  7240  5680 11820 16310 11340  9780 10520  9780  8570                
DLP40A  1900  6440  4800  4120  3530  2810  2970  3320  3490  3480  4920          
DLP40A  1910  4170  3990  4420  3870  4250  3390  2760  3070  2990  3400          
DLP40A  1920  4720  3750  3780  4370  3330  3650  2650  3060  2800  3440          
DLP40A  1930  2760  2480  3640  3010  2240  2270  2470  3180  3170  2860          
DLP40A  1940  3110  3480  3420  2170  2790  3050  2220  2440  2220  1970          
DLP40A  1950  2050  1960  2550  2160  1840  2100  1760  2310  1930  1380          
DLP40A  1960  1160  1610  1830  1600  1540  2160  1470  1900  1880  1570          
DLP40A  1970  2140  2040  1950  2040  1970  2150  1500  1500  2200  2130          
DLP40A  1980  1970  1790  1920  2550  3160  3310  2740  1730  1750  1780          
DLP40A  1990  1800  1900  1930  1990  2040  2010  2230  2820  2670  2330          
DLP40A  2000  1700  1930  1700  1980  1990  1980  2170  2030  2300  2590          
DLP40A  2010  2280  3230  2480  1930  1990  1700  2260  2250  1980 -9999          
DLP40B  1893 10490  9760  8930  9510  8250  9320  7500                            
DLP40B  1900  6770  4640  3100  2870  2480  3090  4190  3550  3610  4400          
DLP40B  1910  4860  4810  5010  4180  4110  3850  2820  3800  3140  3090          
DLP40B  1920  4290  3640  3760  4090  3220  3230  2920  3270  2830  3160          
DLP40B  1930  2400  2200  3320  2530  2260  2770  2370  2620  2490  2090          
DLP40B  1940  2050  2370  2970  2690  2530  2610  1830  2260  2040  1590          
DLP40B  1950  1490  1750  2120  2050  2040  1840  1660  2370  1810  1490          
DLP40B  1960  1270  1510  1990  1480  1570  1730  1180  1370  1280  1340          
DLP40B  1970  1680  1760  1630  2050  1700  1910  1080  1400  1950  2020          
DLP40B  1980  1730  2050  1880  2160  3340  2920  2710  1800  1950  1700          
DLP40B  1990  1950  1810  1850  1830  1420  1740  1810  2120  2380  2040          
DLP40B  2000  1640  1770  2050  2020  2080  2150  2040  1760  2030  2040          
DLP40B  2010  2030  2950  2550  1880  1710  2120  1950  1820  2170 -9999          
DLP41A  1879  3260                                                                
DLP41A  1880  4810  4920  3380  5120  7560 10440 14250 11990  7340  8630          
DLP41A  1890  7790  5090  3110  2160  2620  2620  2370  2380  2200  2010          
DLP41A  1900  2130  1880  1260  1400  1740  1940  2480  2460  3130  2990          
DLP41A  1910  2520  2640  2690  2420  2770  2620  2820  3750  3500  3010          
DLP41A  1920  3490  3140  3310  2710  1980  1740  1760  1780  1480  1720          
DLP41A  1930  1100  1230  1770  1370  1340  1390  1470  1510  1240   950          
DLP41A  1940  1090  1360  1390  1270  1290  1250   920  1030  1030   850          
DLP41A  1950   860   930   830   590   870   680   750   840   830   530          
DLP41A  1960   720   700   810   620   770   790   660   830   790   730          
DLP41A  1970  1210  1140  1020   970   570   970   210   730   920   880          
DLP41A  1980   990   740   680   750  1110  2340  1420  1200  1160   880          
DLP41A  1990   780   790   780   910  1010   790  1130  1160  1480  1340          
DLP41A  2000   410   440   650   770   610  1010  1090  1220  1430   970          
DLP41A  2010  1370  1780  1550  1570   720  1300  1310  1420  1490 -9999          
DLP41B  1961  1400  1290   710  1030  1130   870  1040  1090  1000                
DLP41B  1970  1620  1380  1460  1320   870   880   300   790  1140  1160          
DLP41B  1980  1060   920   970  1260  1760  1560  1580  1480  1480  1160          
DLP41B  1990  1140   960  1220   930  1080   910  1130  1000  1200  1200          
DLP41B  2000   630   310   810   810   840  1270  1030  1080  1200  1110          
DLP41B  2010  1010  1770  1080   940   750  1810  1140  1150  1340 -9999          
DLP42B  1918  6900  5900                                                          
DLP42B  1920  6510  6420  5520  7800  4830  3710  2850  2460  1880  1710          
DLP42B  1930  1230  1800  2050  1670  1260  2230  2470  1840  1620   930          
DLP42B  1940  1200  1150  1220  1370  1710  1220   920  1090  1240  1450          
DLP42B  1950  1410  1460  1450  1700  1690  1150  1210  1480  1500  1130          
DLP42B  1960  1090  1150   910   860  1320  1390   960  1270  1220  1200          
DLP42B  1970  1700  1590  1310  1580  1250  1490   930   840  1530  1440          
DLP42B  1980  1420   980  1360  2030  2240  1940  1780  1290  1280   810          
DLP42B  1990  1300   760   830  1160  1010  1360  1370  1580  1980  1460          
DLP42B  2000   920   840   940  1390  1100  1490  1440  1060  1470  1340          
DLP42B  2010  1180  1810  1110  1290  1190  1430  1710  1210  1260 -9999          
DLP42A  1916  7230  7840  6480  5340                                              
DLP42A  1920  7770  7340  6490  6050  4060  4710  3910  3580  2980  2790          
DLP42A  1930  2240  2340  3150  2800  1860  2420  3450  3210  2630  1310          
DLP42A  1940  2130  2250  2110  2030  2260  2210  1260  2040  2230  2090          
DLP42A  1950  2230  2190  2400  2200  2370  1990  2180  2640  2510  1790          
DLP42A  1960  2010  2230  2290  1740  2170  1870  1540  2020  1730  1390          
DLP42A  1970  2300  2220  1870  1870  1810  1890  1280  1290  2150  2060          
DLP42A  1980  2200  1900  2030  2260  2800  2320  2040  1520  1270  1000          
DLP42A  1990  1360  1050  1280  1660  1430  1640  1680  1430  1600  1670          
DLP42A  2000   990  1030  1140  1440  1140  1270  1170  1130  1410  1180          
DLP42A  2010  1360  2220  1310  1600  1110  1340  1660  1390  1770 -9999          
DLP43A  1920  6160  8220  7390  8890  7090  5670  3560  3880  3900  3800          
DLP43A  1930  2240  3290  3970  2520  2200  3890  4010  4900  3550  3130          
DLP43A  1940  3390  2020  1850  1440  2340  2950  2310  3180  3470  2450          
DLP43A  1950  2210  2980  3020  2550  3000  3680  4200  3690  3310  1940          
DLP43A  1960  3860  3650  4200  4820  5480  5820  4040  4510  4110  4460          
DLP43A  1970  4030  3720  3650  3480  3010  2200  1420  1910  3920  3780          
DLP43A  1980  3210  2390  2550  3490  4110  4860  3040  1910  1950  1720          
DLP43A  1990  2150  2580  2940  2970  2410  2940  3090  3470  3340  3350          
DLP43A  2000  2190  2260  1780  2880  2400  2750  1920  1970  2240  2910          
DLP43A  2010  2470  3420  1820  2220  2460  1240  1760  1820  1970 -9999          
DLP43B  1938  3230  3210                                                          
DLP43B  1940  2410  1820  1890  1710  2670  2870  1690  3080  3370  2500          
DLP43B  1950  2040  2610  2960  2790  3010  2610  2310  3030  1370  1210          
DLP43B  1960  2760  2780  2230  1850  2340  4090  2370  2900  3300  3460          
DLP43B  1970  2990  3230  3160  2780  2070  1930  1600  1400  2110  1930          
DLP43B  1980  1480  1180  2230  2960  4130  4110  2890  1890  1690  1630          
DLP43B  1990  1900  3070  2810  3230  2810  2850  2900  3050  3000  2420          
DLP43B  2000  1170  1390  1110  1940  1350  2590  2470  2420  2690  3090          
DLP43B  2010  3210  3840  1650  2300  2860  1870  2750  3130  2850 -9999          
DLP44A  1998  5790  3820                                                          
DLP44A  2000  2500  1250  2920  4890  3940  5900  7370  7210  9190 11210          
DLP44A  2010 10190  8710  7190  6680  8020  3980  6510  4400  2680 -9999          
DLP44B  1997  4590  5470  3690                                                    
DLP44B  2000  2330   930  2710  3550  3610  5890  7020  5580  8410  8450          
DLP44B  2010  7880  7730  8050  6820  8570  2690  4500  4320  2980 -9999          
DLP45A  1994  1200  1780  2880  4350  5390  4990                                  
DLP45A  2000  2580   390   940  2040  1870  4020  4660  4900  3700  5220          
DLP45A  2010  6160 10380  3560  4320  3650  3430  5000  3830  3220 -9999          
DLP45B  1993  1390  1470  1690  2580  4550  5390  5550                            
DLP45B  2000  2790   400   800  2130  1810  3800  3600  2360  3000  6160          
DLP45B  2010  6700 10900  4660  5210  4050  2470  2800  2910  2660 -9999          
DLP46A  1907  3260  2980  3990                                                    
DLP46A  1910  2180  4870  5450  4560  5330  4610  4130  5390  6000  6210          
DLP46A  1920  6440  5790  4910  4810  8110 12150 10580  8390  5490  5190          
DLP46A  1930  5530  7510  8120  5230  3300  3130  2900  4590  4680  3030          
DLP46A  1940  2870  2430  3320  3610  2800  3940  2270  3060  3070  2250          
DLP46A  1950  1980  2160  1680  2190  2260  2320  2890  4660  3890  2080          
DLP46A  1960  1860  2720  3260  3340  3390  3520  1910  2210  2010  1480          
DLP46A  1970  2230  2120  1830  1870  1710  2080  1050  1430  2570  3180          
DLP46A  1980  2680  2440  3550  4350  5800  4780  3330  2860  2380  2050          
DLP46A  1990  2010  2090  2020  2150  1550  1760  1890  2090  1890  1860          
DLP46A  2000   930   520  1140  1550  1020  1590  1430  1450  1980  1500          
DLP46A  2010  2100  3040  1530  2220  2180  1360  2050  1890  2090 -9999          
DLP46B  1914  5510  5540  5420  7810  7090  9690                                  
DLP46B  1920  9700  8370  6300  3990  3740  6060  6680  6830  6270  5820          
DLP46B  1930  2920  2370  3020  2620  2360  4930  5150  5290  5810  4090          
DLP46B  1940  3630  2860  3460  2690  3020  4030  2420  3880  3360  2600          
DLP46B  1950  2850  2800  2340  2580  2810  2510  2570  3950  3800  2560          
DLP46B  1960  2400  2790  3170  2660  3460  4120  4290  4260  3430  3150          
DLP46B  1970  3800  3120  2820  2470  2420  2300   950  2170  2760  3220          
DLP46B  1980  3360  3080  3280  3620  4730  3660  3270  2050  1900  1900          
DLP46B  1990  1780  1980  1890  2190  2220  2640  3220  3780  3350  2750          
DLP46B  2000  1840   760  2110  2760  1890  2370  2040  2320  2470  2450          
DLP46B  2010  2460  3770  2430  2210  2320  1850  2740  1690  2100 -9999          
DLP47A  1910  4890  4370  4720  2220  4070  3810  2570  3390  3400  5090          
DLP47A  1920  4670  2200  2650  3300  3760  3050  2790  2390  1670  2640          
DLP47A  1930   920  1790  1550   570   430  1290  1110  2180  1720   850          
DLP47A  1940  2170  2200  2170  1550  1430  1830  1350  1980  1600  1100          
DLP47A  1950  1480  1540  1430  1350  1130  1430   980  2550  2000   830          
DLP47A  1960  1080  1540  1830  1640   690  1220   630   800   630   560          
DLP47A  1970  1150  1360  1810  1460   950   970   410   510  1140  1140          
DLP47A  1980   640   680   980  1170  1650  1330  1710  1540  2030  1850          
DLP47A  1990  2040  2180  1670  2010  1660  1980  2260  2120  1890  1880          
DLP47A  2000   640   390   840  1120   940  1400  1260  1310  1270  1350          
DLP47A  2010  1200  2300  1120  1560  1010  1340  2020  2110  2190 -9999          
DLP47B  1900  2120  1000  1560  2840  2790  2310   930  2140  1830  4700          
DLP47B  1910  4700  3240  6900  1600  4330  4590  3110  4970  4980  6000          
DLP47B  1920  5570  3950  4570  3420  3790  3190  2800  2520  2250  2330          
DLP47B  1930  1350  1100  1860   970   780  1790  2340  1910  1320   760          
DLP47B  1940  1480  1970  2290  2280  1570  2190  1000  1550  1170   600          
DLP47B  1950   900  1050   910   950   920   970  1040  2660  1920   680          
DLP47B  1960  1200  1720  2030  1570   990  1180   570   870   740   510          
DLP47B  1970  1150  1200  1460  1360   570   750   440   500  1030  1180          
DLP47B  1980   960   590   960  1240  1510  1540  1680  1420  1930  1920          
DLP47B  1990  1780  1650  1320  1550  1530  1270  1930  1520  1300  1380          
DLP47B  2000   290    80   580  1040   980  1270  1160  1170  1290  1460          
DLP47B  2010  1440  2460  1270  1470   950  1200  1870  2290  1760 -9999          
DLP48A  1899   970                                                                
DLP48A  1900  1480  1180  1170  1210   830   940   950   990  1240  3910          
DLP48A  1910  2650  3300  3780  2990  4290  3180  3050  3380  2600  3150          
DLP48A  1920  4910  3410  3460  4360  3660  3630  2950  2940  2370  2910          
DLP48A  1930  1470  1290  1580   520   990  2230  1910  1840  1510  1080          
DLP48A  1940  2040  2590  1880  1810  1990  2070  1180  1820  1320   780          
DLP48A  1950   640  1370  1400  1290  1230  1090  1510  1700  1510  1090          
DLP48A  1960   900  1340  1560  1600  1020  2370  1590  2000  2130  1810          
DLP48A  1970  2150  1710  1850  1530   650   710   400  1030  1640  2480          
DLP48A  1980  1840   860  2260  2230  3830  3090  2670  2430  2430  3010          
DLP48A  1990  2000  1910  1990  2030  2230  1880  1880  2090  1600  1450          
DLP48A  2000   460   140   930  2130  2660  2860  2520  2680  2420  2210          
DLP48A  2010  1950  2480  1450  1630  1980  2220  2830  2920  2590 -9999          
DLP48B  1902  1270  1190   990  1040  1030  1150  1300  4560                      
DLP48B  1910  2620  3140  4390  2960  4360  4010  2790  3070  2000  3610          
DLP48B  1920  4070  2550  3750  4240  3850  3830  3420  2870  1720  1350          
DLP48B  1930  1070  1420  1440   400  1100  1620  2300  2300  1610  1120          
DLP48B  1940  1920  3150  3050  2150  2010  1950  1480  1980  1570  1100          
DLP48B  1950   940  1470  1540  1400  1180  1100  1640  2420  2450  2090          
DLP48B  1960  2390  3100  2330  1950  1560  1650  1020  1910  2550  2910          
DLP48B  1970  2990  2190  2640  1940  1190  1350   660  1150  2050  2690          
DLP48B  1980  2680  2390  1490  2530  2290  3870  5720  2080  2750  2400          
DLP48B  1990  1930  2310  2770  2940  3000  2880  2590  2410  1940  1860          
DLP48B  2000   600   330   870  1380  1680  1980  2030  2090  2010  2870          
DLP48B  2010  2880  3520  2140  1510  1240  1850  2160  1950  1970 -9999          
DLP49A  1923  4910  3080  1860  1740  2170  2050  4130                            
DLP49A  1930  4050  3910  4990  3630  4140  6300  7050  6260  3400  3110          
DLP49A  1940  2760  2160  1430  1250  1710  2020  1950  2830  2700  1850          
DLP49A  1950  2830  3460  3790  5540  7550  7550  4590  4250  3040  3570          
DLP49A  1960  5880  7320  7140  5820  4060  4260  2700  3470  3150  3430          
DLP49A  1970  2540  2380  3080  3300  3020  2980  2680  2680  4260  4390          
DLP49A  1980  6480  5030  4690  4210  4430  4250  3130  3350  3550  3330          
DLP49A  1990  3530  3100  2640  3630  3200  2630  2530  3320  2940  2520          
DLP49A  2000  1360  1850  1740  2050  2360  2620  2190  2240  2700  2890          
DLP49A  2010  2320  2530  2050  2220  2590   970  2230  2030  2550 -9999          
DLP49B  1923  5800  2750  1690  1660  2950  2150  2850                            
DLP49B  1930  3630  3710  5030  4270  4760  5900  6670  6300  4950  4160          
DLP49B  1940  2710  2150  1670  1410  2130  2120  1500  2670  2840  2700          
DLP49B  1950  3730  3690  3760  4280  4940  5400  5200  5510  6190  5780          
DLP49B  1960  7410  6280  7040  7040  5190  6020  3840  3440  2950  4950          
DLP49B  1970  4150  3540  3760  4100  4070  3490  2500  2360  3270  3420          
DLP49B  1980  4040  3140  3040  2580  3680  3780  3060  2610  3470  3730          
DLP49B  1990  3070  2020  2540  3060  2300  1720  1980  1910  2000  2360          
DLP49B  2000  1350  1720  1830  2090  1950  2240  1640  1850  2320  2430          
DLP49B  2010  2200  2700  1620  1830  1400   900  1660  1710  1570 -9999          
DLP50A  2003  7410  5560  5890  6080  6730  7370  9530                            
DLP50A  2010  6420  6110  3270  4900  5580  2510  2840  2200  1390 -9999          
DLP50B  1997  5530  6960  6320                                                    
DLP50B  2000  6090  2640  4730  8060  6610  5580  5230  6610  5960  5580          
DLP50B  2010  5870  6990  3650  3560  4790  2390  2960  2590  1360 -9999                   