ILP01S2A1983 18221 19854 18134 21447 10793 10935 11746                            
ILP01S2A1990  5716  1859  1590  1167   765   563   773   727  1190  1450          
ILP01S2A2000  3564  4118  4238  4157  3573  3147  1916  1866  1320  1143          
ILP01S2A2010  1613  2940  3017  3412  2946  3013  3485  4863  5019 -9999 
ILP01S2B1976  5544  7323  6019  8020                                              
ILP01S2B1980  8872 10467 10462 12586  9170 11063 11753  6537  4580  2930          
ILP01S2B1990  1972   719   711   489   739  1099   784  1107  2142  2594          
ILP01S2B2000  3748  2819  2713  2902  3633  3815  1545  2157  2212  2257          
ILP01S2B2010  2971  5027  2554  2407  1897  1218  1254  1890  2141 -9999          
ILP02A  1924 17880 14920 13540 12670  9370  8430                                  
ILP02A  1930  8640  5600  4690  2940  3470  7930  5760  6010  7620  7900          
ILP02A  1940  6260  9030  6220  5380  3980  2320  2600  4700  6070  3710          
ILP02A  1950  3420  6510  9470 12650  9520 11940  7030  6150  6710 11100          
ILP02A  1960  4780  6960  7740  3220  5090  4590  3180  4280  5160  6360          
ILP02A  1970  6120  6880  6020  7320  7550  5640  4480  3430  4120  3640          
ILP02A  1980  3750  3710  3760  3540  4060  5390  5850  4310  3080  3250          
ILP02A  1990  3350  3610  2380  2290  2160  2990  2960  2960  3170  3920          
ILP02A  2000  4730  4390  3160  3990  4090  3830  3750  4530  3750  3560          
ILP02A  2010  2760  2810  3270  3900  3850  3300  3690  4300  4130 -9999          
ILP02BA 1955 15130  8030  7690  7050  5030                                        
ILP02BA 1960  4220  4750  4020  2200  4040  3260  2140  3870  3300  4930          
ILP02BA 1970  5080  6090  4770  3970  3920  4630  4800  3670  3760  3870          
ILP02BA 1980  3430  3460  4240  4990  4660  4050  4220  4150  4120  3990          
ILP02BA 1990  3720  3360  2500  2890  2850  3340  3670  4050  4210  4790          
ILP02BA 2000  5830  4780  3760  4740  5000  4550  4170  4860  4640  4860          
ILP02BA 2010  4550  4630  4380  4520  3640  2830  3950  4200  3820 -9999          
ILP02BB 1922 31890 16290  6900  5860  7660  4950  5530  4170                      
ILP02BB 1930  4580  3910  4290  2520  2180  2920  3510  2990 11560  6790          
ILP02BB 1940  4770  4270  4640  6800  3630  2250  4410  2920  4610  4290          
ILP02BB 1950  3310  5630 -9999                                                    
ILP03A  1927 16400 10160 11170                                                    
ILP03A  1930  8470  5100  6080  5630  7470  5210  7570  5340  5600  3870          
ILP03A  1940  4340  4710  5120  6600  4760  3440  7250  8190  4690  3780          
ILP03A  1950  5260  4560  8340 11630 12400  6320  5910  3570  5970  4740          
ILP03A  1960  3220  4510  5310  3990  3700  2660  2250  3690  4560  4890          
ILP03A  1970  3120  5840  4010  3800  3160  3160  6340  3840  4050  4840          
ILP03A  1980  4030  2570  4210  5060  3810  2630  3430  2560  2190  2420          
ILP03A  1990  2140  2200  3390  3840  4270  3800  2980  3730  5200  7900          
ILP03A  2000  5350  3940  2420  2990  2510  3270  3110  3460  2940  2870          
ILP03A  2010  2850  4120  2800  2510  3400  2230  3890  4260  3200 -9999          
ILP03B  1926 13780 11180  7950 10270                                              
ILP03B  1930 10990 10640 10420  4700  4830  4790  8870  5560  5400  6010          
ILP03B  1940  4460  4460  4350  5110  4640  9110  5770  5120  4370  4340          
ILP03B  1950  5180  6630 10510 10570 12130 13620  9850  6270  6340  6320          
ILP03B  1960  5950  8830  9350  5190  5080  5510  4280  4210  4170  5960          
ILP03B  1970  5310  5690  7770  6720  6820  6420  8630  6900  6100  5420          
ILP03B  1980  3930  5000  5240  8110  7960  6170  8270  4460  3880  3160          
ILP03B  1990  2970  2720  3940  3460  4160  4220  3380  4420  3710  3730          
ILP03B  2000  3270  3860  2450  4280  5380  4690  3720  3830  2950  4820          
ILP03B  2010  4070  4650  3150  2640  3930  2670  3150  2780  2850 -9999          
ILP04A  1978  5060  8290                                                          
ILP04A  1980 11450  8450 12990  8020 10350  7340  9360  9380  7640  6140          
ILP04A  1990  7520  9250  8500  6710  7710  8630  6920  9030 10510 11080          
ILP04A  2000 10900  8460  6200  6830  6240  5800  5190  5880  5250  5030          
ILP04A  2010  5130  5280  3780  4460  4320  2840  3380  3110  2940 -9999          
ILP04B  1981 22450 12660 11420  8120  4550  4760  5750  3910  3970                
ILP04B  1990  5150  4840  5460  5190  5090  6350  6540  5630  5740  6940          
ILP04B  2000 10070  6270  5860  5930  5070  5390  6260  6660  3970  5190          
ILP04B  2010  5770  5590  5850  4380  4110  3630  4580  5810  5630 -9999          
ILP05A  1930  7900 13110 10690 11030  7740  9630  7160  8810  7400  7530          
ILP05A  1940  9310  9560  8440  6330  7230  5970  6510  4720  7380  5670          
ILP05A  1950  4380  4310  4430  4830  5530  6880  6130  4370  3220  2980          
ILP05A  1960  2820  3320  2400  3690  1810  2040  1820  1920  2890  3310          
ILP05A  1970  3540  3010  3380  4250  3400  2860  3920  6000  6160  6780          
ILP05A  1980  6710  6650  5550 11180  4610  4010  4890  5680  5240  5070          
ILP05A  1990  3670  2890  2890  2360  2010  4230  4120  4990  4720  3830          
ILP05A  2000  4620  4250  3750  4160  4390  3590  3330  4660  4380  4000          
ILP05A  2010  3730  3530  2620  3110  4200  3800  3940  3690  3330 -9999          
ILP05B  1935  6350  8080  7840  8810 10830                                        
ILP05B  1940 11400 10800  9820  9880  8500  7730  7240  8170  8140  6420          
ILP05B  1950  5860  4680  4720  5440  5980  6960  4970  2760  2210  1600          
ILP05B  1960  2460  1850  3410  2070  1930  2550  1730  3920  4160  5020          
ILP05B  1970  3690  2950  3140  1560  1530  1380  3190  5380  9050  8730          
ILP05B  1980  6860  5150  4380  6080  6330  4930  4320  4040  2850  3660          
ILP05B  1990  3610  2910  2360  2590  2500  3180  2740  2840  3780  4270          
ILP05B  2000  4910  3980  2470  3080  2900  3340  2450  2450  2570  2360          
ILP05B  2010  2110  2110  2150  2370  2490  2130  2360  2340  2260 -9999          
ILP06A  1981  5380  9040  9720 10230 10790 12150  8560  7220  7730                
ILP06A  1990  6750  8130  7290  3460  3350  3740  4590  8010  5850  4430          
ILP06A  2000  4110  3080  2940  3800  4880  4010  3240  3980  3050  3990          
ILP06A  2010  4230  4530  3080  2320  3200  1910  4220  3350  2520 -9999          
ILP06B  1980  8360  7010 10430  8570  9890 10510 13650  7510  7230 10010          
ILP06B  1990 14250 11890  8230  7540  8870  7020  7680  7880  6600  5940          
ILP06B  2000  7250  8700  6150  6970  7770  7290  5870  6930  7450  7690          
ILP06B  2010  6640  6160  5390  4820  5580  5760  6860  5960  5320 -9999          
ILP07A  1888  1230   800                                                          
ILP07A  1890  1790  1520  1750  1910  3360  3270  2760  3140  3600  5210          
ILP07A  1900  3070  2580  1220  1660  1780  1470  1330  1910  1870  3950          
ILP07A  1910  4510  5630  5170  3030  2350  1410  1610  3020  2790  2190          
ILP07A  1920  4020  5030  4210  4600  3320  3090  3360  3940  3290  3030          
ILP07A  1930  2120  1340  1780  1670   880  1950  2460  2890  3000  1880          
ILP07A  1940  1360  1800  2250  2680  2140  2300  1630  2060  1900  2320          
ILP07A  1950  2080  2200  2660  2080  1490  1470  2370  3200  2970  1630          
ILP07A  1960  1500  1020  1260  1410  1780  2590  2300  2480  2410  2500          
ILP07A  1970  2930  2290  1560  1730  2370  1790  1480   930  1650  1450          
ILP07A  1980  1720  1080  1390  2620  3480  3430  5390  2380  1990  1240          
ILP07A  1990  1180  1260  1180  2410  2140  3030  3600  4450  4700  4090          
ILP07A  2000  2790  2450  1490  1900  1880  2670  2690  2120  2000  2230          
ILP07A  2010  2280  3280  2110  2010  2210  2700  3680  3020  1470 -9999          
ILP07B  1900  4770  3780  1780  2210  2480  1670  1580  1660  1440  3560          
ILP07B  1910  4590  5600  5200  3000  2290  1600  1460  2810  3620  2650          
ILP07B  1920  3940  4600  5030  5770  4000  4180  3440  4570  4590  3710          
ILP07B  1930  2140  1150  2460  2050   750  1600  2560  2710  2760  1720          
ILP07B  1940  1270  1400  1750  2160  1980  2490  1580  1950  1940  2200          
ILP07B  1950  2110  1970  2460  1910  1110  1140  1550  2740  2810  2100          
ILP07B  1960  1460  1360  2640  1700  2310  2910  2390  2950  2940  2640          
ILP07B  1970  2480  2100  1440  1550  1880  1740  1570   900  1440  1580          
ILP07B  1980  1590  1530  1360  3500  4680  3680  4860  2730  2060  1200          
ILP07B  1990  1080  1150  1470  1960  2040  6890  7760  5640  4440  4150          
ILP07B  2000  3410  3200  1820  2590  1910  3430  2950  2460  2820  2820          
ILP07B  2010  2580  4070  1550  1370  1960  2220  2820  2690  1440 -9999 
ILP08A  1798  2135   947                                                          
ILP08A  1800   819  2084  1615   728   689   516   875  1415  1031   383          
ILP08A  1810  1931  1170   790   759   966   432   541  1119   635   745          
ILP08A  1820   305   673   576   372   481   579  1333   532  1027  2295          
ILP08A  1830  1645  1105   515   698   403   459   700   430   695  1343          
ILP08A  1840  1088  1504   746   418  1368  1657  1893   831  1219  1003          
ILP08A  1850   715  1365  1372  1523   490   442  2058  1606  1043   733          
ILP08A  1860   398   998   838   294  1192  1615  1848  1026   932  1422          
ILP08A  1870  1257   988   402   586  1158  1055  1111  1215  1280   971          
ILP08A  1880   664   896   962  1182   247   386  1757  1298   682  1372          
ILP08A  1890  1021  1134  1308  1241  1152  1003   772   482   622   807          
ILP08A  1900  1002  1000  2888  1777  1668  1646  1318  1398  1402  1947          
ILP08A  1910  1432  1882  2441  1775  1669   989   864  1127   799  1959          
ILP08A  1920  1135  1526  1555  1176   899  1471  1787  1271  1896  1372          
ILP08A  1930  2063  1499  2183  1154  1898  1799  2210  1349   918  1055          
ILP08A  1940   923  1290  1518   825  1449  1979  2878  1971  1323   578          
ILP08A  1950   889  1029  1184  1630  1871  1333  1310  1160  1140   760          
ILP08A  1960   838   902  1193  1525   967   937  2754  2035  1554  1925          
ILP08A  1970  1542  1281   785  1486  1391  2057  2110  1538  1881  1512          
ILP08A  1980  2706  2239  3072  2976  2916  1863  1386  1776  1645  1255          
ILP08A  1990  1880  2320  1855  2864  2627  3580  2540  2782  1592  1076          
ILP08A  2000  1074   426   928   897   950  1749  1336   979  2141  2666          
ILP08A  2010  1799  2762  1404  1520  1341  1974  1988  1613  1091 -9999          
ILP08B  1942  6200  4429   393  2009  1463  2534  1179  1115                      
ILP08B  1950  1356  1513  2266  4029  2566   538  1536  1433  1377  1751          
ILP08B  1960  1678  1322  2566  2320  3919  3627  2113  1321  1906  1555          
ILP08B  1970  1608  2227  2786  2842  1427  1459  1317  3425  3091  1898          
ILP08B  1980  1965  2023  2862  3190  1678  1618  3384  2375  1689  1397          
ILP08B  1990  1953  2374  1088  3068  2823  3629  2878  3770  2871  3503          
ILP08B  2000  2243  2608  1495  2999  1592   626  1796  2959  3212  3499          
ILP08B  2010  2828  5635  2923  1523  1900  3351  3032  2103  1245 -9999             
ILP09A  1875  5480  9340  8410  9140  5370                                        
ILP09A  1880  6470  9190  6330  4540  4910  5000  4730  5630  7170  5830          
ILP09A  1890  6920  5700  5170  4970  5130  5170  4750  4240  5810  5400          
ILP09A  1900  2460  4900  5520  6160  7340  5170  4670  4440  3110  5560          
ILP09A  1910  3230  5810  3790  5320  3330  3820  2740  3350  2870  3170          
ILP09A  1920  2800  4290  2220  3760  3710  3330  4440  4490  4550  4390          
ILP09A  1930  5420  4740  4490  2830  4570  4310  5700  5800  6610  5450          
ILP09A  1940  3640  4230  6060  3360  4080  5310  6770  5140  4960  4720          
ILP09A  1950  3690  2860  2360  1630  2500  2680  2720  2060  2510  2040          
ILP09A  1960  1970  1360  1910  1500  1970  2230  2090  2380  2400  1900          
ILP09A  1970  1930  1780  1700  1940  1780  2210  2240  2220  2800  2740          
ILP09A  1980  2430  2360  2590  2740  4310  2850  3810  2370  1560  1400          
ILP09A  1990  2270  2420  2590  1570  1840  2650  3010  2690  2000  2760          
ILP09A  2000  1670  2220  1370  1600  2030  2380  2220  4030  1890  1830          
ILP09A  2010  1960  1820  1680  1700  2630  1480  2980  2250  1470 -9999          
ILP09B  1904  3900  5020  4270  8510  8680  8840                                  
ILP09B  1910  7190  7670  7310  6950  8110  5260  6530  4500  5220  3090          
ILP09B  1920  7650  5520  2920  2890  5610  2930  5070  6390  3720  2840          
ILP09B  1930  6380  3780  4190  3370  2810  4640  5380  5440  3980  3250          
ILP09B  1940  5000  5550  3890  1710  4980  4770  5350  4960  3290  3740          
ILP09B  1950  3960  2370  2660  1780  2150  3040  4130  3160  2770  1680          
ILP09B  1960  2400  2040  2580  1470  1630  2650  2630  3400  3220  2830          
ILP09B  1970  2330  1830  2040  2580  3270  3100  3530  2650  2680  2010          
ILP09B  1980  2610  2410  4650  3770  3960  2330  3540  2980  3470  2810          
ILP09B  1990  3220  2850  2950  2700  2470  3050  3000  2590  2960  2840          
ILP09B  2000  2240  2720  2080  3810  4170  3180  2890  3560  2290  4650          
ILP09B  2010 -9999                                                                
ILP09B1 1843  1980  1730  1590  2490  3220  3300  1670                            
ILP09B1 1850  1670   690   480  1470  2000  2900  3390  2120  3220  2130          
ILP09B1 1860  2240  2280  5060  5200  5800  7870  6340  5920  7660  5730          
ILP09B1 1870  6840  5910 10590  5930  6770  5970  6850  5930  6410  4320          
ILP09B1 1880  5360  8750  5920  6360  5220  4270  4970  5000  4700  3640          
ILP09B1 1890  4850  4070  4470  5030  5330  3940  3520 -9999                      
ILP10A  1899 18640                                                                
ILP10A  1900 10490  9820  7150  7650  8340  4080  5050  6020  6010 10730          
ILP10A  1910 10290  7270  5870  6770  6990  4130  7270  7400  9100  6130          
ILP10A  1920  3340  6160  5910  5600  3840  4010  5960  6090  5180  4390          
ILP10A  1930  2930  1800  3210  2450  2090  2080  2720  3380  3630  3750          
ILP10A  1940  2870  3480  2970  1310  2590  1740  2370  2550  1540  2080          
ILP10A  1950  1760  1220  1510  1640  1380  1650  2630  1530  1520  1000          
ILP10A  1960  1100   970   770   480   590   520   830  1310  1130  1230          
ILP10A  1970  1450  1430  1240  1460  1420  1340  1050  1360  1770  1250          
ILP10A  1980   340   880   700  1450  1130  1570  1810   980  1570  1010          
ILP10A  1990  1540   480   770   730  1140  1340  1380   850  1570  1110          
ILP10A  2000   990  1320   670   790   510   970   770  1000   950  1090          
ILP10A  2010   800   440  1150   520   630   490  1150  1120   580 -9999          
ILP10B  1902  8860  9150  9820  6180  4870  5240  2200  6490                      
ILP10B  1910  4340  4130  4810  7280  9060  3520  6040  4590  5730  4240          
ILP10B  1920  3240  5190  4430  6320  6170  7880  6980  7910  7360  6190          
ILP10B  1930  6660  3370  5750  4190  2730  2690  3950  4530  6060  4930          
ILP10B  1940  5200  6290  5490  1480  4390  3050  3180  3150  1560  2400          
ILP10B  1950  2020  1930  2490  2800  2520  1490  2820  1220  1630  1070          
ILP10B  1960   850   570   450   260   310   700   940  1890  1560  1830          
ILP10B  1970  2060  1780  1400  1550  1540  2010  2110  1690  2490  2410          
ILP10B  1980   950  1140  1020  1920  1670  1670  1780   900  1220   670          
ILP10B  1990   810   660   840   760   770  1170  1480  1390  1890  1640          
ILP10B  2000  1140  1480   780  1040   770  1260   740  1310  1260  1390          
ILP10B  2010  1190   910  1040   450   680   760  1470  1340   680 -9999          
ILP10C  1899 10570                                                                
ILP10C  1900  7760  8280  7590  7200  8660  4820  4730  4730  2060  7360          
ILP10C  1910  4740  3330  4040  5430  7380  2840  6330  4170  5730  4760          
ILP10C  1920  3570  5670  4080  5780  5750  7020  6870  8260  7280  5150          
ILP10C  1930  6170  3170  5020  3290  2270  2220  2790  3790  5370  4460          
ILP10C  1940  3890  3840  3750   980  3560  2160  2520  2810  1610  2800          
ILP10C  1950  2290  1990  2530  2460  2470  2100  3050  1270  1850  1020          
ILP10C  1960   800   400   330   230   460   350   870  2020  1390  1770          
ILP10C  1970  2060  1760  1190  1580  1530  1860  2060  1600  2150  2070          
ILP10C  1980   770  1390   860  1830  1370  1600  1790   790  1440   950          
ILP10C  1990   780   630   770   870   860  1470  1880  1770  2250  2090          
ILP10C  2000  1490  1720   910  1230   660  1420   680  1290  1280  1280          
ILP10C  2010  1050   950  1280   600   990   820  1650  1580   700 -9999          
ILP11A  1850  3580  1170  4220  4190  3080  2000  4600  2660  1910  3560          
ILP11A  1860  3050  4730  4720  3320  3360  2820  2410  2010  2170  2550          
ILP11A  1870  4520  2790  5280  5350  5560  4220  2950  2730  5160  2330          
ILP11A  1880  3460  3670  2730  3170  4150  4290  3340  2910  1860  1640          
ILP11A  1890  2180  1600  1190  1310  1620  1920  1480  1540  1940  2300          
ILP11A  1900  1530  1730  1690  1970  2100  1720  1810  1340  2070  2360          
ILP11A  1910  1800  2260  2710  1880  2600  1860  1250  1270  1370  1300          
ILP11A  1920  1630  1930  1470  1200  1410  1560  1970  2320  2010  2180          
ILP11A  1930  2200  1920  2780  1710  1920  1840  1700  1730  1830  1570          
ILP11A  1940  1740  1860  1780  1610  1750  1710  1450  1920  1610  2260          
ILP11A  1950  2000  1380  1580  1220  1030   990  1120  1190  1110   950          
ILP11A  1960   960   950  1140   830   950  1140  1140  1760  1500  1360          
ILP11A  1970  1390   980  1150  1170   900  1020  1000   840  1090  1060          
ILP11A  1980   890   840  1000  1570  1510  1370  1790  1100   930   830          
ILP11A  1990   860  1050  1650  1400  1170  1700  1690  1350  1280  1190          
ILP11A  2000   760   900   740   820   630  1080  1090  1410  1690  1850          
ILP11A  2010  1010  1180  1130  1070  1520  1740  1800  2400  1730 -9999          
ILP11B  1844  4010  2650  2520  2550  2600  1720                                  
ILP11B  1850  1530   920  4010  3280  1880   900  2620  2080  1390  1740          
ILP11B  1860   920  2250  3750  4210  2400  2170  2300  1580  1870  2810          
ILP11B  1870  3960  3210  5140  4770  6170  5920  4380  2980  3560  1150          
ILP11B  1880  1730  2220  2360  2530  2510  2130  2130  2220  1520  1470          
ILP11B  1890  1710  1810  1380  1540  1400  1790  1380  1410  1810  2150          
ILP11B  1900  1970  2100  1850  2440  2480  1950  1650  1340  1790  1830          
ILP11B  1910  1310  1920  1890  1600  2080  1460  1080  1500  1750  1750          
ILP11B  1920  1880  2030  1260  1270  1300  1580  1710  1940  1760  1640          
ILP11B  1930  1600  1060  1730  1310  1350  1360  1530  1480  1700  1350          
ILP11B  1940  1430  1840  1520  1360  1560  1760  1690  1880  1790  2070          
ILP11B  1950  1580  1090  1070   430   680   650  1020   880   790   880          
ILP11B  1960   570   890   740   550   670   620   610   960  1540  1500          
ILP11B  1970  1720  1580  1440  1420  1230  1370  1240   930  1120  1120          
ILP11B  1980   930  1080  1200  1520  1240  1080  1380   830   700   520          
ILP11B  1990   420   430   690   670   750  1380  1670  1220  1390  1420          
ILP11B  2000   930   990   740   940  1110  1680  1550  2080  2360  2520          
ILP11B  2010  2230  2840  2040  2050  2840  2530  2620  2370  1720 -9999          
ILP12A  1935  2140  1790  3370  7260  4890                                        
ILP12A  1940  4150  6930 10080 13920  6380  5090  4380  8780  6880  9070          
ILP12A  1950 13560 15670  9670  4650  6320  4830  4740  3430  6470 10620          
ILP12A  1960 10670  5990  6980  3400  4390  3870  2890  2720  3090  2970          
ILP12A  1970  2780  3160  3650  3370  4100  3050  3570  2160  5410  5860          
ILP12A  1980  4390  3330  2940  3100  3740  4940  6390  4370  3390  1820          
ILP12A  1990  1440  1690  1890  1860  1840  2920  3330  4040  5810  3110          
ILP12A  2000  2460  3100  1190  1500  1410  1630  1720  2000  2090  2280          
ILP12A  2010  1740  2160  2170  2390  1840  1900  3420  5310  3390 -9999          
ILP12B  1938  3170  2880                                                          
ILP12B  1940  2260  4170  2970  6880  6950  4560  5350  5990  6490 10090          
ILP12B  1950 12690 11940  8200  5170  5030  9020 13960 12590  9740  6050          
ILP12B  1960  5990  5960  7240  3530  3630  3930  5670  6170  5790  7160          
ILP12B  1970  5350  4710  3780  3570  5860  3990  4090  2940  4070  4780          
ILP12B  1980  3840  3290  3760  3720  4150  6400  8010  4310  3300  1960          
ILP12B  1990  1470  1810  1380  1520  1650  1670  2660  3420  3090  2890          
ILP12B  2000  2710  2850  1530  1530  1220  1390  1970  2410  2380  3020          
ILP12B  2010  2960  3560  3080  2700  2900  2230  3080  4140  2660 -9999          
ILP13A  1818  1230  2350                                                          
ILP13A  1820  2020  1750  1380   880   720   450  1810  2320  5170  4440          
ILP13A  1830  3240  2260  1730  2340  1860  1900  1590   890   930  1250          
ILP13A  1840  2300  2820  1470  4200  3540  2780  4340  2700  3990  3490          
ILP13A  1850  2710  2450  4580  7520  7050  2950  3640  1910  1940  1310          
ILP13A  1860  1360  2920  8400  6310  3910  4460  4010  5680  5330  4620          
ILP13A  1870  3770  3540  6060  4580  4470  3360  2680  1630  1400  2020          
ILP13A  1880  2730  2730  2430  3090  5810  5100  2030  3350  1330  1460          
ILP13A  1890  2590  2290  1840  1760  2190  1630  1540  2210  2840  3940          
ILP13A  1900  3520  4050  3860  4510  5450  5700  5060  4380  2170  4710          
ILP13A  1910  5860  3870  3100  4090  6560  5220  5470  5610  5110  4570          
ILP13A  1920  3920  3910  5520  4910  4720  5950  7440  6010  5170  6140          
ILP13A  1930  5670  3610  3980  4900  4570  4690  7800  7700  7290  7790          
ILP13A  1940  7350  6620  5610  5240  5650  4710  4200  5190  4100  5100          
ILP13A  1950  6280  5020  4590  2250  1540  1430  2830  3150  2520  2110          
ILP13A  1960  1540  1270   820  1360  1070  1230   720  1570  1210  1320          
ILP13A  1970  1550  1380  1600  1740  1730  1590  1810  1410  1670  1350          
ILP13A  1980  1250  1540  1380  1820  2310  1830  2870  2050  1870  1480          
ILP13A  1990   570   850  1080   790   910  1510  2130  2190  2430  3240          
ILP13A  2000  1900  1930   940  1030  1080  1350  1060  1480  2220  1650          
ILP13A  2010  1230  1700  1680  2460  1730  2430  3530  3050     0 -9999          
ILP13B  1858  1520  1270                                                          
ILP13B  1860  1300  2990  7120  6790  3810  3770  3500  4470  3870  1670          
ILP13B  1870  2530  1750  4350  3010  2110  3260  3180  2910  2050  1710          
ILP13B  1880  1570  1100  1260  1410  4540  4080  3770  4570  1840  1820          
ILP13B  1890  1920  1960  2300  1890  2300  1960  1050  1560  2200  2860          
ILP13B  1900  2830  2840  2170  3520  3730  2120  2560  2780  2450  2910          
ILP13B  1910  3230  2810  2820  2630  4020  2480  3100  3570  2630  1750          
ILP13B  1920  3080  3990  4560  3730  2380  2940  3770  4180  4190  4750          
ILP13B  1930  3360  3330  4650  4000  3200  2930  3470  4150  4960  5700          
ILP13B  1940  4950  4930  4110  4290  4320  3970  5230  6110  4880  3580          
ILP13B  1950  3000  2920  3120  2340  2000  2830  3600  3970  2320  2040          
ILP13B  1960  2120  1750  1360  1720  1260  1720  1310  2430  2810  2760          
ILP13B  1970  2630  2530  1950  1770  1570  1700  1830  1250  1620  2200          
ILP13B  1980  2050  1790  2050  2440  2550  2120  2370  2120  1870  1870          
ILP13B  1990  1220  1180  1690  1120  1620  2630  2530  4280  3440  3040          
ILP13B  2000  1950  3240  1400  1590  2000  1570  3360  3120  2360  2110          
ILP13B  2010  2640  3370  2260  2760  3730  2090  3080  4740  3250 -9999          
ILP13B2 1833  2290  2260  1900  1400   850   780  1230                            
ILP13B2 1840  2060  2120  1210  4020  2880  2710  3510  2560  3660  3250          
ILP13B2 1850  2960  1880  6830  9060  3730  1670 -9999                            
ILP14A  1959  3230                                                                
ILP14A  1960  2570  2850  3750  1840  3640  3660  2790  3260  2560  3710          
ILP14A  1970  3750  4870  4510  4080  3440  4080  3780  2430  2260  3060          
ILP14A  1980  2660  1910  2810  4010  3470  4690  5150  3770  3480  2780          
ILP14A  1990  2910  3130  3440  3850  3860  4200  4470  5430  5040  5100          
ILP14A  2000  4680  4160  2420  2970  3200  5540  5540  4610  3130  3250          
ILP14A  2010  3150  3540  3980  3290  4200  3060  3880  3930  2910 -9999          
ILP14B  1960  3700  4190  4330  2300  3990  3280  4600  6220  5400  6290          
ILP14B  1970  6170  6390  4100  4290  4110  5220  5220  3760  3570  4200          
ILP14B  1980  3830  3310  6190  7090  5020  4360  5330  3850  3540  2660          
ILP14B  1990  2690  2680  2900  2580  2390  3740  4840  6870  5880  6030          
ILP14B  2000  5000  4650  2230  2690  2900  2540  2550  2720  4080  5520          
ILP14B  2010  4170  4230  4060  2730  2520  2850  5320  6820  4290 -9999          
ILP15A  1917  4410  8410  7930                                                    
ILP15A  1920 12680 13470 10450  9880  8920  6220  8550  5510  6120  5960          
ILP15A  1930  4780  3510  3890  2750  2810  4360  3570  4870  5190  4740          
ILP15A  1940  3610  3860  5190  3130  4960  3920  3220  4490  2840  4470          
ILP15A  1950  4270  4050  8030  7700  7120  5490  3610  4070  3960  2750          
ILP15A  1960  2820  2430  3100   300  3140  3120  3190  3030  1810  2510          
ILP15A  1970  3050  2340  2930  2960  2810  2760  2190  1440  2500  2320          
ILP15A  1980  1510  2110  3010  3240  2980  2240  3800  3100  2970  2930          
ILP15A  1990  2700  2630  2290  3360  2430  3560  3620  4190  4150  3420          
ILP15A  2000  3280  3600  3160  5220  6240  6090  3240  4620  4260  3000          
ILP15A  2010  4670  5740  4450  4950  4570  4870  5300  7480  5000 -9999          
ILP15B  1916 10690  7160  9600  6890                                              
ILP15B  1920  9680  7950  5620  8020  5650  4820  7630  4840  4780  4010          
ILP15B  1930  4430  3780  4090  3160  3020  4000  3880  3460  3170  5030          
ILP15B  1940  4250  5870  5210  2800  4540  3680  4060  5160  3230  4230          
ILP15B  1950  4580  3230  3460  2640  3960  1620  2210  2600  3000  2800          
ILP15B  1960  3330  2560  3520   800  3320  3400  3210  4350  3510  1650          
ILP15B  1970  3060  3700  3890  3090  3080  3010  3630  2950  2830  3360          
ILP15B  1980  2830  3080  3850  4530  5190  2660  5020  3360  2200  2540          
ILP15B  1990  2910  2180  3090  2310  3410  4170  3380  2150  3170  2460          
ILP15B  2000  3290  2950  3900  4070  4180  3100  3700  5620  4160  2140          
ILP15B  2010  4160  4550  2900  3090  4230  2630  3100  3750  2330 -9999          
ILP16A  1832  1100  2510  2130  2040  1840  1770  1660  1780                      
ILP16A  1840  2400  2470  1870  1930  1630  1300  1550  1360  1310  1410          
ILP16A  1850  1320  1030  1450  2140  2120  1220  1270  1080  1090   890          
ILP16A  1860   740  1590  2920  1680  1820  2420  3710  3680  3110  2580          
ILP16A  1870  2280  1590  2370  2260  2220  2550  2210  2040  1840  1590          
ILP16A  1880  2110  2430  2060  2160  2820  2170  2180  2280  1430  1570          
ILP16A  1890  1920  1850  1990  1680  2120  2030  1720  1940  1510  1640          
ILP16A  1900  1560  1250  1030   640  2860  2630  3130  3040  3000  3010          
ILP16A  1910  2040  2310  3100  2970  3530  2350  2620  3380  4590  2390          
ILP16A  1920  3810  3900  3760  3020  1910  1980  4490  5920  3640  1050          
ILP16A  1930   980  1420  1350  1240  1300  1590  1870  2000  2000  1650          
ILP16A  1940  1610  1760  1560  2000  1830  2220  1530  2180  1610  2180          
ILP16A  1950  2020  1940  1300  1300  1400  1400  1620  1720  1850  1890          
ILP16A  1960  1690  1960  2030  1460  1380  1240  1320  1720  1960  1960          
ILP16A  1970  2380  1920  1480  1970  1760  1390  1240  1140  1170  1340          
ILP16A  1980  1300  1390  1760  1980  2630  3160  2640  2180  2010  2470          
ILP16A  1990  1660  1520  1400  1460  1380  2010  3380  3570  3170  3910          
ILP16A  2000  2740  2620  1910  2190  2380  3000  2290  1980  3060  3410          
ILP16A  2010  3900  4290  3070  3460  3630  2770  2900  3840  2230 -9999          
ILP16B  1831  3170  1550  2980  2500  2530  2250  1860  1640  1440                
ILP16B  1840  2010  1820  1320  1550  1350  1010  1200  1180  1030  1070          
ILP16B  1850  1050   940  1420  2040  1730  1080  1300  1100  1150   950          
ILP16B  1860   730  1280  3040  1970  2520  2770  3690  4280  2880  2390          
ILP16B  1870  2530  1410  2240  1760  1630  2240  2080  1890  1830  2140          
ILP16B  1880  2240  2710  2280  1960  3040  2870  1980  2590  1750  1850          
ILP16B  1890  2170  1880  1860  1370  1590  1570  1220  1430  1260  1540          
ILP16B  1900  1150  1280   950   390  1200  1780  2000  1780  1600  2220          
ILP16B  1910  1490  2100  2510  2870  3370  2390  2400  2520  2620  1490          
ILP16B  1920  1960  2770  2350  3060  1860  1800  3620  6710  2970  1000          
ILP16B  1930   750  1070  1470  1230  1190  1470  2020  2160  1740  1570          
ILP16B  1940  1310  1480  1310  1980  1620  1590  1340  2010  1760  2130          
ILP16B  1950  2160  2050  1250   970  1020  1010  1330  1580  1400  1250          
ILP16B  1960  1090  1210  1420  1490  1280  1390  1250  1620  1660  1780          
ILP16B  1970  2170  1860  1690  2070  2100  1910  1840  1720  1740  2030          
ILP16B  1980  1690  1660  2010  2080  2810  2680  3250  2790  2410  2300          
ILP16B  1990  2070  2540  2600  2360  2330  2640  3480  3360  4240  3850          
ILP16B  2000  2490  2480  2040  3240  3360  4000  2320  3040  3580  3140          
ILP16B  2010  2440  3920  5150  5350  5120  5430  7600  8730  6050 -9999          
ILP17A  1925  6200  5880  6160  4880  3830                                        
ILP17A  1930  2920  2550  4030  2540  3260  2900  3560  4050  4150  3630          
ILP17A  1940  2770  4080  2830  1790  2630  2800  1850  3270  1630  2730          
ILP17A  1950  2100  1490  1860  1180  1680  2090  3250  3500  2010  1860          
ILP17A  1960  1660  1450  1930  1400  2490  2900  2440  2620  1870  2860          
ILP17A  1970  2150  2190  2330  2290  1480  2330  1970  1910  4410  3260          
ILP17A  1980  2180  2230  2630  2960  1460  1650  1770  1270  1190  1210          
ILP17A  1990   810  1530   630   350  1300  2320  3100  3640  3440  2530          
ILP17A  2000  1960  1840  1170  1710  1510  2490  1530  1900  2360  2520          
ILP17A  2010  1980  3220  1370   780  1120   890  2290  1680   710 -9999          
ILP17B  1924  5860  7530  6760  6150  5540  4860                                  
ILP17B  1930  5120  2790  4090  3210  4150  4820  5940  5890  4990  3550          
ILP17B  1940  3390  4750  4750  3460  2180  2430  1970  3450  1920  3000          
ILP17B  1950  2380  1610  1800  1240  2040  2630  3680  3650  1910  1740          
ILP17B  1960  1880  1660  1910  1510  2350  2630  2970  3650  3000  3050          
ILP17B  1970  3350  2340  2600  3550  3050  3060  3010  1970  3570  3110          
ILP17B  1980  2570  2520  3430  4670  3590  3650  3120  1850  1520  1940          
ILP17B  1990  1240  1870  1160   720  1160  3230  3250  4030  3170  2540          
ILP17B  2000  2200  1910  1230  2590  2320  3660  2370  2420  2420  1880          
ILP17B  2010  2150  4110  1880  1760  1900  1060  1670  1600   200 -9999
ILP18A  1997  1345  1157   806                                                    
ILP18A  2000   988  1062  1382   770  1312  3009  1294  1918  5058  4959          
ILP18A  2010  5368  2559  3202  1467  3008  1833  3304  3889  2815 -9999          
ILP18B  1993  1221   992   964   892   950  1568  1532                            
ILP18B  2000  1878  1327  1284   688  1629  3250  2800  4301  5448  6269          
ILP18B  2010  2540  2849  2027  2717  4659  1512  2414  3325  2304 -9999          
ILP19A  2003 15113 11747  8388  6776  8264  6542  6481                            
ILP19A  2010  5070  7357  8511  5536  5767  3806  4683  3886  4962 -9999          
ILP19B  2003 13709  8663  4068  4756  7409  4603  4301                            
ILP19B  2010  3652  3577  3126  3286  4040  2618  2855  3256  5695 -9999           
ILP20A  1992  3540  2750  5950  7430  7270  8220  8920  7640                      
ILP20A  2000  5570  4360  3200  4400  6540  5650  4730  6050  5780  4620          
ILP20A  2010  3570  4940  3900  4130  4310  3700  4800  2500  4020 -9999          
ILP20B  1992  4530  3990  7120  8340  8790  8870  9590 15020                      
ILP20B  2000 10440  7620  5050  3970  3690  4910  4880  7740  4910  5290          
ILP20B  2010  6170  9390  7180  6120  4030  3310  4760  2040  3560 -9999          
ILP21A  1802  8410  6840  7490  5320  5930  5490  4110  4010                      
ILP21A  1810  3390  4910  4400  6730  8430  9140  8710  5710  5060  5080          
ILP21A  1820  4290  4010  3500  2750  2920  2710  2740  2260  2260  1720          
ILP21A  1830  1850  1490   980  1130  1130  1410  1530  1690  1580  1710          
ILP21A  1840  2370  2270  1820  1640  1500  1620  1550  1580  1350  1220          
ILP21A  1850  1530  1260  1680  1600  1780  1560  1870  1780  1770  1550          
ILP21A  1860  1260  1880  1470  1180  1780  1990  2460   980  2290  1670          
ILP21A  1870  1970  1630  1720  1570  1590  1790  1550  1590  1820  1810          
ILP21A  1880  1930  2210  1510  1770  2240  1760  1730  1560  1450  1100          
ILP21A  1890  1170  1220  1330   940   920   920   730   850  1240  1690          
ILP21A  1900  1580  1680  1460  1410  1620  1300  1130  1110  1260  1650          
ILP21A  1910  1650  1600  1480  1300  1470  1240  1240  1290  1570  1300          
ILP21A  1920  1730  1710  1540  1610  1510  1370  1360  1550  1550  1400          
ILP21A  1930  1910  2380  2120  1540  1560  1810  1520  1400  1100  1050          
ILP21A  1940  1230  1180   920  1170  1230  1180  1160  1500  1110  1000          
ILP21A  1950  1290  1090   750   770  1090   860  1030   910   730   680          
ILP21A  1960   480   710   850   640   460   340   370   570   730   750          
ILP21A  1970  1140   940   850  1000  1090   900  1190   970   890   800          
ILP21A  1980   930   820   880   820   860   810  1040  1060  1140   980          
ILP21A  1990   820   940   810   840   730  1360  1340  1770  1850  1810          
ILP21A  2000  1360  1570  1260  1460  1450  1290  1340  1280  1960  1660          
ILP21A  2010  1420  1510  1320  1230  1280  1100  1540  1510  1170 -9999          
ILP21B  1806  6670  6310  6820  7380                                              
ILP21B  1810  6770 11380  8530  9710  9850  9500  9510  7340  6530  5740          
ILP21B  1820  4060  4050  4180  3140  3140  2580  2240  2400  2100  1980          
ILP21B  1830  1460  1300   820  1020  1020  1150  1460  1470  1150  1020          
ILP21B  1840  1010  1060  1320  1420  1170  1150  1110  1320  1820  2470          
ILP21B  1850  3030  1920  2460  2190  2010  1890  2070  1850  2270  2010          
ILP21B  1860  1760  1900  2380  1710  2000  1800  2180  2540  1890  1740          
ILP21B  1870  2340  2580  2580  2640  2180  1890  1710  2070  1590  1680          
ILP21B  1880  1430  2050  1230  1460  2470  2350  2570  2720  2260  1630          
ILP21B  1890  1580  1460  1400   960  1190  1190   890  1180  1680  2370          
ILP21B  1900  1790  1670  1330  1300  1270  1350  1550  1670  1790  1930          
ILP21B  1910  2290  2060  2600  1870  2200  1990  1680  2190  2190  1450          
ILP21B  1920  2020  2290  1700  1670  1120  1680  2040  2360  2010  2220          
ILP21B  1930  1930  2460  2580  1430  1200  1470  2050  2430  2370  1690          
ILP21B  1940  1530  1830  1600  1920  1660  1480   900  1090   940  1110          
ILP21B  1950  1280  1310   890  1010  1290  1060  1280  1490  1250  1240          
ILP21B  1960   890  1310  1090   580   730   640   520   790   750   670          
ILP21B  1970   870   820   700   750   760  1030  1110   700   790  1060          
ILP21B  1980  1100  1150  1060  1280  1360  1070  1200  1350  1290  1040          
ILP21B  1990   870  1630  1580  1140  1340  2150  2130  2160  2260  1490          
ILP21B  2000  1130  1720  1300  1740  1680  1510  1870  2160  2460  2050          
ILP21B  2010  1520  2270  1480  1310  1440  1730  1970  1720  1170 -9999
ILP22A  1937  3203  3898  3856                                                    
ILP22A  1940  2721  2365  2417  2463  2246  2229  1488  2317  1903  2758          
ILP22A  1950  2156  2283  1914  1543   945  1234  2385  2383  2033  1895          
ILP22A  1960  1841  1191  1497   979  1817  1905  1778  2605  3207  3172          
ILP22A  1970  2681  1792  1302  1441  1513  1458   966  1108  2014  1718          
ILP22A  1980  1973  1811  1577  2770  3057  3455  3079  1741  1867  1237          
ILP22A  1990   992  1233  1043  1158  1803  1991  2137  2509  2577  2470          
ILP22A  2000  2126  1997   729  1058  3189  2982  3458  1823  3720  3726          
ILP22A  2010  4170  4585  2757  2802  5011  4810  4540  3997  1741 -9999          
ILP22B  1921  1428  2266  1974  1712  2822  2644  7268  4451  5201                
ILP22B  1930  3390  2016  6215  5333  1301  2462  2757  3058  2608  2655          
ILP22B  1940  2496  2511  2799  2617  1550  1780  1639  2108  1770  2336          
ILP22B  1950  2251  2761  2076  1901  1684  1665  2578  2743  2277  2025          
ILP22B  1960  1776  1142  1798  1176  2325  2513  1924  3444  3006  3010          
ILP22B  1970  2588  2166  1972  2258  1892  1400  1604  1054  1832  1794          
ILP22B  1980  1500  1368  1511  1372  2025  2191  3035  2103  1385  1263          
ILP22B  1990   977  1176   950  1157  1217  1853  2731  3252  3769  2542          
ILP22B  2000  1968  1847   127  1677  1784  2537  2937  1789  3061  3671          
ILP22B  2010  3154  3954  2282  1985  3608  3091  4269  3607  2123 -9999          
ILP23A  1919  5588                                                                
ILP23A  1920  3752  3954  3322  4696  3240  4414  3619  3660  7079  3422          
ILP23A  1930  1571   763  3826   829  1356  1496  2148  2317  3372  6786          
ILP23A  1940  2084  1962  3079  3749  2389  2116  1707  2450  1889  1788          
ILP23A  1950  2064  1366  1231  1308   974   760  1060  1400  1691   977          
ILP23A  1960  1358  1934  2925   853  1067  1361  1157  2082  3862  4248          
ILP23A  1970  3369  3181  2359  2624  2422  2503  1942  1116  1981  1817          
ILP23A  1980  2001  1536  2029  3073  2107  2327  3335  2042  1666  1274          
ILP23A  1990  1866  1235  1183  1699  1768  1749  2205  2028  1946  2233          
ILP23A  2000  1453  1613   841  1525  1355  2543  1704  1757  2058  2891          
ILP23A  2010  2364  2382  1485  1309  1939  1415  1890  2250  1156 -9999          
ILP23B  1908  2032  1391                                                          
ILP23B  1910  4803  3629  7427  6217  3411  3495  1612  1832  1556  8104          
ILP23B  1920  3133  5882  8960  5148  4361  3326  2708  3646  5278  3103          
ILP23B  1930  1261  2346  4538  3022  1470  2285  3142  3453  2285  1989          
ILP23B  1940  1680  1622  2512  2747  1971  1517  1156  1076  1332  1964          
ILP23B  1950  1594  1095  1091   886   830   778  1281  1937  1511   946          
ILP23B  1960  2441  3207  2388  1805  1919  1807  1741  3683  2966  5756          
ILP23B  1970  3182  1954  1178  1092  1143  1124   923   965  1573  2131          
ILP23B  1980  2293  1624  2165  2487  2071  2187  2713  1603  1134  1133          
ILP23B  1990  1418  1282  1117  1862  1565  1652  2024  1656  1628  1936          
ILP23B  2000  1263  1384   905  1376  1246  1764  1473  1453  1882  1700          
ILP23B  2010  1515  2466  1505  1322  1962  1398  1654  2135  1140 -9999            
ILP24A  1824  5470  8540  9340  7150  9130  9220                                  
ILP24A  1830  8900  6770  5820  4680  3910  6080  5710  4400  4540  4940          
ILP24A  1840  6180  5350  3850  4640  3880  2400  2130  3910  4580  4250          
ILP24A  1850  3340  2440  3100  3440  3370  2400  2410  1450  2060  2100          
ILP24A  1860  1340  2650  5820  1520  2710  3270  4440  4210  2100  2120          
ILP24A  1870  2500  1890  3370  1640  2050  2240  2660  1690  1480  1250          
ILP24A  1880  1670  2950  2860  3340  4460  2990  2450  2600  1740  1220          
ILP24A  1890  1300  1170  1070  1140   860   780   880  1370  1190  1390          
ILP24A  1900  1000   940   560   600   920   790   810   350   830  2190          
ILP24A  1910  1020  1200  1610  1050   940   880   840  1100  1410  1050          
ILP24A  1920  1840  2020  1210  1500  1410  1630  1400  1760  1590  1710          
ILP24A  1930  1250  1090  1520  1190  1170  1590  1280  1320   980  1000          
ILP24A  1940   810   850   860   810   780   790   770  1090  1140  1000          
ILP24A  1950   730   780   630   340   490   530   540   600   880   940          
ILP24A  1960   730   900   910  1150   970  1090   950   950   810   850          
ILP24A  1970   800   770   580   820  1060  1530  1090  1020   800   670          
ILP24A  1980   710  1050  1020  1140  1510  1690  1730  1140   860   610          
ILP24A  1990   650   550   710   600   380   930  1130  1140   730   710          
ILP24A  2000  1020  1210   900  1050   770  1140  1330  1230  1510  1640          
ILP24A  2010  1660  2860  1100   910   840  1220  1380  1070  1200 -9999          
ILP24B  1819  3600                                                                
ILP24B  1820  5960  7210  9510  9290 11330 12250 12270 11440 10480  7580          
ILP24B  1830  5430  3990  3860  4080  2620  3270  2980  2870  2250  2090          
ILP24B  1840  3800  3230  2940  3560  3440  3040  2300  2550  2810  3020          
ILP24B  1850  3270  2040  4220  4450  3270  2240  2680  2540  2240  2660          
ILP24B  1860  1530  2670  4980  1640  3170  3540  3240  5000  3190  2390          
ILP24B  1870  3390  2400  3190  2480  2340  1810  2320  1770  2060  1920          
ILP24B  1880  2320  4860  3250  3710  4790  1900  2520  2660  1970  1700          
ILP24B  1890  2890  1930  1260  1030   910   760   840  1100  1370  2030          
ILP24B  1900  1320  1270  1290  1230  1230  1000   850   480   760  2470          
ILP24B  1910  1040  1270  1460  1500  1820  1550  1130  1660  1490   980          
ILP24B  1920  1280  2050  1500  1820  1650  1850  2010  1980  1790  1860          
ILP24B  1930  1400  1120  1430  1010  1240  1830  1400  1440  1260  1300          
ILP24B  1940  1390  1430  1450  1860  1210  1380  1170  1200   990   990          
ILP24B  1950   830   830   730   530   650   770   770   650   600   770          
ILP24B  1960   700   880   850   850   630   580   610   800   740   830          
ILP24B  1970   940   910   870  1290  1120  1550  1030   930  1150  1300          
ILP24B  1980  1260  1190  1110  1390  1830  1560  1770  1310   740   500          
ILP24B  1990   630   950   590   320   370  1380  1310  1050  1080  1000          
ILP24B  2000   910  1030   810  1160  1230  1580  1110  1190  1350  1440          
ILP24B  2010  1190  1770  1180  1110  1100  1660  1840  1600  1510 -9999
ILP25A  1832   918  1859  2697  2726  1622  2002  2651  2778                      
ILP25A  1840  2904  3303  2711  2969  2859  2450  2058  2059  2389  2460          
ILP25A  1850  1540  1158  2012  2730  2417  1576  1944  1289  1503   862          
ILP25A  1860   580  1165  3308  1211  1972  1391  2083  2579  1507  1574          
ILP25A  1870  1769  1211  1604  1532  1332  1416  1465   876  1234  1167          
ILP25A  1880  1521  1683  1802  1767  3174  2191  1733  1509  1410  1428          
ILP25A  1890  1517  1520  1122  1155  1146  1329  1140  1841  1297  2176          
ILP25A  1900  1718  1633  1299  1286  1224  1037  1109   860  1031  1857          
ILP25A  1910  1078  1229  1241   985  1475  1206  1101  1125  1308   922          
ILP25A  1920  1484  1532   885  1263   899  1005  1190  1473  1266  1445          
ILP25A  1930  1022   913  1430  1012   992  1173  1280  1688  1607  1339          
ILP25A  1940  1507  1303   912  1248  1381  1217  1235  1144   631   806          
ILP25A  1950   730   805   717   485   727   676   806   813   480   902          
ILP25A  1960   666   794   894   988   647   449   783   502   832  1017          
ILP25A  1970  1141  1065  1005  1083  1211  1585  1628  1609  1101  1713          
ILP25A  1980  1033  1204  1571  1288   951  1584  1914  1886  1158  1704          
ILP25A  1990  1285  1852  1738  1256  1156   674   982  1818  1672  1196          
ILP25A  2000  1493  1018  1953  1388  1216  1006  1363  2807  2425  2434          
ILP25A  2010  2396  2585  1838   889   739  1251  1546   435  1959 -9999          
ILP25B  1830  3598  2320  1818  2148  2647  3904  2855  2189  2619  2339
ILP25B  1840  2250  2150  2073  1785  2392  2110  1541  2931  3690  1658
ILP25B  1850  1476  1972  1780  1502  1035   520  1360  3005  1379  1806
ILP25B  1860  1614  2260  2741  1514  1656  2410  1775  2735  1905  2327
ILP25B  1870  1800  2138  1197  1388  1529  1388  1693  1905  1922  3113
ILP25B  1880  2409  1933  1542   629   743  1286  1639  1754  1325  1987
ILP25B  1890  2078  1655  1185  1808  1670  2023   917  1085   686   683
ILP25B  1900   845  1082  1401   853  1439  2899  1821  1445  1830  1527
ILP25B  1910  2069  1602  1461  1208  1026   745  1061   833   614   720
ILP25B  1920   640   825  2265  1383  1087  1075   637   628   531   547
ILP25B  1930   607   628   848  1063  1212  1276  1444  1752  1138  1394
ILP25B  1940  1555  1181   989  1358  1032  1672  1160  1141  1022   842
ILP25B  1950   596   865   845   829   813  1093   691  1152   755   861
ILP25B  1960   893   925  1108   805   915  1254  1209  1090  1210  1370
ILP25B  1970  1180  1176  1578  1207  1242  1127  1119  1126  1313  1546
ILP25B  1980   901  1403  2106  2450  1061  1345  1605  1496  1575  1523
ILP25B  1990  1860  1424  1861  1232   818  1128  1321  1705  2652  3380
ILP25B  2000  2072  2976  2219  2631  2349  2227  1442  2199  1740  1979
ILP25B  2010  1015  1297  1134   623   729  1315  2664  2485  1645 -9999           
ILP26A  1884 17930 16160  9940  8630  7740  5490                                  
ILP26A  1890  6480  6170  6580  4410  7620  6740  5160  5400  6810  6830          
ILP26A  1900  4520  6340  3620  5220  5810  3260  3350  3200  3480  5500          
ILP26A  1910  4940  3070  2730  2550  3080  2360  3340  2540  1990  1530          
ILP26A  1920  2000  2870  2350  2180  2310  2810  2480  2840  2510  1620          
ILP26A  1930  1770  1530  1790  1630  1990  2060  2470  2840  3530  2530          
ILP26A  1940  2460  2730  2670  1970  2430  2060  2510  2530  1210  1850          
ILP26A  1950  2290  1530  1170  1290  1780  1940  2490  1820  1650  1760          
ILP26A  1960  1660  1240  1230   920   720  1340  1650  2070  1680  1490          
ILP26A  1970  2210  1620  1500  1550  1600  1610  1850  1480  2160  2290          
ILP26A  1980  1960  1860  2170  2920  1210  3190  2740  2370  2060  2250          
ILP26A  1990  2110  2050  1800   930  2020  2580  2650  2760  3390  3660          
ILP26A  2000  2720  3210  2170  2710  2050  2220  2480  3120  2990  3080          
ILP26A  2010  2920  2190  2900  2350  1860  1120  1920  3350  2800 -9999          
ILP26B  1873  2810  3970  7230  7850  5040  8480  5500                            
ILP26B  1880  5100  5320  4370  5960  7180  6550  3530  3910  3290  2050          
ILP26B  1890  2910  2370  2160  2150  2810  3060  2670  2510  2350  2020          
ILP26B  1900  1840  2530  1630  2160  2500  2000  1440  2030  1560  2110          
ILP26B  1910  1260  1390  1550  1000  1710  1140  1170  1230  1480  1220          
ILP26B  1920  1750  2090  1350  1540  1350  1740  1480  1450  1790  1380          
ILP26B  1930  1170  1190  1130  1270  1420  1570  1770  1730  2560  1630          
ILP26B  1940  1750  1550  1630   920  1150  1430  1390  1860  1220  1200          
ILP26B  1950  1780   880  1080  1260  1130  1480  1980   970  1170  1480          
ILP26B  1960  1780  1500  1380   980  1410  1300  1260  1990  1390  1220          
ILP26B  1970  1670  1250  1260  1250  1230  1660  2150  1490  2030  2210          
ILP26B  1980  1240  1290  1540  1590   690  1960  1980  2000  1750  1850          
ILP26B  1990  1620  1890  1820  1490  2530  2350  2130  1280  1430  1450          
ILP26B  2000  1160  1500  1190  1520  1350  1720  1100  1550  1980  3300          
ILP26B  2010  2400  1970  2030  2060  1680  1420  2020  1900  1570 -9999          
ILP26C  1871  6420  9090  6080  3690  3050  2800  2110  4900  3270                
ILP26C  1880  2570  2810  2000  2720  3690  3310  1910  2380  2760  1910          
ILP26C  1890  2810  3240  2690  1540  2740  2560  1610  1960  3400  2160          
ILP26C  1900  1640  2460  2050  2480  3640  1630  1060  2030  2420  2360          
ILP26C  1910  1640  1770  1820  1460  1470  1550  2230  1440  2250  1500          
ILP26C  1920  2320  2060  1150  1270  1710  2680  2310  2660  2740  1550          
ILP26C  1930  1160  1260   930  1140  1390  1730  2580  2190  2770  1830          
ILP26C  1940  2020  1660  1680  1150  1810  1780  1430  2080  1130  1610          
ILP26C  1950  1730  1130   900  1410  1310  1380  1990  1300  1340  1620          
ILP26C  1960  1830  1370  1230  1140   970   980   840  2250  1740  1430          
ILP26C  1970  1990  1580  1510  1220  1150  1330  1670  1110  1820  1380          
ILP26C  1980  1050  1390  1650  2080   580  2180  2430  1780  1230  1290          
ILP26C  1990   800  1280  1270   840  1780  1870  2150  2160  1770  1740          
ILP26C  2000  1520  1430  1190  1330  1170  1740  1640  1850  1930  3060          
ILP26C  2010  2080  1050  2030  1940  1750  1030  1890  3340  3020 -9999          
ILP27A  1892  3530  4520  3140  1790   690  1810  2070  2600                      
ILP27A  1900  3220  2940  2000  4970  3920  3630  3640  3540  3760  2700          
ILP27A  1910  2850  3580  3940  2030  3030  4120  5150  5680   520  3630          
ILP27A  1920  2330  2080  2470  3340  3200  2930  1320  2680  3650  2660          
ILP27A  1930  3600   930  7020  5040  4240   630  3570  2420  2630  3790          
ILP27A  1940  3380  3520  3620  2440  3060  2090  3140  3050  2770  2780          
ILP27A  1950  2470  2000  1770  2510  3870  2710   610  2040  1720  1260          
ILP27A  1960  1750  1470   260   220   300  1500  1850  3020  3820  3390          
ILP27A  1970  2550  2640  2550  2980  3710  3120  4210  4860  2930  2400          
ILP27A  1980  2950  4280  4570  3180  4140   420  2650  2190  1850   590          
ILP27A  1990  2410  1990  2220  2430  2080  3450  3960  3710  4170  3470          
ILP27A  2000  2790  2150  1450  2090  2780  3560  2930  2150  2300  2820          
ILP27A  2010  2950  3940  2410  2370  2280  3050  3250  3660  2250 -9999          
ILP27B  1900  1790  2610  3110  2050  4170  3970  3340  3760  2960  3130          
ILP27B  1910  2170  2310  3620  3160  1660  3220  4700  4520  3350  2540          
ILP27B  1920  2530  1400  2200  3090  2880  2910  2950  1820  3320  2510          
ILP27B  1930  1460   350  2330  3270  5010  4210  3060  2060  2230   130          
ILP27B  1940  3460  4240  2960  2030  2170  2170  2120  2270  2450  3010          
ILP27B  1950  2310  1600  1430  1600  3290  2880  1830  1320  1030  1040          
ILP27B  1960  1100   990   570   390   670  2130  2710  3330  2800  1960          
ILP27B  1970  1760  2260  2680  2260  2060  2650  2690  3180  2730  2500          
ILP27B  1980  3760  5150  4640  2840  3010   360  2490  1770  1490   330          
ILP27B  1990  1460  1380  1180  1970  1940  3190  2830  2410  2810  2930          
ILP27B  2000  3480  3290  2020  2660  2220  1960  2000  1990  3190  3630          
ILP27B  2010  3280  3920  2160  2000  2310  2500  3260  3740  2740 -9999          
ILP28A  1910 16450 12570  9800  6950  7370  4670  4170  4490  4310  3950          
ILP28A  1920  5660  5390  6280  5140  4360  3240  3820  3780  3600  2900          
ILP28A  1930  2690  2590  2830  2300  1960  1900  2630  2940  3170  2030          
ILP28A  1940  1710  2050  2070  2010  2070  2670  2010  3220  2490  3500          
ILP28A  1950  3260  2630  2880  1870  2790  2920  3590  5820  6570  5380          
ILP28A  1960  3670  3440  4970  5910  3830  4260  3850  4560  4990  4930          
ILP28A  1970  4830  4520  4640  4270  2660  3730  4700  4870  3080  4560          
ILP28A  1980  4220  3560  3780  4150  4730  4820  5080  4540  5030  5590          
ILP28A  1990  4670  4870  5250  4790  4890  5710  6030  5090  4370  4400          
ILP28A  2000  4850  5390  4360  5830  4770  5540  4390  5110  3900  4390          
ILP28A  2010  4860  6710  4490  4670  4880  5510  3700  3910  3500 -9999          
ILP28B  1910 15120 11220  9850  8170  7770  4750  4460  5860  6480  4180          
ILP28B  1920  5410  6340  4850  5080  3830  4050  3680  3850  3760  3680          
ILP28B  1930  3250  2390  2990  2460  1920  2300  2450  2360  2160  1710          
ILP28B  1940  1720  1790  1620  1780  1830  2090  1740  2910  2290  2690          
ILP28B  1950  3280  3910  3450  2250  3220  4370  4300  6400  6150  5810          
ILP28B  1960  4700  4300  4940  5150  5180  4920  5670  6620  6310  4890          
ILP28B  1970  6930  5770  5120  5440  4500  5090  5050  4970  4170  5830          
ILP28B  1980  5030  4480  4670  5340  6230  6190  5540  6190  3760  2590          
ILP28B  1990  2310  5970  5780  4960  5170  5620  4630  4310  4850  3790          
ILP28B  2000  3080  3860  4430  6230  5430  5220  4310  6310  5960  4730          
ILP28B  2010  5740  6150  5120  3830  4900  5690  3870  4940  3720 -9999          
ILP29A  1829  5630                                                                
ILP29A  1830  5260  4250  4460  4350  4800  4330  3530  3490  3760  3750          
ILP29A  1840  4640  7690  6710  5470  5070  3900  3370  2270  2480  2690          
ILP29A  1850  3200  2680  4550  7320  5480  4210  5310  3900  3920  3380          
ILP29A  1860  2080  3090  5550  3900  4020  5430  4760  5450  5440  4450          
ILP29A  1870  3670  2200  4290  5040  3140  4020  4290  3440  2690  2760          
ILP29A  1880  2100  3090  2840  2850  4810  4210  3560  2890  2010  1480          
ILP29A  1890  1910  2470  2530  1990  2670  2230  2000  2400  2300  2470          
ILP29A  1900  2040  1980  1810  1830  1820  1810  1470  1240  1530  2230          
ILP29A  1910  1680  1340  1630  1340  1540  1360  1020  1570  1390  1200          
ILP29A  1920  1350  2040  1380  1520  1050  1030  1090  1100  1240  1450          
ILP29A  1930  1170  1180  1390  1080  1000  1060   940  1110  1060   950          
ILP29A  1940  1370  1230  1520  1160  1160  1720  1330  1530   840   710          
ILP29A  1950   710   940   670   970   910   770  1130   890   920   600          
ILP29A  1960   600   620   870   520   440   590   510   820  1020   630          
ILP29A  1970   600   590   550   430   650   850   990   710  1310  1470          
ILP29A  1980  1190  1110   930  1210  1080  1030  1360  1080   950  1190          
ILP29A  1990  1210  2370  1670   770   890   990  1130  1210  1790  1670          
ILP29A  2000  1920  1470   770   940   770  1260  1410  1450  1850  2550          
ILP29A  2010  1780  1520   840  1510  1690  1820  1840   920  1310 -9999          
ILP29B  1830  7030  4190  4670  3170  3690  3280  3900  4380  3630  2980          
ILP29B  1840  5430  6810  6220  4950  4640  3350  2820  2280  2130  3650          
ILP29B  1850  3710  2630  5700  7210  5190  4010  4670  3620  5300  5260          
ILP29B  1860  2520  4100  7070  5050  3730  5690  5110  6620  5410  3620          
ILP29B  1870  4170  3280  6310  6030  4620  3370  3490  2830  2660  2350          
ILP29B  1880  2110  2570  2260  2530  3840  3790  2880  2610  2270  1720          
ILP29B  1890  2070  1930  1590  1260  1260  1690  1270  1960  1990  1670          
ILP29B  1900  1630  1380  1470  1570  2090  1630  1520  1130  1440  2230          
ILP29B  1910  1360  1580  1950  1440  1600  1160   940  1550  1450  1190          
ILP29B  1920  1410  1480  1320  1490  1240  1320  1080  1100  1540  1390          
ILP29B  1930  1150  1230  1790  1030  1270  1290  1540  1680  1850  1580          
ILP29B  1940  1430  1600  1530  1160   990  1170  1060  1750  1070   870          
ILP29B  1950  1180  1200  1140   760   850   740   790   680   580   670          
ILP29B  1960   730   760   450   630   740   760   680   830   960   760          
ILP29B  1970   920   770   820   680   750   930   910   680   880  1030          
ILP29B  1980  1070  1130  1190  1530  1290  1430  1170   910   920   700          
ILP29B  1990   600  1260  1520  1160   910  1470  1270  1200  1300  1210          
ILP29B  2000  1140  1180  1020  1180  1090  1550  1130  1170  1370  1610          
ILP29B  2010  1590  1860  1800  1710  1300  1660  1910  1460  1010 -9999
ILP30A  1824   507  1425  1762  5327  2763  5048                                  
ILP30A  1830 24807  6873  4197  3145  3684  2757  1814  1917  1507  1939          
ILP30A  1840  2756  2173   970  2079  1578  2067  2598  1999  2567  2681          
ILP30A  1850  3408  1800  3255  5109  1999   969  2621  2580  2667  2064          
ILP30A  1860  2621  3276  6175  3186  2463  3629  2289  4915  2765  2105          
ILP30A  1870  2219  1329  3465  2909  2268  1717  2484  1764  2418  1435          
ILP30A  1880  1838  1326  1572  1786  3718  2073  1786  2268  2030  1593          
ILP30A  1890  1457  1573  1376  1724  1349  1576   988  1815  1516  1228          
ILP30A  1900  1117  1292  1167  1167  1257   812   781   631   981  1705          
ILP30A  1910  1114   908  1094   688   686   711   957  1202   860   842          
ILP30A  1920  1137  1822   623   965   810  1035  1001   954  1123   876          
ILP30A  1930  1039   818   761   825  1068  1262  1232  1482  1480  1056          
ILP30A  1940  1249  1184  1116   344  1024  1053   997   842   345   591          
ILP30A  1950   619   444   519   521   243   706   553   833   663   531          
ILP30A  1960   377   484   317   495   443   324   426   635   747   798          
ILP30A  1970   904   902   706   653   440   635   586   559   632   610          
ILP30A  1980   752  1016   790   916   380   754   796   664   756   644          
ILP30A  1990   556   770   782   573   652   953   870   939   735   722          
ILP30A  2000   518   745   771   718   768   942   884   809   820   815          
ILP30A  2010   623  1098   691   498   265   641   460   662   593 -9999          
ILP30B  1825  3369  7290 10420  5888  3898                                        
ILP30B  1830  3439  3439  3758  4027  3337  2751  2553  2729  2074  1807          
ILP30B  1840  2615  2184   926  2017  1819  1804  1713  1533  1871  2127          
ILP30B  1850  2097   982  1328  4452  2458  1295  2520  2548  2770  1742          
ILP30B  1860  1880  3009  5790  3585  2662  4295  3096  4786  2912  2496          
ILP30B  1870  2884  2357  3764  3577  2033  1855  2351  1852  2117  1213          
ILP30B  1880  1400   979  1371  1632  3109  1958  1591  2120  1809  1277          
ILP30B  1890  1992  1680  1684  1406  1292  1474   644  1490  1646  1472          
ILP30B  1900  1573  1275  1226  1161  1255   804   948   670  1258  1963          
ILP30B  1910  1385  1018  1167   825   955   819   922  1374   963  1109          
ILP30B  1920  1009  1344   349  1116   736  1066  1029  1016   823  1011          
ILP30B  1930   556   611   518   569   831  1047   914  1070  1044   715          
ILP30B  1940   986   889  1490   344   964  1142  1122  1163   596   732          
ILP30B  1950   636   642   499   615   271   806   787   862   818   990          
ILP30B  1960   653   712   674   573   500   480   404   751   814   750          
ILP30B  1970   666   670   496   521   362   711   690   633   802  1255          
ILP30B  1980  1015   991   910  1083   485   831  1067   680   640   564          
ILP30B  1990   668   883   668   599   480   888   882   700   978   736          
ILP30B  2000   644   579   424   572   615   756   587   754   728   733          
ILP30B  2010   580   961   730   613   495   676   665   610   579 -9999 
ILP31A  1841  6744  3819  5053  7155  8892     0  6312  3131  2801                
ILP31A  1850  5428     0  7372  4495  5600  2273  2172  4219  2836  6007          
ILP31A  1860  7589  4158  4338  5051  6660  5052  4136  3851  4187  3449          
ILP31A  1870  6200  4876  4776  4944  3851  2098  1646  1912  2800  8224          
ILP31A  1880  9548  7758  5239  3589  1345  1523  1634  1541  1944  2155          
ILP31A  1890  1944  1621  1437  2126  1765  1502  2282  1893  1649  1352          
ILP31A  1900  1713  1255  1675  1985  1214  1396  1410  1610  2100   975          
ILP31A  1910  1139  1477  1056   900  1046  1299  1849  1849  1615  2194          
ILP31A  1920  2204  1346  1564  1448  1857  1791  2516  2145  1947  1631          
ILP31A  1930  1429  1568  1097  1578  1807  1786  2461  2155  1679  2063          
ILP31A  1940  2316  2847  2307  1856  2004  1593  1912  1633  1948  1964          
ILP31A  1950  1067  1440  1151  1007  1058  1405  1569  1525  1422  1377          
ILP31A  1960  1369  1607  1182  1080  1119  1230  1509  1293  1326  1582          
ILP31A  1970  1416  1203  1488  1436  1285  1240   963  1441  1346  1509          
ILP31A  1980  1296  1658  1436  1427  1665  1913  1401  1910  1722  1824          
ILP31A  1990  1929  2038  1438  1770  1609  1857  2023  1962  2051   602          
ILP31A  2000  1431  1970  2236  2167  2269  2942  2275  3021  1176  1900          
ILP31A  2010  3120  2656  2134  1780  1965  2188  1853  1701  1144 -9999     
ILP31B  1857  1405  2654  1292                                                    
ILP31B  1860  3298  2963  3812  6224  3907  8825  5276  3730  3290  2555          
ILP31B  1870  2109  2564  2891  1879  2007  1687  3720  2894  3071  5795          
ILP31B  1880  3301  3992  5769  7062  6148  5826  4930  4015  3239  2678          
ILP31B  1890  2051  1713  2058  2215  1697  2384  1970  2150  2455  2109          
ILP31B  1900  2131  1389  1396  1205  1279  1017  1014  1074   959  1385          
ILP31B  1910  2230  3527  1729  1400  1643  1120  1380  1666  1422  1241          
ILP31B  1920  2051  1744  1276  1451  1316  1684  1731  1902  1827  1788          
ILP31B  1930  1332  1723  1498  1052  1498  1347  1654  1943  1591  1634          
ILP31B  1940  1406  1399  1399  1154  1754  1544  1819  1909  1508  2000          
ILP31B  1950  1650   969  1289  1419  1128  1269  1414  1776  1446  1318          
ILP31B  1960  1503  1281  1572  1279  1460  1414  1577  1811  1611  1408          
ILP31B  1970  1380  1074  1447  1627  1711  1779  1550  1386  1947  2100          
ILP31B  1980  1597  1486  1368  1582  1474  1800  2104  1865  1791  1709          
ILP31B  1990  1752  1638  1431  1256  1231  1692  1443  1539  1727  1654          
ILP31B  2000  1716  1887  1799  1904  2109  2063  1801  1595  1956  1959          
ILP31B  2010  1811  2023  1535  2462  1400  1817  2149  1873  1767 -9999                  
ILP32A  1826  7070  6080  4610  3220                                              
ILP32A  1830  4080  3290  2490  2520  3000  2320  1980  1840  1910  1820          
ILP32A  1840  3010  2630  2210  2570  2970  1870  2000  3530  3700  3180          
ILP32A  1850  2390  2480  2450  2960  3100  2500  3250  3040  2220  1040          
ILP32A  1860  1800  2930  5090  2400  2690  3150  3340  5600  4260  3240          
ILP32A  1870  3570  2940  3690  4470  3520  3490  2930  3030  2510  1990          
ILP32A  1880  3820  4990  4750  4740  5340  4220  3310  2900  1840  1930          
ILP32A  1890  3610  2500  2640  1610  2220  1500  2040  1990  2460  2300          
ILP32A  1900  1550  1900  1600  1840  2480  2020  1480  1170  1420  1810          
ILP32A  1910  1140  1510  1650  1280  1790  1580  1040  1070  1800   810          
ILP32A  1920  1550  2520  1520  1520  1340  1200  1360  1570  1540  1220          
ILP32A  1930  1210   890  1180  1090  1110  1530  1060  1510  1420  1570          
ILP32A  1940  1600  1600  1290  1320  1670   880   720   870   960  1230          
ILP32A  1950   870  1130  1260   540  1050   940  1360  1370  1950  1530          
ILP32A  1960  1000   470   680   740   760   620   680  1260  2050  1230          
ILP32A  1970  1270  1160  1360   770  1430  1990  2410  1930  2260  2710          
ILP32A  1980  1780  1380  2300  2850  2880  2360  1810  1540  1410  1340          
ILP32A  1990  1640  2060  1500  1670  1220  2780  2680  2460  2140  2340          
ILP32A  2000  1550  1800  1240  2000  2610  2180  1590  1430  1530  1350          
ILP32A  2010  1570  2050  1570  1240  1500  1880  1730  1420  1030 -9999          
ILP32B  1821  2640  1760  3430  6180  6890  6270  5030  4010  3180                
ILP32B  1830  3010  2550  1240  2230  1570  1860  1600  1740  1950  2010          
ILP32B  1840  1750  1730  1560  2260  2510  1820  1960  2340  1900  1820          
ILP32B  1850  1530  1510  2360  4270  3560  2100  2400  2150  1780  1370          
ILP32B  1860  1090  3130  4770  2380  3450  3500  2630  3870  4000  3380          
ILP32B  1870  3230  2900  3880  2740  3130  3110  2980  2490  1990  1260          
ILP32B  1880  2750  4170  4230  5010  4230  3210  3260  4330  2960  2130          
ILP32B  1890  2760  2350  2090  1770  2740  2710  1570  1770  1970  2240          
ILP32B  1900  1950  2580  1700  1630  1810  1620  1390  1790  2030  1800          
ILP32B  1910  1110  1610  2130  1790  1830  1740  1320  1310  1620  1070          
ILP32B  1920  2000  2020  1180  1670  1270  1380  1940  2320  2100  1770          
ILP32B  1930  1460  1060  1500  1200  1220  1990  1530  2080  1940  1510          
ILP32B  1940  1130  1420  1510  2260  2100  1400  1010  1770  1210  1500          
ILP32B  1950  1070   830   990   720  1420  1180  1390  1650  1730  1230          
ILP32B  1960   930   990   960   680   620  1770   970  1250  1230  1510          
ILP32B  1970  1870  1190   970  1140  1200  1790  2300  1560  2140  2140          
ILP32B  1980  1710  1930  2220  2720  1710  1850  2170  1770  1220  1180          
ILP32B  1990  1610  1980  1630  1380   980  2560  2160  1820  2020  2130          
ILP32B  2000  2650  1860  1260  1860  1600  1740  1490  1860  1480  1460          
ILP32B  2010  1430  1570   990  1050  1590  1270  1570  1590  1000 -9999          
ILP33A  1833  4140  5630  3220  1690  1990  1970  1290                            
ILP33A  1840  1540  1110  1200   980   890  1000  1490  2060  1920  1970          
ILP33A  1850   970  2910  3700  3790  3150  1650  2300  1300   850  1150          
ILP33A  1860   640  2210  5020  2510  3910  3570  3060  4200  2570  1980          
ILP33A  1870  2400  2290  2720  2340  2030  2900  2320  1870  2000  1180          
ILP33A  1880  1400  3130  1910  2260  2690  2050  1980  3080  2130  1980          
ILP33A  1890  2900  2940  2250  1550  1470  1010  1160  1440  1060  1710          
ILP33A  1900  1130  1460  1320  1010  1010   500  1750   700   780  1030          
ILP33A  1910   600   630   810   400   550   520   550   970   930   570          
ILP33A  1920  1210  1460   780   820   760   570   840   710   990   960          
ILP33A  1930   760   600   920  1150   830  1220  1810  1360  1520  1000          
ILP33A  1940  1030   830  1080  1260  1200   900   810  1270   890  1440          
ILP33A  1950  1140   910  1080  1170   980   920   800   860  1030  1200          
ILP33A  1960   600   730   600   640   570  1610  1010  1170   440   260          
ILP33A  1970   280   610   650  1040   850  1210   960  1480  1320  1140          
ILP33A  1980  1000  1270  1600  1390  1200   750  1050   850   700   660          
ILP33A  1990   600  1060   740   750   400   820   800   980  1060  1010          
ILP33A  2000   790   780   540   970   800  1140  1150   910   990  1240          
ILP33A  2010  1360  1680  1290  1320  1120  1270  1200   980   640 -9999          
ILP33B  1922   280   460   420   540   610   480   650   970                      
ILP33B  1930   800   620   790   600   540   830  1120  1030   880   630          
ILP33B  1940  1210  1070   810  1010  1090  1220   940  1490   980  1350          
ILP33B  1950  1330  1000  1300   690   760   880  1200  1250  1060   970          
ILP33B  1960   780   990  1060   960   840  1220   920  1040   500   610          
ILP33B  1970   720   960   890  1390  1000  1470  1160  1010  1460  1240          
ILP33B  1980  1070  1280  1370  1430  1240  1150  1390  1240   670   980          
ILP33B  1990  1100   860   590   630   340   640   740   850   960   920          
ILP33B  2000   810   870  1210  1260  1290  1320  1400  1450  1570  1250          
ILP33B  2010  1100  1400   800  1070  1080  1310  1030  1110   920 -9999          
ILP33B221821  2280  1540  1230   740   960  1530  1330  1610  1230                
ILP33B221830  1870  1620  1900  1720  2090  2340  2950  2030  1930  1140          
ILP33B221840  2080  1840  2000  1820  2010  1780  1840  2280  2060  2290          
ILP33B221850  1490  3200  4160  5100  3990  2400  2940  2470  1030  1670          
ILP33B221860  1100  3220  5400  2380  3080  3660  3610  4000  2040  2860          
ILP33B221870  2610  2450  3350  2240  1880  2510  1860  1430  1380  1180          
ILP33B221880  1810  3230  2070  2450  3290  2990  2320  2540  1810  1510          
ILP33B221890  2050  2690  2030  1430  1720  1400  1390  1660  1680  1780          
ILP33B221900  1210  1610  1080   630   730   480   500   350   620   690          
ILP33B221910   440   480   620   510   600   660   640  1120   810 -9999          
ILP34A  1840  4580  6470  5520  4560  2780  2870  3020  3110  3090  3790          
ILP34A  1850  2580  2650  4320  4940  4170  3230  4000  3080  2070  1790          
ILP34A  1860  2460  3810  5430  1350  2330  3130  2470  3180  3360  2830          
ILP34A  1870  3530  2940  3710  2250  1750  2860  2440  1800  1880  3700          
ILP34A  1880  2970  4710  3070  3520  3500  4740  4110  5620  3920  2810          
ILP34A  1890  3300  3610  3520  2950  3600  1910  2000  2410  1900  2650          
ILP34A  1900  1080  1710  1560  1760  2060  1500  1600  2500  1410  2630          
ILP34A  1910  1040  2220  3020  1250  2730  1730  2180  2690  2620  1680          
ILP34A  1920  2740  2900  1840  2100  1360  1820  1250  1240  1400  1740          
ILP34A  1930  1610  1120  1920  1180  1050  1340  1590   920  1420   830          
ILP34A  1940  1010  1050  1550  1200  1050  1340  1180  2010  1140  2100          
ILP34A  1950  1510  1490  2290  1230  2000  2030  2410  3090  1780  2070          
ILP34A  1960  2180  3180  5690  2920  3250  3610  2430  2620  2280  2880          
ILP34A  1970  2250  2220  2430  1890  1970  2120  2240  1650  2330  1850          
ILP34A  1980  1680  1290  1710  2310  1650  1890  2540  1540  1590  1730          
ILP34A  1990  2020  1940  2040  1530  1750  2130  2780  2280  2570  3000          
ILP34A  2000  2120  2500  1420  1480  1560  1660  1560  1800  1650  1930          
ILP34A  2010  2090  2940  1730  2100  2100  1710  2510  2440   860 -9999          
ILP34B1 1883 12800 12290  9660 10770  7760  3810  2210                            
ILP34B1 1890  2870  2300  2680  2290  2360  1780  1850  2230  1870  2440          
ILP34B1 1900  1020  1650  1430  1770  1890  1780  1690  2610  1540  2820          
ILP34B1 1910   990  1840  2400  1060  2210  1220  1500  2180  2250  1250          
ILP34B1 1920  2310  2660  1900  1980  1390  1750  1360  1660  1490  1580          
ILP34B1 1930  1650  1030  1690  1200  1280  1660  2120  1220  1980  1900          
ILP34B1 1940  1660  1840  1760  1660  1200  1840  1110  2250  1320  3080          
ILP34B1 1950  2010  1870  1950  1650  2180  1690  1940  2370  1920  2120          
ILP34B1 1960  1940  1920  1350  1400  2870  2070  1700  2150  1590  1450          
ILP34B1 1970  1310  1810  2040  1480  1690  2240  2280  2200  2190  1970          
ILP34B1 1980  1970  1570  1670  2340  1180  2030  2760  1670  1310  1310          
ILP34B1 1990  1860  2160  1900  1540  1490  1720  3030  2560  2750  2570          
ILP34B1 2000  1930  2380  1740  1740  1580  1450  1570  1880  1850  2300          
ILP34B1 2010  1980  3220  1610  2060  2120  1230  1830  1710   570 -9999          
ILP34B2 1840  3820  3780  4570  4610  3850  3680  3790  4210  3210  3660          
ILP34B2 1850  2410  2510  4140  4970  5240  3500  4250  2990  2130  1530          
ILP34B2 1860  2480  4220  5890  1730  2960  4440  3620  3760  3930  3060          
ILP34B2 1870  2970  2820  3580  2660  2050  2540  2410  1580  2100 -9999          
ILP35A  1989   560                                                                
ILP35A  1990  1180   860  1110  1200   960  2810  3360  3730  2960  3230          
ILP35A  2000  2350  1560   470  1440  1100  1380  1870   960  2050  1970          
ILP35A  2010  1700  3710  1090  1040  1550  1370  1750   370   530 -9999          
ILP35B  1989   550                                                                
ILP35B  1990  1170   820  1030  1150   660  2370  3160  3410  3570  4010          
ILP35B  2000  2910  3460  1980  4370  3220  3460  2750  2210  2870  2300          
ILP35B  2010  2290  4110  1540  2170  2450  1660  2080   540   310 -9999          
ILP36A  1996  2740  2840  4220  5640                                              
ILP36A  2000  6440  5170  5320  7820  6790  5280  6320  5560  4520  4280          
ILP36A  2010  3810  6030  4240  4460  4070  3830  5270  5130  1480 -9999          
ILP36B  1996  3730  4050  5140  6080                                              
ILP36B  2000  8750  6630  5740  7140  7590  6410  6100  4530  4500  4410          
ILP36B  2010  4800  5290  3190  3380  3260  2300  4460  4320  1420 -9999          
ILP37A  1985  8250  8080  3080  4650  4230                                        
ILP37A  1990  3880  3710  2730  5160  3850  4740  4370  4570  4520  4150          
ILP37A  2000  3200  2840  1310  2720  2610  2870  1700  1580  1820  2220          
ILP37A  2010  2260  4070  2650  2490  2270  1800  1460  1900  1270 -9999          
ILP37B  1985 10150  8610  3850  4410  5280                                        
ILP37B  1990  4920  5380  3290  4260  3400  3810  3480  3700  3960  4370          
ILP37B  2000  3630  3070  2190  2610  2030  2380  1700  1700  1860  2030          
ILP37B  2010  1840  3750  1860  2570  2340  2260  1790  2230  1150 -9999          
ILP38A  1984  3670  2300  4090  3420  4310  3240                                  
ILP38A  1990  2980  4030  2920  2040  1850  4020  3320  3870  2960  2850          
ILP38A  2000  2370  2030   980  1580  1000  1220  1170   920  1040  1730          
ILP38A  2010  2050  2270  2030  2250  1660  1210  1380   720  1050 -9999          
ILP38B  1984  3370  2220  3770  3310  4440  2750                                  
ILP38B  1990  3880  4320  2790  2200  1840  5150  4480  4360  3470  2970          
ILP38B  2000  2570  2290  1110  1720  1220  1400  1180  1160  1360  2040          
ILP38B  2010  2080  2710  1930  1930  2210  1340  1660  1250  1230 -9999          
ILP39A  1995  5450  4660  6120  7530  7030                                        
ILP39A  2000  5760  4050  2790  3870  2430  2430  4520  8850  5110  4740          
ILP39A  2010  4490  8790  5050  4420  4540  4160  5510  3980   490 -9999          
ILP39B  1995  4050  4660  7270  8160  9160                                        
ILP39B  2000  6220  6770  2990  3180  2490  3810  5480  4850  5430  6610          
ILP39B  2010  5230  6940  4810  4710  4590  3010  4170  5130  1390 -9999          
ILP40A  1991   930  2630  1020  1790  4600  3800 11530 11080  8420                
ILP40A  2000  5990  5360  3380  6290  5080  5690  3850  3620  4660  4890          
ILP40A  2010  3850  5620  3170  3350  2540  2280  3140  3990  1880 -9999          
ILP40B  1998  8060  6650                                                          
ILP40B  2000  5740  4240  2470  4060  2770  4490  4420  4010  4210  4000          
ILP40B  2010  4060  5910  2690  3270  3280  3240  3390  4030  2340 -9999          
ILP41A  1980  4990  3520  4000  6170 10640  8430  7610  4390  4360  2530          
ILP41A  1990  2410  7600  4560  4720  4690  3870  4170  6480  5030  4880          
ILP41A  2000  3420  3950  3040  4510  3810  4060  2060  2120  4270  3790          
ILP41A  2010  3720  5160  2620  2570  2380  1520  2290  2440   840 -9999          
ILP42A  1944  9360 11250  6990  6950  6130  6560                                  
ILP42A  1950  5810  4290  4110   860  1150  2280  3070  2840  3210  2590          
ILP42A  1960   830  1290  2070  1320  1830  3010  1940  2560  3550  2790          
ILP42A  1970  1750  2220  1230  1650  1710  2340  2160  1680  2160  2590          
ILP42A  1980  2410  2560  2120  2670  3050  2860  3160  1880  1360  1400          
ILP42A  1990  1640  2840  3580  3500  3120  3110  3760  3760  4410  3970          
ILP42A  2000  4060  2180  2230  2690  1850  2400  2360  1790  2110  2620          
ILP42A  2010  2880  3680  2600  2290  2460  2630  3350  3720  2050 -9999          
ILP42B  1935  2290  3840  3240  3740  4340                                        
ILP42B  1940  3590  3370  3740  2950 12730  8660  5420  5160  2790  4680          
ILP42B  1950  2390  2700  4080  1170  1400  1730  1990  1970  2570  1250          
ILP42B  1960  1170  1190  1460   680  1590  2970  1570  2890  3340  2340          
ILP42B  1970  2030  2280  1440  1600  1410  2020  2690  1790  2890  2550          
ILP42B  1980  2090  2450  2550  2680  2200  2170  2390  1900  1820  1380          
ILP42B  1990  1880  3130  2630  2700  2930  3790  4850  4810  3940  3410          
ILP42B  2000  2650  2540  2150  2240  2400  2450  1910  2250  2160  2390          
ILP42B  2010  2220  3790  2130  2630  2530  2180  2640  2490  1940 -9999 
ILP43A  1965  1005   653   582   405  2362                                        
ILP43A  1970  2842  2127  2060  2242  2946  2932  2784  5497  4820  4050          
ILP43A  1980  3743  4296  6084  5046  3529  3047  1069  1543  1116  1416          
ILP43A  1990  1915  3709  4233  4148  6314  6268  7358  6946  8833  4011          
ILP43A  2000  2671  5385  3950  4243  5133  5035  3771  4193  3634  3945          
ILP43A  2010  4315  6122  3259  3001  2655  1989  3051  1770  3863 -9999          
ILP43B  1964  9196  3996  3746  8317  6768  6897                                  
ILP43B  1970  5921  4494  3966  4159  4065  3361  3434  3237  4301  3446          
ILP43B  1980  2971  2754  3312  5071  4848  3047  3214   861  1293   886          
ILP43B  1990  1205  1106  3825  5167  6224  7384  7232  7217  5552  5899          
ILP43B  2000  4861  4167  2740  3711  3549  4303  3629  3471  3331  3960          
ILP43B  2010  3443  4890  2757  2643  2258  2035  2591  2096  1805 -9999           
ILP44A  1962  3110  1510  2020  2210  1170  4270  4720  3940                      
ILP44A  1970  3390  3080  2680  4310  5630  3740  1900  1840  2790  1780          
ILP44A  1980  1150  1090  1180  2770  2020  2440  1440   830  1330   580          
ILP44A  1990   880   170  1580  2850  1570  4000  9370 12110  7710  5900          
ILP44A  2000  2270  1830  1650  1800  1670  2870  2600  2560  3840  3840          
ILP44A  2010  2960  7170  3070  2860  2120  2330  3030  2640  1590 -9999          
ILP44B  1962  2980  1800  2320  2080   900  2770  3750  3750                      
ILP44B  1970  3850  3040  2890  3440  4790  3780  1760  1860  2590  1320          
ILP44B  1980   840  1150  1370  2420  1950  1850  1100   460   860   570          
ILP44B  1990   630   220  3340  3470  3600  4860  5050  5900  2860  5100          
ILP44B  2000  2150  1360  1030  1230  1800  2670  3410  2890  4270  4220          
ILP44B  2010  3530  7490  3070  2320  2270  2500  3250  3830  2200 -9999  
ILP45A  1829   727                                                                
ILP45A  1830   690   649  1347  1973  1394  1449  1788  3414  2280  2175          
ILP45A  1840  1501  1666   923   826   678   809   717   529   565  1058          
ILP45A  1850  1498  1992  1489  1037   988   501   290   208   282   616          
ILP45A  1860  2468  1117  1148   897  1246  1565  1598  1674  1459  1225          
ILP45A  1870  1519  1379   625   936  1078   666   676   669   753   873          
ILP45A  1880   776  1008  2070  1137  1283  1433   954   885  1100  1056          
ILP45A  1890  1060   709   986   945   569  1118   842   970   671   650          
ILP45A  1900   570   749   784   603   613   682   780  1189   811   807          
ILP45A  1910   868   707   842   634   513   765   890   527   992  1125          
ILP45A  1920   724   854   523   711   859   695   734   863   566   559          
ILP45A  1930   461   553   573   659  1283  1132  1155   998   568   708          
ILP45A  1940  1192  1363  1846  1959  1447  1959  1320  2124  1786  1866          
ILP45A  1950  1196  1130  1141  1524  2011  2139  2393  1755  1665  1311          
ILP45A  1960   723   478   333   464   572  1212  1336  1197  1773  1208          
ILP45A  1970   955  1062   955  1838  1889   922  1656  1546  1131  1458          
ILP45A  1980  1570  2251  1456  1182  1678  1279  1003   893   965  1524          
ILP45A  1990  1129  1584  1891  2421  3237  2158  3633  6101  7372  4121          
ILP45A  2000  3278   749   522   474  1272  2385  3012  3571  2683  1523          
ILP45A  2010  3223  5020  4324  3206  2705  2240  3042  3555  3059 -9999 
ILP45B  1825  1306  2078  2668  1325  2439                                        
ILP45B  1830  2038  1159  1757   477   623   593   612   631   898  1313          
ILP45B  1840  1262  3160  3372  2459  1148  1420  1712  2242   683   541          
ILP45B  1850   575   609  2102  1788  2974  1650  1202   553   384   895          
ILP45B  1860  2030  2013  1010  1110  1113  2027  1843  1632  1712  1296          
ILP45B  1870  1051   828  1308   962  1202  1129   766   926   649   698          
ILP45B  1880   679   813  1757  1056  1101  1074  1045   783   806   925          
ILP45B  1890   824   819  1093   975   850  1387  1210  1283  1118   918          
ILP45B  1900   695   836  1053   952   844   751   907  1541   758   737          
ILP45B  1910  1173   706   773   802   569   949   809   758  1048  1021          
ILP45B  1920   861   938   761   869   818  1029  1134   938   677   492          
ILP45B  1930   441   277   473   682   618   800  1151  1336  1399  1403          
ILP45B  1940  1657  2217  2414  2803  2878  2885  1714  2485  2344  2464          
ILP45B  1950  2369  1421  1653  1654  1957  2275  2198  1835  1918  1101          
ILP45B  1960   682   403   365   458   604  1091  1036  1016  1386  1056          
ILP45B  1970   953  1107  1188  1696  1394  1184  1438  1466  1106  1431          
ILP45B  1980  1762  2497  1907  1072  1757  1399  1148  1011  1575  1340          
ILP45B  1990  1903  1802  1842  2452  3159  2411  3649  4784  6938  4694          
ILP45B  2000  1509  1409  1371   910  1765  1648  3234  3007  1832  1613          
ILP45B  2010  3166  5561  4576  3615  4310  1872  3714  5816  2736 -9999           
ILP46A  1821  2594  1923   925  2154  2609  2249  2997  4747  3757                
ILP46A  1830  2534  2743  4150  3093  1783  2536  1386  1798  2720  1385          
ILP46A  1840  2467  3284  1796  1288  1177  1168   562   810   728   426          
ILP46A  1850  2067  2693  5018  5222  3226  2442  2008   839   796   933          
ILP46A  1860  1959  4328  1066  1833  2315  3078  1418  2278  4120  2760          
ILP46A  1870  1938  1545  2212  1775  1443  1785  2165  1029  1162   681          
ILP46A  1880   638   753   467  1146  2867  1292  1955  1834  1344  1351          
ILP46A  1890  1294  1103  1025  1012  1105   769   680  1231   816  1267          
ILP46A  1900   731   725   908   811  1012   771   752   804   795  1928          
ILP46A  1910   684   957  1319   720  1089   863   657  1221   882   428          
ILP46A  1920   788  1369   867   825   563   475   647   682   610   731          
ILP46A  1930   536   391   497   512   518   368   664   517   541   677          
ILP46A  1940   705   764   782   821  1106   724   576   566   505   209          
ILP46A  1950   507   623   305   199   242   249   440   457   418   771          
ILP46A  1960   420   413   553   348    82   206   601   688  1311  1045          
ILP46A  1970  1101  1019   907  1106  1009  1143   721   828   710  1108          
ILP46A  1980   737  1025  1023  1432  1584  1502  1512  1021   970   639          
ILP46A  1990   440   551   683   974  1047   911  1242  1941  1275  1381          
ILP46A  2000  1708  1213   630   876  1384  1544  1806  1639  2054  1547          
ILP46A  2010  2248  3852  2278  1484  2168  1233  2487  2294  1243 -9999          
ILP46B  1827  3074  4103  4182                                                    
ILP46B  1830  3049  2468  3710  2647  1475  2047  1734  1007  2497  1459          
ILP46B  1840  2867  3002  1008  1219  1105   724   809   934   964   891          
ILP46B  1850  2800  2734  4591  4676  2931  2537  2759  1064   211   748          
ILP46B  1860   982  1871  4361  1287  2218  2621  3637  4936  3728  2174          
ILP46B  1870  2481  2402  3133  2259  1296  1721  1914   820  1047   915          
ILP46B  1880   797  1033   606   998  2963  1345  2074  1822  1461  1136          
ILP46B  1890  1433  1174  1166  1008  1324   739   828  1376   934  1201          
ILP46B  1900   989   875   941   811   916   729   605   855   668  1924          
ILP46B  1910   893  1323  1341  1036   986   931   743  1307  1208   474          
ILP46B  1920  1218  1520  1167  1056   708   451   491   556   462   597          
ILP46B  1930   508   276   971   643   758   585   677  1243  1025  1334          
ILP46B  1940  1436  1418  1148   887  1178   972   591  1176   351   567          
ILP46B  1950   641   660   481   445   351   203   545   704  1162  1154          
ILP46B  1960   737  1108  1187   473   300   303   616   713  1450  1124          
ILP46B  1970  1685  1304   861  1055   769   920   683   808   593   651          
ILP46B  1980   667  1178  1030  1425  1742  1077  1307  1149  1183   679          
ILP46B  1990   749   704   795   916   860   819  1278  1535  1596  1148          
ILP46B  2000   895  1288   743  1197  1130  1623  1869  1652  1579  1318          
ILP46B  2010  1435  1862  1560  1437  1551  2085  2445  1962  1018 -9999           
ILP47A  1973  4236  3674  4524  4096  3715  7034  5571                            
ILP47A  1980  4357  2970  2489  5308  8275  7442  6485  2383  3474  2524          
ILP47A  1990   806   899  2920  3777  4770  6608  5516  6145  5888  6412          
ILP47A  2000  3179  3504  1728  2984  2337  2317  1686  1640  2840  2399          
ILP47A  2010  2045  3506  2303  1861  1398  1635  1994  2055   771 -9999          
ILP47B  1973  3950  4090  4196  4566  2470  6757  5199                            
ILP47B  1980  4131  2800  3424  6500  8300  9229  8820  2929  3593  2169          
ILP47B  1990  1681   930  2083  4172  4871  6381  4829  5243  3737  4475          
ILP47B  2000  3129  3404  1682  2583  3220  3767  3403  3256  3709  2968          
ILP47B  2010  2940  4808  2460  2405  1980  2447  3142  3011   952 -9999         
ILP49A  1978 10110 10910                                                          
ILP49A  1980  8520  6450  6320  9200 10660  8770  9740  5060  4750  3740          
ILP49A  1990  2940   160  2470  3820  4870  5220  5720  4950  6730  7010          
ILP49A  2000  6110  4520  3210  3670  4190  5740  5420  5600  5600  5010          
ILP49A  2010  5190  8850  7530  7160  7490  6340  6840  8330  6100 -9999          
ILP49B  1974 10200  8860 10870  6200  8820  9840                                  
ILP49B  1980  8740  6070  5530  8960  9930  9660  9230  7380  5540  3980          
ILP49B  1990  2970   170  1980  4650  3760  5410  5130  5560  5170  3690          
ILP49B  2000  3450  4010  3090  3810  3810  4550  3940  4120  2980  2830          
ILP49B  2010  3940  7900  5580  5200  5190  4890  5320  7420  4640 -9999          
ILP50A  1844  2120  1280  1130  2130  1870  1950                                  
ILP50A  1850  2920  2770  3230  2790  1310  2140  2200  1470  1540  2380          
ILP50A  1860  1940  1380  1980  2570  3040  3530  2010  1810  2840  2120          
ILP50A  1870  1150  1720  1260  1840  4340  2180  1970  3490  2480  3270          
ILP50A  1880  2350  1750  1970  1940  2210  2760  1480  1920  1840   930          
ILP50A  1890  1440   710   720  1100  1030   640  1500  1640  1690  2230          
ILP50A  1900  1030   820  1140   730   740   700   900   730   730  1800          
ILP50A  1910   880  1470   820   820   720   720   950   590   640  1450          
ILP50A  1920  1570  2370  2140  1710  2490  1580  1550  1260  1480  2410          
ILP50A  1930  2620  1330  2580  3070  1720  2180  1710  1550  2060  1830          
ILP50A  1940  1710  2140  1230  1280  1530  1110  1240  1420  1470  1380          
ILP50A  1950  1730  1560  1650  1750  1800  1600  2260  1990  1260  1220          
ILP50A  1960   950   970   310   290   780   640   650   620   960  1120          
ILP50A  1970  1240  1020   740   810   500   620   570   660   960  1080          
ILP50A  1980  1020  1420  1590  1470  1340  1330  1610  1530  1350  1260          
ILP50A  1990  1790  1570  1890  1880  2560  2200  1800  2000  1800  1320          
ILP50A  2000  2040  1980 -9999                                                    
ILP50B  1857  2340  1260  1360                                                    
ILP50B  1860  1830  1200   870  1460  1820  2480  2890  1930  1600  2060          
ILP50B  1870  1830   870  1210  1010  1610  3070  1830  1780  2890  2290          
ILP50B  1880  2060  1560  1730  1580  1770  1580  1160  1670  1350   850          
ILP50B  1890  1240   430   820  1020   670   740  1660  1290  1360  2050          
ILP50B  1900  1080   830  1130   830   610   770   860   680   660  1430          
ILP50B  1910   960  1410  1010   880   820   840   900   850   590  1400          
ILP50B  1920  1590  2900  2960  1790  2600  1790  1810  1060  1160  2200          
ILP50B  1930  2570  1140  2440  3280  1330  1700  1290  1420  1490  1550          
ILP50B  1940  1780  1850  1030   890  1310  1100   940  1440  1190  1290          
ILP50B  1950  1400  1130  1210  1340  1500  1500  2100  2150  1180  1580          
ILP50B  1960   970  1070   370   280   440   440   600   860   730   900          
ILP50B  1970   940   850   460   760   390   690   320   550   760  1110          
ILP50B  1980  1060  1060  1380  1250  1260  1490  1730  1900  1520  1160          
ILP50B  1990  1990  1960  1510  1890  2060  2260  1810  2470  1980  1140          
ILP50B  2000  1820  1560 -9999     
