# Northeast Arizona Tribal Lands 650 Year Seasonal Precipitation Reconstructions
#----------------------------------------------------------------------- 
#                World Data Center for Paleoclimatology, Boulder 
#                                  and 
#                     NOAA Paleoclimatology Program 
#----------------------------------------------------------------------- 
# NOTE: Please cite original reference when using these data,
# plus the Online Resource and date accessed.
#
# Online_Resource: http://hurricane.ncdc.noaa.gov/pls/paleox/f?p=519:1:::::P1_STUDY_ID:14208
#
# Original_Source_URL: ftp://ftp.ncdc.noaa.gov/pub/data/paleo/treering/reconstructions/northamerica/usa/ne-arizona2013precip.txt
# 
# Description/Documentation lines begin with #
# Data lines have no #
#
# Archive: Climate Reconstructions
#--------------------
# Contribution_Date
#	Date: 2013-04-16
#--------------------
# Title
#	Study_Name: Northeast Arizona Tribal Lands 650 Year Seasonal Precipitation Reconstructions
#--------------------
# Investigators
#      Investigators: Faulstich, H.L.; Woodhouse, C.A.; Griffin, D. 
#--------------------
# Description_and_Notes
#      Description: A network of nine Douglas-fir (Pseudotsuga menziesii) and six ponderosa pine (Pinus ponderosa) 
#                   chronologies from the Four Corners region were updated through the 21st century for this study. 
#                   Earlywood and latewood widths widths were measured on both the archived and newly collected 
#                   tree-ring samples.  Stepwise multiple linear regression was used to generate reconstruction 
#                   models by calibrating the tree-ring chronologies with seasonal precipitation data over their 
#                   common period (1896-2008 AD). Centuries-long reconstructions of both cool- (October-April) 
#                   and warm-season (July-August) precipitation were generated. 
#--------------------
# Publication 
#       Authors: Holly L. Faulstich, Connie A. Woodhouse, Daniel Griffin 
#       Published_Date_or_Year: 2012-11-21      
#       Published_Title: Reconstructed cool- and warm-season precipitation over the tribal lands of northeastern Arizona
#       Journal_Name: Climatic Change
#       Volume: 
#       Edition: 
#       Issue: 
#       Pages: 
#       DOI: 10.1007/s10584-012-0626-y
#       Abstract: For over a decade, the Hopi Tribe and Navajo Nation of northeastern Arizona have suffered the effects of persistent drought conditions. Severe dry spells have critically impacted natural ecosystems, water resources, and regional livelihoods including dryland farming and ranching. Drought planning and resource management efforts in the region are based largely on the instrumental climate record, which contains a limited number of severe, sustained droughts. In this study, a new network of moisture-sensitive tree-ring chronologies provides the basis for evaluating the longer-term temporal variability of precipitation in the Four Corners region. By analyzing the earlywood and latewood components within each annual tree ring, we are able to generate separate, centuries-long reconstructions of both cool- (October-April) and warm-season (July-August) precipitation. These proxy records offer new insights into seasonal drought characteristics and indicate that the instrumental record fails to adequately represent precipitation variability over the past 400 years. Through the use of two different analysis techniques, we identify multiyear and decadal-scale drought events more severe than any in the modern era. Furthermore, the reconstructions suggest that many of the historically significant droughts of the past (e.g., 17th century Puebloan drought) were not merely winter phenomena, but persisted through the summer season as well. By comparing these proxy records with historical documents, we are able to independently validate the reconstructions and better understand the socioeconomic and environmental significance of past climate anomalies on the tribal lands of northeastern Arizona.
#------------------
# Funding_Agency 
#       Funding_Agency_Name: US National Oceanic and Atmospheric Administration 
#       Grant: NA07OAR4310382
#------------------
# Funding_Agency 
#       Funding_Agency_Name: US National Science Foundation 
#       Grant: 0823090 
#------------------
# Site_Information 
#       Site_Name: Northeast Arizona Tribal Lands
#       Location: North America>United States of America>Arizona
#	Country: United States of America
#	Northernmost_Latitude: 37.00
# 	Southernmost_Latitude: 35.00
# 	Easternmost_Longitude: -108.53
# 	Westernmost_Longitude: -111.75
# 	Elevation:  m  
#------------------
# Data_Collection   
#	Collection_Name: NEArizona2013precip 
#	Earliest_Year: 1349
#	Most_Recent_Year: 2008
#	Time_Unit: AD
#	Core_Length: m
#	Notes: 
#------------------
# Chronology: 
#
# 
# 	
#----------------	
# Variables 
#
# Data variables follow (have no #)
# Data line variables format:  Variables list, one per line, shortname-tab-longname-tab-longname components (9 components: what, material, error, units, seasonality, archive, detail, method, C or N for Character or Numeric data) 
#
## age_AD	age, , , AD, , , , ,N
## precip-ONDJFMA	Precipitation, , , mm, October-April, , , observed, N 
## precipanom-ONDJFMA	Precipitation Anomaly, , , z scores, October-April, , , observed standardized anomalies, N 
## preciprec-ONDJFMA	Precipitation, , , mm, October-April, , , reconstructed, N 
## preciprecanom-ONDJFMA	Precipitation Anomaly, , , z scores, October-April, , , reconstructed standardized anomalies, N 
## precip-JA	Precipitation, , , mm, July-August, , , observed, N 
## precipanom-JA	Precipitation Anomaly, , , z scores, July-August, , , observed standardized anomalies, N 
## preciprec-JA	Precipitation, , , mm, July-August, , , reconstructed, N 
## preciprecanom-JA	Precipitation Anomaly, , , z scores, July-August, , , reconstructed standardized anomalies, N
# 
#----------------
# Data:
# Data lines follow (have no #)
# Data line format - tab-delimited text, variable short name as header
# Missing Values: -9999 
age_AD	precip-ONDJFMA	precipanom-ONDJFMA	preciprec-ONDJFMA	preciprecanom-ONDJFMA	precip-JA	precipanom-JA	preciprec-JA	preciprecanom-JA
1349	-9999	-9999	90.45	-0.689	-9999	-9999	-9999	-9999
1350	-9999	-9999	82.507	-0.945	-9999	-9999	-9999	-9999
1351	-9999	-9999	105.696	-0.197	-9999	-9999	-9999	-9999
1352	-9999	-9999	107.454	-0.14	-9999	-9999	-9999	-9999
1353	-9999	-9999	138.445	0.86	-9999	-9999	-9999	-9999
1354	-9999	-9999	118.75	0.224	-9999	-9999	-9999	-9999
1355	-9999	-9999	89.923	-0.706	-9999	-9999	-9999	-9999
1356	-9999	-9999	134.053	0.718	-9999	-9999	-9999	-9999
1357	-9999	-9999	168.278	1.822	-9999	-9999	-9999	-9999
1358	-9999	-9999	141.877	0.97	-9999	-9999	-9999	-9999
1359	-9999	-9999	142.931	1.004	-9999	-9999	-9999	-9999
1360	-9999	-9999	83.834	-0.902	-9999	-9999	-9999	-9999
1361	-9999	-9999	83.85	-0.902	-9999	-9999	-9999	-9999
1362	-9999	-9999	77.051	-1.121	-9999	-9999	-9999	-9999
1363	-9999	-9999	81.047	-0.992	-9999	-9999	-9999	-9999
1364	-9999	-9999	114.02	0.071	-9999	-9999	-9999	-9999
1365	-9999	-9999	105.011	-0.219	-9999	-9999	-9999	-9999
1366	-9999	-9999	141.205	0.949	-9999	-9999	-9999	-9999
1367	-9999	-9999	113.306	0.048	-9999	-9999	-9999	-9999
1368	-9999	-9999	131.608	0.639	-9999	-9999	-9999	-9999
1369	-9999	-9999	93.364	-0.595	-9999	-9999	-9999	-9999
1370	-9999	-9999	140.985	0.941	-9999	-9999	-9999	-9999
1371	-9999	-9999	127.902	0.519	-9999	-9999	-9999	-9999
1372	-9999	-9999	110.843	-0.031	-9999	-9999	-9999	-9999
1373	-9999	-9999	161.135	1.592	-9999	-9999	-9999	-9999
1374	-9999	-9999	160.147	1.56	-9999	-9999	-9999	-9999
1375	-9999	-9999	59.171	-1.698	-9999	-9999	-9999	-9999
1376	-9999	-9999	61.229	-1.632	-9999	-9999	-9999	-9999
1377	-9999	-9999	138.178	0.851	-9999	-9999	-9999	-9999
1378	-9999	-9999	102.877	-0.288	-9999	-9999	-9999	-9999
1379	-9999	-9999	89.348	-0.725	-9999	-9999	-9999	-9999
1380	-9999	-9999	135.498	0.764	-9999	-9999	-9999	-9999
1381	-9999	-9999	122.5	0.345	-9999	-9999	-9999	-9999
1382	-9999	-9999	99.448	-0.399	-9999	-9999	-9999	-9999
1383	-9999	-9999	145.982	1.103	-9999	-9999	-9999	-9999
1384	-9999	-9999	122.925	0.359	-9999	-9999	-9999	-9999
1385	-9999	-9999	115.112	0.107	-9999	-9999	-9999	-9999
1386	-9999	-9999	154.003	1.362	-9999	-9999	-9999	-9999
1387	-9999	-9999	111.706	-0.003	-9999	-9999	-9999	-9999
1388	-9999	-9999	107.283	-0.146	-9999	-9999	-9999	-9999
1389	-9999	-9999	81.712	-0.971	-9999	-9999	-9999	-9999
1390	-9999	-9999	80.658	-1.005	-9999	-9999	-9999	-9999
1391	-9999	-9999	95.226	-0.535	-9999	-9999	-9999	-9999
1392	-9999	-9999	131.423	0.633	-9999	-9999	-9999	-9999
1393	-9999	-9999	100.899	-0.352	-9999	-9999	-9999	-9999
1394	-9999	-9999	121.831	0.323	-9999	-9999	-9999	-9999
1395	-9999	-9999	104.588	-0.233	-9999	-9999	-9999	-9999
1396	-9999	-9999	84.931	-0.867	-9999	-9999	-9999	-9999
1397	-9999	-9999	84.029	-0.896	-9999	-9999	-9999	-9999
1398	-9999	-9999	83.73	-0.906	-9999	-9999	-9999	-9999
1399	-9999	-9999	77.406	-1.11	-9999	-9999	-9999	-9999
1400	-9999	-9999	94.802	-0.549	-9999	-9999	-9999	-9999
1401	-9999	-9999	90.392	-0.691	-9999	-9999	-9999	-9999
1402	-9999	-9999	86.17	-0.827	-9999	-9999	-9999	-9999
1403	-9999	-9999	92.301	-0.629	-9999	-9999	-9999	-9999
1404	-9999	-9999	121.164	0.302	-9999	-9999	-9999	-9999
1405	-9999	-9999	105.875	-0.191	-9999	-9999	-9999	-9999
1406	-9999	-9999	101.042	-0.347	-9999	-9999	-9999	-9999
1407	-9999	-9999	91.046	-0.67	-9999	-9999	-9999	-9999
1408	-9999	-9999	82.402	-0.949	-9999	-9999	-9999	-9999
1409	-9999	-9999	125.833	0.453	-9999	-9999	-9999	-9999
1410	-9999	-9999	131.252	0.627	-9999	-9999	-9999	-9999
1411	-9999	-9999	121.824	0.323	-9999	-9999	-9999	-9999
1412	-9999	-9999	192.626	2.608	-9999	-9999	-9999	-9999
1413	-9999	-9999	60.863	-1.644	-9999	-9999	-9999	-9999
1414	-9999	-9999	175.274	2.048	-9999	-9999	-9999	-9999
1415	-9999	-9999	98.866	-0.417	-9999	-9999	-9999	-9999
1416	-9999	-9999	147.579	1.154	-9999	-9999	-9999	-9999
1417	-9999	-9999	191.9	2.584	-9999	-9999	-9999	-9999
1418	-9999	-9999	92.346	-0.628	-9999	-9999	-9999	-9999
1419	-9999	-9999	68.849	-1.386	-9999	-9999	-9999	-9999
1420	-9999	-9999	130.33	0.598	-9999	-9999	-9999	-9999
1421	-9999	-9999	78.351	-1.079	-9999	-9999	-9999	-9999
1422	-9999	-9999	121.404	0.31	-9999	-9999	-9999	-9999
1423	-9999	-9999	108.034	-0.122	-9999	-9999	-9999	-9999
1424	-9999	-9999	122.91	0.358	-9999	-9999	-9999	-9999
1425	-9999	-9999	105.093	-0.217	-9999	-9999	-9999	-9999
1426	-9999	-9999	128.386	0.535	-9999	-9999	-9999	-9999
1427	-9999	-9999	154.841	1.389	-9999	-9999	-9999	-9999
1428	-9999	-9999	162.618	1.64	-9999	-9999	-9999	-9999
1429	-9999	-9999	103.216	-0.277	-9999	-9999	-9999	-9999
1430	-9999	-9999	97.207	-0.471	-9999	-9999	-9999	-9999
1431	-9999	-9999	165.601	1.736	-9999	-9999	-9999	-9999
1432	-9999	-9999	176.108	2.075	-9999	-9999	-9999	-9999
1433	-9999	-9999	141.419	0.956	-9999	-9999	-9999	-9999
1434	-9999	-9999	118.987	0.232	-9999	-9999	-9999	-9999
1435	-9999	-9999	92.341	-0.628	-9999	-9999	-9999	-9999
1436	-9999	-9999	105.254	-0.211	-9999	-9999	-9999	-9999
1437	-9999	-9999	105.571	-0.201	-9999	-9999	-9999	-9999
1438	-9999	-9999	79.873	-1.03	-9999	-9999	-9999	-9999
1439	-9999	-9999	102.004	-0.316	-9999	-9999	-9999	-9999
1440	-9999	-9999	125.599	0.445	-9999	-9999	-9999	-9999
1441	-9999	-9999	123.072	0.364	-9999	-9999	-9999	-9999
1442	-9999	-9999	77.331	-1.112	-9999	-9999	-9999	-9999
1443	-9999	-9999	106.541	-0.17	-9999	-9999	-9999	-9999
1444	-9999	-9999	96.373	-0.498	-9999	-9999	-9999	-9999
1445	-9999	-9999	94.393	-0.562	-9999	-9999	-9999	-9999
1446	-9999	-9999	62.217	-1.6	-9999	-9999	-9999	-9999
1447	-9999	-9999	140.387	0.922	-9999	-9999	-9999	-9999
1448	-9999	-9999	84.822	-0.871	-9999	-9999	-9999	-9999
1449	-9999	-9999	86.718	-0.809	-9999	-9999	-9999	-9999
1450	-9999	-9999	62.828	-1.58	-9999	-9999	-9999	-9999
1451	-9999	-9999	144.318	1.049	-9999	-9999	-9999	-9999
1452	-9999	-9999	121.91	0.326	-9999	-9999	-9999	-9999
1453	-9999	-9999	152.333	1.308	-9999	-9999	-9999	-9999
1454	-9999	-9999	90.798	-0.678	-9999	-9999	-9999	-9999
1455	-9999	-9999	36.177	-2.44	-9999	-9999	-9999	-9999
1456	-9999	-9999	123.928	0.391	-9999	-9999	-9999	-9999
1457	-9999	-9999	75.8	-1.162	-9999	-9999	-9999	-9999
1458	-9999	-9999	170.752	1.902	-9999	-9999	-9999	-9999
1459	-9999	-9999	116.378	0.148	-9999	-9999	-9999	-9999
1460	-9999	-9999	91.732	-0.648	-9999	-9999	-9999	-9999
1461	-9999	-9999	94.23	-0.567	-9999	-9999	-9999	-9999
1462	-9999	-9999	128.179	0.528	-9999	-9999	-9999	-9999
1463	-9999	-9999	81.321	-0.984	-9999	-9999	-9999	-9999
1464	-9999	-9999	67.525	-1.429	-9999	-9999	-9999	-9999
1465	-9999	-9999	98.502	-0.429	-9999	-9999	-9999	-9999
1466	-9999	-9999	144.101	1.042	-9999	-9999	-9999	-9999
1467	-9999	-9999	155.316	1.404	-9999	-9999	-9999	-9999
1468	-9999	-9999	116.869	0.163	-9999	-9999	-9999	-9999
1469	-9999	-9999	122.446	0.343	-9999	-9999	-9999	-9999
1470	-9999	-9999	135.273	0.757	-9999	-9999	-9999	-9999
1471	-9999	-9999	60.738	-1.648	-9999	-9999	-9999	-9999
1472	-9999	-9999	78.364	-1.079	-9999	-9999	-9999	-9999
1473	-9999	-9999	95.298	-0.533	-9999	-9999	-9999	-9999
1474	-9999	-9999	89.889	-0.707	-9999	-9999	-9999	-9999
1475	-9999	-9999	98.94	-0.415	-9999	-9999	-9999	-9999
1476	-9999	-9999	122.635	0.349	-9999	-9999	-9999	-9999
1477	-9999	-9999	129.113	0.558	-9999	-9999	-9999	-9999
1478	-9999	-9999	83.034	-0.928	-9999	-9999	-9999	-9999
1479	-9999	-9999	99.573	-0.395	-9999	-9999	-9999	-9999
1480	-9999	-9999	73.382	-1.24	-9999	-9999	-9999	-9999
1481	-9999	-9999	116.741	0.159	-9999	-9999	-9999	-9999
1482	-9999	-9999	116.536	0.153	-9999	-9999	-9999	-9999
1483	-9999	-9999	122.126	0.333	-9999	-9999	-9999	-9999
1484	-9999	-9999	154.081	1.364	-9999	-9999	-9999	-9999
1485	-9999	-9999	142.861	1.002	-9999	-9999	-9999	-9999
1486	-9999	-9999	105.528	-0.203	-9999	-9999	-9999	-9999
1487	-9999	-9999	85.527	-0.848	-9999	-9999	-9999	-9999
1488	-9999	-9999	125.301	0.435	-9999	-9999	-9999	-9999
1489	-9999	-9999	153.861	1.357	-9999	-9999	-9999	-9999
1490	-9999	-9999	113.871	0.067	-9999	-9999	-9999	-9999
1491	-9999	-9999	184.224	2.337	-9999	-9999	-9999	-9999
1492	-9999	-9999	139.75	0.902	-9999	-9999	-9999	-9999
1493	-9999	-9999	122.849	0.356	-9999	-9999	-9999	-9999
1494	-9999	-9999	111.462	-0.011	-9999	-9999	-9999	-9999
1495	-9999	-9999	46.623	-2.103	-9999	-9999	-9999	-9999
1496	-9999	-9999	77.064	-1.121	-9999	-9999	-9999	-9999
1497	-9999	-9999	127.241	0.498	-9999	-9999	-9999	-9999
1498	-9999	-9999	142.603	0.994	-9999	-9999	-9999	-9999
1499	-9999	-9999	124.308	0.403	-9999	-9999	-9999	-9999
1500	-9999	-9999	47.658	-2.07	-9999	-9999	-9999	-9999
1501	-9999	-9999	95.491	-0.526	-9999	-9999	-9999	-9999
1502	-9999	-9999	112.869	0.034	-9999	-9999	-9999	-9999
1503	-9999	-9999	114.546	0.088	-9999	-9999	-9999	-9999
1504	-9999	-9999	123.37	0.373	-9999	-9999	-9999	-9999
1505	-9999	-9999	117.138	0.172	-9999	-9999	-9999	-9999
1506	-9999	-9999	66.863	-1.45	-9999	-9999	-9999	-9999
1507	-9999	-9999	126.709	0.481	-9999	-9999	-9999	-9999
1508	-9999	-9999	88.361	-0.756	-9999	-9999	-9999	-9999
1509	-9999	-9999	124.677	0.415	-9999	-9999	-9999	-9999
1510	-9999	-9999	80.949	-0.996	-9999	-9999	-9999	-9999
1511	-9999	-9999	150.019	1.233	-9999	-9999	-9999	-9999
1512	-9999	-9999	128.538	0.54	-9999	-9999	-9999	-9999
1513	-9999	-9999	136.454	0.795	-9999	-9999	-9999	-9999
1514	-9999	-9999	170.146	1.882	-9999	-9999	-9999	-9999
1515	-9999	-9999	137.812	0.839	-9999	-9999	-9999	-9999
1516	-9999	-9999	107.492	-0.139	-9999	-9999	-9999	-9999
1517	-9999	-9999	59.641	-1.683	-9999	-9999	-9999	-9999
1518	-9999	-9999	134.842	0.743	-9999	-9999	-9999	-9999
1519	-9999	-9999	161.366	1.599	-9999	-9999	-9999	-9999
1520	-9999	-9999	157.308	1.468	-9999	-9999	-9999	-9999
1521	-9999	-9999	105.912	-0.19	-9999	-9999	-9999	-9999
1522	-9999	-9999	59.417	-1.69	-9999	-9999	-9999	-9999
1523	-9999	-9999	88.985	-0.736	-9999	-9999	-9999	-9999
1524	-9999	-9999	108.108	-0.119	-9999	-9999	-9999	-9999
1525	-9999	-9999	96.013	-0.51	-9999	-9999	-9999	-9999
1526	-9999	-9999	138.994	0.877	-9999	-9999	-9999	-9999
1527	-9999	-9999	119.386	0.245	-9999	-9999	-9999	-9999
1528	-9999	-9999	116.439	0.15	-9999	-9999	-9999	-9999
1529	-9999	-9999	123.991	0.393	-9999	-9999	-9999	-9999
1530	-9999	-9999	133.441	0.698	-9999	-9999	-9999	-9999
1531	-9999	-9999	146.808	1.129	-9999	-9999	-9999	-9999
1532	-9999	-9999	68.469	-1.398	-9999	-9999	-9999	-9999
1533	-9999	-9999	94.793	-0.549	-9999	-9999	-9999	-9999
1534	-9999	-9999	102.083	-0.314	-9999	-9999	-9999	-9999
1535	-9999	-9999	115.71	0.126	-9999	-9999	-9999	-9999
1536	-9999	-9999	126.411	0.471	-9999	-9999	-9999	-9999
1537	-9999	-9999	147.479	1.151	-9999	-9999	-9999	-9999
1538	-9999	-9999	54.748	-1.841	-9999	-9999	-9999	-9999
1539	-9999	-9999	129.679	0.577	-9999	-9999	-9999	-9999
1540	-9999	-9999	152.421	1.31	-9999	-9999	-9999	-9999
1541	-9999	-9999	107.686	-0.133	-9999	-9999	-9999	-9999
1542	-9999	-9999	37.995	-2.381	-9999	-9999	-9999	-9999
1543	-9999	-9999	135.177	0.754	-9999	-9999	-9999	-9999
1544	-9999	-9999	83.644	-0.909	-9999	-9999	-9999	-9999
1545	-9999	-9999	129.879	0.583	-9999	-9999	-9999	-9999
1546	-9999	-9999	89.993	-0.704	-9999	-9999	-9999	-9999
1547	-9999	-9999	96.222	-0.503	-9999	-9999	-9999	-9999
1548	-9999	-9999	89.649	-0.715	-9999	-9999	-9999	-9999
1549	-9999	-9999	131.808	0.645	-9999	-9999	-9999	-9999
1550	-9999	-9999	154.415	1.375	-9999	-9999	-9999	-9999
1551	-9999	-9999	90.208	-0.697	-9999	-9999	-9999	-9999
1552	-9999	-9999	89.932	-0.706	-9999	-9999	-9999	-9999
1553	-9999	-9999	141.347	0.953	-9999	-9999	-9999	-9999
1554	-9999	-9999	79.74	-1.035	-9999	-9999	-9999	-9999
1555	-9999	-9999	116.233	0.143	-9999	-9999	-9999	-9999
1556	-9999	-9999	145.055	1.073	-9999	-9999	-9999	-9999
1557	-9999	-9999	161.674	1.609	-9999	-9999	-9999	-9999
1558	-9999	-9999	110.588	-0.039	-9999	-9999	-9999	-9999
1559	-9999	-9999	119.005	0.232	-9999	-9999	-9999	-9999
1560	-9999	-9999	110.357	-0.047	-9999	-9999	-9999	-9999
1561	-9999	-9999	84.719	-0.874	-9999	-9999	-9999	-9999
1562	-9999	-9999	83.853	-0.902	-9999	-9999	-9999	-9999
1563	-9999	-9999	109.365	-0.079	-9999	-9999	-9999	-9999
1564	-9999	-9999	137.159	0.818	-9999	-9999	-9999	-9999
1565	-9999	-9999	155.254	1.402	-9999	-9999	-9999	-9999
1566	-9999	-9999	130.345	0.598	-9999	-9999	-9999	-9999
1567	-9999	-9999	100.37	-0.369	-9999	-9999	-9999	-9999
1568	-9999	-9999	141.999	0.974	-9999	-9999	-9999	-9999
1569	-9999	-9999	158.137	1.495	-9999	-9999	-9999	-9999
1570	-9999	-9999	127.141	0.495	-9999	-9999	-9999	-9999
1571	-9999	-9999	97.767	-0.453	-9999	-9999	-9999	-9999
1572	-9999	-9999	104.314	-0.242	-9999	-9999	-9999	-9999
1573	-9999	-9999	82.268	-0.953	-9999	-9999	-9999	-9999
1574	-9999	-9999	99.796	-0.387	-9999	-9999	-9999	-9999
1575	-9999	-9999	112.869	0.034	-9999	-9999	-9999	-9999
1576	-9999	-9999	89.807	-0.71	-9999	-9999	-9999	-9999
1577	-9999	-9999	129.133	0.559	-9999	-9999	-9999	-9999
1578	-9999	-9999	99.548	-0.395	-9999	-9999	-9999	-9999
1579	-9999	-9999	66.572	-1.459	-9999	-9999	-9999	-9999
1580	-9999	-9999	74.279	-1.211	-9999	-9999	-9999	-9999
1581	-9999	-9999	113.512	0.055	-9999	-9999	-9999	-9999
1582	-9999	-9999	102.726	-0.293	-9999	-9999	-9999	-9999
1583	-9999	-9999	77.28	-1.114	-9999	-9999	-9999	-9999
1584	-9999	-9999	64.285	-1.533	-9999	-9999	-9999	-9999
1585	-9999	-9999	72.486	-1.269	-9999	-9999	-9999	-9999
1586	-9999	-9999	136.029	0.782	-9999	-9999	-9999	-9999
1587	-9999	-9999	105.851	-0.192	-9999	-9999	-9999	-9999
1588	-9999	-9999	160.353	1.566	-9999	-9999	-9999	-9999
1589	-9999	-9999	99.486	-0.397	-9999	-9999	-9999	-9999
1590	-9999	-9999	44.79	-2.162	-9999	-9999	-9999	-9999
1591	-9999	-9999	145.426	1.085	-9999	-9999	-9999	-9999
1592	-9999	-9999	79.529	-1.041	-9999	-9999	-9999	-9999
1593	-9999	-9999	73.2	-1.246	-9999	-9999	-9999	-9999
1594	-9999	-9999	182.866	2.293	-9999	-9999	-9999	-9999
1595	-9999	-9999	131.475	0.635	-9999	-9999	-9999	-9999
1596	-9999	-9999	109.621	-0.07	-9999	-9999	-9999	-9999
1597	-9999	-9999	107.829	-0.128	-9999	-9999	38.895	-1.748
1598	-9999	-9999	85.643	-0.844	-9999	-9999	83.427	0.632
1599	-9999	-9999	105.442	-0.205	-9999	-9999	91.567	1.067
1600	-9999	-9999	58.217	-1.729	-9999	-9999	51.248	-1.088
1601	-9999	-9999	107.385	-0.143	-9999	-9999	58.214	-0.716
1602	-9999	-9999	101.208	-0.342	-9999	-9999	62.651	-0.478
1603	-9999	-9999	99.08	-0.411	-9999	-9999	80.232	0.461
1604	-9999	-9999	106.465	-0.172	-9999	-9999	91.856	1.083
1605	-9999	-9999	122.102	0.332	-9999	-9999	48.426	-1.239
1606	-9999	-9999	114.851	0.098	-9999	-9999	65.704	-0.315
1607	-9999	-9999	94.779	-0.549	-9999	-9999	98.603	1.443
1608	-9999	-9999	135.317	0.759	-9999	-9999	40.832	-1.645
1609	-9999	-9999	138.658	0.866	-9999	-9999	81.917	0.552
1610	-9999	-9999	155.051	1.395	-9999	-9999	63.341	-0.442
1611	-9999	-9999	137.114	0.817	-9999	-9999	58.239	-0.714
1612	-9999	-9999	129.1	0.558	-9999	-9999	86.334	0.788
1613	-9999	-9999	132.52	0.668	-9999	-9999	35.017	-1.956
1614	-9999	-9999	88.577	-0.749	-9999	-9999	119.423	2.557
1615	-9999	-9999	122.706	0.352	-9999	-9999	59.824	-0.63
1616	-9999	-9999	138.572	0.864	-9999	-9999	72.755	0.062
1617	-9999	-9999	151	1.265	-9999	-9999	70.421	-0.063
1618	-9999	-9999	167.631	1.801	-9999	-9999	110.3	2.069
1619	-9999	-9999	131.84	0.646	-9999	-9999	98.269	1.426
1620	-9999	-9999	163.653	1.673	-9999	-9999	68.654	-0.157
1621	-9999	-9999	163.895	1.681	-9999	-9999	58.804	-0.684
1622	-9999	-9999	92.51	-0.623	-9999	-9999	85.269	0.731
1623	-9999	-9999	74.061	-1.218	-9999	-9999	64.06	-0.403
1624	-9999	-9999	56.875	-1.772	-9999	-9999	67.379	-0.226
1625	-9999	-9999	82.146	-0.957	-9999	-9999	81.974	0.555
1626	-9999	-9999	67.234	-1.438	-9999	-9999	67.897	-0.198
1627	-9999	-9999	113.029	0.04	-9999	-9999	67.719	-0.207
1628	-9999	-9999	115.116	0.107	-9999	-9999	63.53	-0.431
1629	-9999	-9999	124.006	0.394	-9999	-9999	83.968	0.661
1630	-9999	-9999	125.779	0.451	-9999	-9999	47.463	-1.29
1631	-9999	-9999	90.544	-0.686	-9999	-9999	95.377	1.271
1632	-9999	-9999	71.573	-1.298	-9999	-9999	48.411	-1.24
1633	-9999	-9999	124.517	0.41	-9999	-9999	87.204	0.834
1634	-9999	-9999	144.211	1.046	-9999	-9999	78.99	0.395
1635	-9999	-9999	114.813	0.097	-9999	-9999	41.737	-1.596
1636	-9999	-9999	81.919	-0.964	-9999	-9999	128.287	3.03
1637	-9999	-9999	71.22	-1.309	-9999	-9999	74.418	0.151
1638	-9999	-9999	92.314	-0.629	-9999	-9999	66.564	-0.269
1639	-9999	-9999	114.453	0.085	-9999	-9999	47.305	-1.299
1640	-9999	-9999	140.246	0.918	-9999	-9999	60.544	-0.591
1641	-9999	-9999	116.301	0.145	-9999	-9999	71.253	-0.019
1642	-9999	-9999	117.539	0.185	-9999	-9999	86.234	0.782
1643	-9999	-9999	137.511	0.829	-9999	-9999	71.146	-0.024
1644	-9999	-9999	112.66	0.028	-9999	-9999	78.493	0.368
1645	-9999	-9999	84.403	-0.884	-9999	-9999	89.697	0.967
1646	-9999	-9999	168.037	1.814	-9999	-9999	59.289	-0.658
1647	-9999	-9999	130.33	0.598	-9999	-9999	54.504	-0.914
1648	-9999	-9999	61.815	-1.613	-9999	-9999	68.526	-0.164
1649	-9999	-9999	169.746	1.869	-9999	-9999	94.085	1.202
1650	-9999	-9999	119.463	0.247	-9999	-9999	74.323	0.146
1651	-9999	-9999	149.287	1.209	-9999	-9999	57.03	-0.779
1652	-9999	-9999	100.47	-0.366	-9999	-9999	106.86	1.885
1653	-9999	-9999	142.842	1.001	-9999	-9999	50.177	-1.145
1654	-9999	-9999	60.778	-1.646	-9999	-9999	85.68	0.753
1655	-9999	-9999	143.526	1.023	-9999	-9999	69.967	-0.087
1656	-9999	-9999	149.877	1.228	-9999	-9999	50.133	-1.148
1657	-9999	-9999	102.082	-0.314	-9999	-9999	76.397	0.256
1658	-9999	-9999	104.694	-0.229	-9999	-9999	57.805	-0.737
1659	-9999	-9999	70.664	-1.327	-9999	-9999	73.134	0.082
1660	-9999	-9999	124.114	0.397	-9999	-9999	51.052	-1.098
1661	-9999	-9999	103.199	-0.278	-9999	-9999	72.417	0.044
1662	-9999	-9999	95.708	-0.519	-9999	-9999	111.093	2.111
1663	-9999	-9999	94.438	-0.56	-9999	-9999	85.839	0.761
1664	-9999	-9999	82.81	-0.936	-9999	-9999	55.519	-0.86
1665	-9999	-9999	125.566	0.444	-9999	-9999	69.221	-0.127
1666	-9999	-9999	113.195	0.045	-9999	-9999	87.521	0.851
1667	-9999	-9999	95.661	-0.521	-9999	-9999	39.853	-1.697
1668	-9999	-9999	79.555	-1.041	-9999	-9999	49.89	-1.161
1669	-9999	-9999	81.533	-0.977	-9999	-9999	56.11	-0.828
1670	-9999	-9999	60.305	-1.662	-9999	-9999	67.569	-0.216
1671	-9999	-9999	114.867	0.099	-9999	-9999	63.453	-0.436
1672	-9999	-9999	95.842	-0.515	-9999	-9999	88.188	0.887
1673	-9999	-9999	133.95	0.715	-9999	-9999	48.694	-1.225
1674	-9999	-9999	94.896	-0.546	-9999	-9999	67.647	-0.211
1675	-9999	-9999	127.242	0.498	-9999	-9999	73.214	0.086
1676	-9999	-9999	71.067	-1.314	-9999	-9999	70.724	-0.047
1677	-9999	-9999	109.15	-0.086	-9999	-9999	88.183	0.886
1678	-9999	-9999	115.271	0.112	-9999	-9999	62.48	-0.488
1679	-9999	-9999	90.997	-0.671	-9999	-9999	72.1	0.027
1680	-9999	-9999	135.827	0.775	-9999	-9999	87.414	0.845
1681	-9999	-9999	143.653	1.028	-9999	-9999	70.845	-0.04
1682	-9999	-9999	143.038	1.008	-9999	-9999	63.145	-0.452
1683	-9999	-9999	145.854	1.099	-9999	-9999	66.24	-0.287
1684	-9999	-9999	69.611	-1.361	-9999	-9999	94.952	1.248
1685	-9999	-9999	28.637	-2.683	-9999	-9999	51.019	-1.1
1686	-9999	-9999	109.976	-0.059	-9999	-9999	58.076	-0.723
1687	-9999	-9999	141.7	0.965	-9999	-9999	79.695	0.433
1688	-9999	-9999	108.814	-0.096	-9999	-9999	98.252	1.425
1689	-9999	-9999	115.537	0.12	-9999	-9999	66.897	-0.251
1690	-9999	-9999	141.543	0.96	-9999	-9999	49.988	-1.155
1691	-9999	-9999	120.059	0.266	-9999	-9999	76.786	0.277
1692	-9999	-9999	137.114	0.817	-9999	-9999	80.914	0.498
1693	-9999	-9999	150.852	1.26	-9999	-9999	39.245	-1.73
1694	-9999	-9999	107.89	-0.126	-9999	-9999	82.239	0.569
1695	-9999	-9999	118.88	0.228	-9999	-9999	58.923	-0.678
1696	-9999	-9999	79.517	-1.042	-9999	-9999	66.572	-0.269
1697	-9999	-9999	81.445	-0.98	-9999	-9999	77.43	0.312
1698	-9999	-9999	77.99	-1.091	-9999	-9999	91.509	1.064
1699	-9999	-9999	131.119	0.623	-9999	-9999	73.886	0.122
1700	-9999	-9999	106.421	-0.174	-9999	-9999	99.829	1.509
1701	-9999	-9999	171.799	1.936	-9999	-9999	44.59	-1.444
1702	-9999	-9999	115.938	0.133	-9999	-9999	91.867	1.083
1703	-9999	-9999	103.179	-0.278	-9999	-9999	69.293	-0.123
1704	-9999	-9999	98.46	-0.431	-9999	-9999	49.477	-1.183
1705	-9999	-9999	97.517	-0.461	-9999	-9999	104.385	1.753
1706	-9999	-9999	143.98	1.038	-9999	-9999	103.642	1.713
1707	-9999	-9999	121.468	0.312	-9999	-9999	41.863	-1.59
1708	-9999	-9999	109.515	-0.074	-9999	-9999	46.292	-1.353
1709	-9999	-9999	88.961	-0.737	-9999	-9999	77.964	0.34
1710	-9999	-9999	147.636	1.156	-9999	-9999	83.069	0.613
1711	-9999	-9999	125.229	0.433	-9999	-9999	103.457	1.703
1712	-9999	-9999	136.936	0.811	-9999	-9999	44.028	-1.474
1713	-9999	-9999	127.017	0.491	-9999	-9999	67.801	-0.203
1714	-9999	-9999	115.94	0.133	-9999	-9999	75.51	0.209
1715	-9999	-9999	121.438	0.311	-9999	-9999	72.8	0.064
1716	-9999	-9999	70.986	-1.317	-9999	-9999	72.576	0.052
1717	-9999	-9999	126.526	0.475	-9999	-9999	66.221	-0.288
1718	-9999	-9999	116.364	0.147	-9999	-9999	75.422	0.204
1719	-9999	-9999	123.554	0.379	-9999	-9999	71.437	-0.009
1720	-9999	-9999	159.831	1.55	-9999	-9999	105.959	1.837
1721	-9999	-9999	132.283	0.661	-9999	-9999	51.769	-1.06
1722	-9999	-9999	63.603	-1.555	-9999	-9999	98.473	1.437
1723	-9999	-9999	143.365	1.018	-9999	-9999	49.107	-1.202
1724	-9999	-9999	56.345	-1.789	-9999	-9999	113.062	2.216
1725	-9999	-9999	137.998	0.845	-9999	-9999	135.718	3.428
1726	-9999	-9999	142.979	1.006	-9999	-9999	58.476	-0.702
1727	-9999	-9999	137.922	0.843	-9999	-9999	21.907	-2.656
1728	-9999	-9999	39.302	-2.339	-9999	-9999	65.002	-0.353
1729	-9999	-9999	42.711	-2.229	-9999	-9999	57.414	-0.758
1730	-9999	-9999	97.833	-0.451	-9999	-9999	69.918	-0.09
1731	-9999	-9999	124.96	0.424	-9999	-9999	60.217	-0.609
1732	-9999	-9999	134.382	0.728	-9999	-9999	94.117	1.204
1733	-9999	-9999	67.609	-1.426	-9999	-9999	49.931	-1.158
1734	-9999	-9999	130.26	0.595	-9999	-9999	94.058	1.201
1735	-9999	-9999	49.223	-2.019	-9999	-9999	47.587	-1.284
1736	-9999	-9999	115.519	0.12	-9999	-9999	59.36	-0.654
1737	-9999	-9999	98.232	-0.438	-9999	-9999	52.461	-1.023
1738	-9999	-9999	93.996	-0.575	-9999	-9999	80.833	0.494
1739	-9999	-9999	109.23	-0.083	-9999	-9999	51.456	-1.077
1740	-9999	-9999	91.181	-0.665	-9999	-9999	63.059	-0.457
1741	-9999	-9999	103.958	-0.253	-9999	-9999	56.07	-0.83
1742	-9999	-9999	77.414	-1.11	-9999	-9999	69.079	-0.135
1743	-9999	-9999	134.971	0.747	-9999	-9999	53.548	-0.965
1744	-9999	-9999	99.874	-0.385	-9999	-9999	59.154	-0.665
1745	-9999	-9999	138.955	0.876	-9999	-9999	103.843	1.724
1746	-9999	-9999	169.631	1.866	-9999	-9999	100.671	1.554
1747	-9999	-9999	215.279	3.339	-9999	-9999	37.058	-1.847
1748	-9999	-9999	36.634	-2.425	-9999	-9999	64.587	-0.375
1749	-9999	-9999	174.306	2.017	-9999	-9999	54.882	-0.894
1750	-9999	-9999	121.077	0.299	-9999	-9999	77.578	0.32
1751	-9999	-9999	97.212	-0.471	-9999	-9999	100.275	1.533
1752	-9999	-9999	55.531	-1.816	-9999	-9999	43.772	-1.488
1753	-9999	-9999	116.349	0.147	-9999	-9999	70.309	-0.069
1754	-9999	-9999	128.641	0.543	-9999	-9999	90.549	1.013
1755	-9999	-9999	73.596	-1.233	-9999	-9999	63.418	-0.437
1756	-9999	-9999	108.942	-0.092	-9999	-9999	54.959	-0.89
1757	-9999	-9999	88.685	-0.746	-9999	-9999	65.72	-0.314
1758	-9999	-9999	123.28	0.37	-9999	-9999	113.27	2.228
1759	-9999	-9999	149.185	1.206	-9999	-9999	57.225	-0.768
1760	-9999	-9999	116.49	0.151	-9999	-9999	79.084	0.4
1761	-9999	-9999	65.17	-1.505	-9999	-9999	81.951	0.553
1762	-9999	-9999	146.62	1.123	-9999	-9999	80.858	0.495
1763	-9999	-9999	75.867	-1.16	-9999	-9999	51.301	-1.085
1764	-9999	-9999	127.035	0.491	-9999	-9999	93.03	1.146
1765	-9999	-9999	103.86	-0.256	-9999	-9999	124.14	2.809
1766	-9999	-9999	153.719	1.352	-9999	-9999	72.508	0.049
1767	-9999	-9999	115.412	0.116	-9999	-9999	100.163	1.527
1768	-9999	-9999	155.361	1.405	-9999	-9999	72.555	0.051
1769	-9999	-9999	152.21	1.304	-9999	-9999	84.927	0.712
1770	-9999	-9999	122.596	0.348	-9999	-9999	65.329	-0.335
1771	-9999	-9999	148.11	1.171	-9999	-9999	98.529	1.44
1772	-9999	-9999	113.382	0.051	-9999	-9999	44.521	-1.448
1773	-9999	-9999	35.983	-2.446	-9999	-9999	82.735	0.595
1774	-9999	-9999	106.152	-0.182	-9999	-9999	48.902	-1.213
1775	-9999	-9999	121.259	0.305	-9999	-9999	61.978	-0.514
1776	-9999	-9999	122.862	0.357	-9999	-9999	78.838	0.387
1777	-9999	-9999	76.787	-1.13	-9999	-9999	72.996	0.075
1778	-9999	-9999	114.67	0.092	-9999	-9999	49.311	-1.192
1779	-9999	-9999	100.544	-0.363	-9999	-9999	49.362	-1.189
1780	-9999	-9999	54.086	-1.862	-9999	-9999	58.678	-0.691
1781	-9999	-9999	127.845	0.518	-9999	-9999	60.97	-0.568
1782	-9999	-9999	85.323	-0.854	-9999	-9999	66.029	-0.298
1783	-9999	-9999	149.104	1.203	-9999	-9999	46.216	-1.357
1784	-9999	-9999	130.896	0.616	-9999	-9999	94.958	1.249
1785	-9999	-9999	117.709	0.191	-9999	-9999	54.732	-0.902
1786	-9999	-9999	88.123	-0.764	-9999	-9999	91.846	1.082
1787	-9999	-9999	144.719	1.062	-9999	-9999	70.519	-0.058
1788	-9999	-9999	69.679	-1.359	-9999	-9999	56.031	-0.832
1789	-9999	-9999	106.774	-0.162	-9999	-9999	82.647	0.591
1790	-9999	-9999	90.004	-0.703	-9999	-9999	68.696	-0.155
1791	-9999	-9999	142.25	0.982	-9999	-9999	73.002	0.075
1792	-9999	-9999	149.874	1.228	-9999	-9999	60.723	-0.581
1793	-9999	-9999	152.987	1.329	-9999	-9999	108.969	1.998
1794	-9999	-9999	94.634	-0.554	-9999	-9999	104.466	1.757
1795	-9999	-9999	142.712	0.997	-9999	-9999	55.544	-0.858
1796	-9999	-9999	106.484	-0.172	-9999	-9999	84.465	0.688
1797	-9999	-9999	120.062	0.266	-9999	-9999	73.195	0.085
1798	-9999	-9999	122.493	0.345	-9999	-9999	58.809	-0.684
1799	-9999	-9999	104.471	-0.237	-9999	-9999	76.601	0.267
1800	-9999	-9999	99.6	-0.394	-9999	-9999	91.437	1.06
1801	-9999	-9999	90.297	-0.694	-9999	-9999	71.377	-0.012
1802	-9999	-9999	141.45	0.956	-9999	-9999	55.72	-0.849
1803	-9999	-9999	92.379	-0.627	-9999	-9999	70.666	-0.05
1804	-9999	-9999	118.891	0.229	-9999	-9999	51.246	-1.088
1805	-9999	-9999	96.994	-0.478	-9999	-9999	86.78	0.811
1806	-9999	-9999	62.511	-1.59	-9999	-9999	51.244	-1.088
1807	-9999	-9999	143.131	1.011	-9999	-9999	70.606	-0.053
1808	-9999	-9999	105.576	-0.201	-9999	-9999	70.588	-0.054
1809	-9999	-9999	108.179	-0.117	-9999	-9999	86.378	0.79
1810	-9999	-9999	73.316	-1.242	-9999	-9999	63.82	-0.416
1811	-9999	-9999	90.173	-0.698	-9999	-9999	75.307	0.198
1812	-9999	-9999	106.222	-0.18	-9999	-9999	61.515	-0.539
1813	-9999	-9999	73.021	-1.251	-9999	-9999	63.879	-0.413
1814	-9999	-9999	112.531	0.023	-9999	-9999	46.233	-1.356
1815	-9999	-9999	124.127	0.398	-9999	-9999	109.734	2.039
1816	-9999	-9999	168.037	1.814	-9999	-9999	99.766	1.506
1817	-9999	-9999	172.609	1.962	-9999	-9999	31.598	-2.138
1818	-9999	-9999	43.1	-2.217	-9999	-9999	70.303	-0.069
1819	-9999	-9999	52.624	-1.909	-9999	-9999	72.311	0.038
1820	-9999	-9999	107.378	-0.143	-9999	-9999	64.169	-0.397
1821	-9999	-9999	145.585	1.09	-9999	-9999	44.545	-1.446
1822	-9999	-9999	62.478	-1.592	-9999	-9999	55.782	-0.846
1823	-9999	-9999	83.337	-0.919	-9999	-9999	73.316	0.092
1824	-9999	-9999	112.867	0.034	-9999	-9999	50.852	-1.109
1825	-9999	-9999	117.329	0.178	-9999	-9999	45.626	-1.389
1826	-9999	-9999	93.216	-0.6	-9999	-9999	82.41	0.578
1827	-9999	-9999	83.274	-0.921	-9999	-9999	98.23	1.424
1828	-9999	-9999	131.847	0.647	-9999	-9999	45.721	-1.383
1829	-9999	-9999	80.485	-1.011	-9999	-9999	73.134	0.082
1830	-9999	-9999	117.261	0.176	-9999	-9999	102.604	1.657
1831	-9999	-9999	101.94	-0.318	-9999	-9999	51.459	-1.077
1832	-9999	-9999	133.975	0.715	-9999	-9999	116.078	2.378
1833	-9999	-9999	145.992	1.103	-9999	-9999	80.812	0.492
1834	-9999	-9999	147.887	1.164	-9999	-9999	77.163	0.297
1835	-9999	-9999	147.105	1.139	-9999	-9999	68.381	-0.172
1836	-9999	-9999	108.277	-0.114	-9999	-9999	108.315	1.963
1837	-9999	-9999	142.12	0.978	-9999	-9999	49.583	-1.177
1838	-9999	-9999	147.638	1.156	-9999	-9999	72.601	0.053
1839	-9999	-9999	150.16	1.238	-9999	-9999	125.781	2.896
1840	-9999	-9999	156.541	1.443	-9999	-9999	87.141	0.831
1841	-9999	-9999	131.724	0.643	-9999	-9999	68.258	-0.179
1842	-9999	-9999	93.882	-0.578	-9999	-9999	62.337	-0.495
1843	-9999	-9999	98.164	-0.44	-9999	-9999	60.976	-0.568
1844	-9999	-9999	139.517	0.894	-9999	-9999	54.072	-0.937
1845	-9999	-9999	65.792	-1.485	-9999	-9999	70.893	-0.038
1846	-9999	-9999	127.867	0.518	-9999	-9999	63.231	-0.447
1847	-9999	-9999	53.913	-1.868	-9999	-9999	63.044	-0.457
1848	-9999	-9999	146.993	1.135	-9999	-9999	78.933	0.392
1849	-9999	-9999	132.668	0.673	-9999	-9999	77.628	0.322
1850	-9999	-9999	120.518	0.281	-9999	-9999	49.616	-1.175
1851	-9999	-9999	53.42	-1.884	-9999	-9999	54.283	-0.926
1852	-9999	-9999	150.985	1.264	-9999	-9999	74.168	0.137
1853	-9999	-9999	110.261	-0.05	-9999	-9999	83.429	0.632
1854	-9999	-9999	83.27	-0.921	-9999	-9999	79.439	0.419
1855	-9999	-9999	165.952	1.747	-9999	-9999	56.313	-0.817
1856	-9999	-9999	160.651	1.576	-9999	-9999	55.996	-0.834
1857	-9999	-9999	76.719	-1.132	-9999	-9999	68.074	-0.189
1858	-9999	-9999	134.753	0.74	-9999	-9999	75.253	0.195
1859	-9999	-9999	87.53	-0.783	-9999	-9999	101.952	1.623
1860	-9999	-9999	100.616	-0.361	-9999	-9999	60.186	-0.61
1861	-9999	-9999	36.056	-2.444	-9999	-9999	71.605	0
1862	-9999	-9999	156.545	1.444	-9999	-9999	43.282	-1.514
1863	-9999	-9999	103.225	-0.277	-9999	-9999	55.674	-0.851
1864	-9999	-9999	66.437	-1.464	-9999	-9999	74.431	0.151
1865	-9999	-9999	107.485	-0.139	-9999	-9999	75.602	0.214
1866	-9999	-9999	122.615	0.349	-9999	-9999	85.362	0.736
1867	-9999	-9999	138.596	0.864	-9999	-9999	58.908	-0.678
1868	-9999	-9999	116.394	0.148	-9999	-9999	103.499	1.705
1869	-9999	-9999	160.863	1.583	-9999	-9999	79.153	0.404
1870	-9999	-9999	100.813	-0.355	-9999	-9999	85.24	0.729
1871	-9999	-9999	113.97	0.07	-9999	-9999	57.374	-0.76
1872	-9999	-9999	71.873	-1.288	-9999	-9999	101.909	1.62
1873	-9999	-9999	111.05	-0.024	-9999	-9999	51.181	-1.092
1874	-9999	-9999	140.452	0.924	-9999	-9999	90.546	1.013
1875	-9999	-9999	73.501	-1.236	-9999	-9999	86.846	0.815
1876	-9999	-9999	83.206	-0.923	-9999	-9999	68.379	-0.172
1877	-9999	-9999	162.944	1.65	-9999	-9999	47.637	-1.281
1878	-9999	-9999	102.409	-0.303	-9999	-9999	82.744	0.596
1879	-9999	-9999	111.83	0.001	-9999	-9999	83.918	0.658
1880	-9999	-9999	64.666	-1.521	-9999	-9999	65.793	-0.31
1881	-9999	-9999	87.126	-0.796	-9999	-9999	83.785	0.651
1882	-9999	-9999	129.878	0.583	-9999	-9999	46.028	-1.367
1883	-9999	-9999	108.25	-0.115	-9999	-9999	77.558	0.318
1884	-9999	-9999	149.079	1.203	-9999	-9999	55.267	-0.873
1885	-9999	-9999	129.833	0.582	-9999	-9999	65.82	-0.309
1886	-9999	-9999	97.843	-0.45	-9999	-9999	84.79	0.705
1887	-9999	-9999	90.735	-0.68	-9999	-9999	67.786	-0.204
1888	-9999	-9999	145.489	1.087	-9999	-9999	56.695	-0.797
1889	-9999	-9999	120.735	0.288	-9999	-9999	64.03	-0.405
1890	-9999	-9999	107.923	-0.125	-9999	-9999	96.091	1.309
1891	-9999	-9999	131.251	0.627	-9999	-9999	47.683	-1.279
1892	-9999	-9999	119.451	0.247	-9999	-9999	61.78	-0.525
1893	-9999	-9999	79.322	-1.048	-9999	-9999	73.207	0.086
1894	-9999	-9999	62.097	-1.604	-9999	-9999	59.472	-0.648
1895	-9999	-9999	126.128	0.462	-9999	-9999	86.099	0.775
1896	102.362	-0.212	65.231	-1.503	77.978	0.244	69.798	-0.096
1897	124.714	0.289	127.777	0.515	37.338	-1.356	50.802	-1.112
1898	97.028	-0.332	100.602	-0.361	85.852	0.554	61.135	-0.559
1899	57.658	-1.215	51.032	-1.961	76.2	0.174	55.807	-0.844
1900	97.282	-0.326	100.685	-0.359	23.622	-1.896	49.435	-1.185
1901	84.328	-0.617	107.098	-0.152	55.626	-0.636	71.719	0.006
1902	42.672	-1.552	59.017	-1.703	35.052	-1.446	63.88	-0.413
1903	83.566	-0.634	114.85	0.098	48.768	-0.906	50.106	-1.149
1904	16.256	-2.144	55.23	-1.825	73.406	0.064	52.717	-1.009
1905	199.644	1.97	140.095	0.913	49.276	-0.886	65.296	-0.337
1906	191.516	1.788	115.779	0.128	87.122	0.604	67.734	-0.207
1907	187.452	1.697	120.34	0.275	115.824	1.734	84.261	0.677
1908	154.432	0.956	163.465	1.667	93.472	0.854	92.495	1.117
1909	113.03	0.027	87.198	-0.794	130.556	2.314	97.201	1.369
1910	90.17	-0.486	132.303	0.661	76.708	0.194	56.727	-0.795
1911	129.54	0.397	120.725	0.288	119.888	1.894	81.398	0.524
1912	110.236	-0.036	149.512	1.217	77.978	0.244	85.97	0.768
1913	87.884	-0.537	88.979	-0.736	56.134	-0.616	52.627	-1.014
1914	99.06	-0.286	142.876	1.003	137.414	2.584	90.203	0.994
1915	156.972	1.013	164.089	1.687	88.138	0.644	88.808	0.92
1916	118.364	0.147	134.606	0.736	78.74	0.274	128.301	3.031
1917	122.936	0.249	146.585	1.122	50.038	-0.856	58.777	-0.685
1918	46.482	-1.466	61.568	-1.621	70.358	-0.056	71.952	0.019
1919	113.792	0.044	130.868	0.615	87.63	0.624	83.766	0.65
1920	127.508	0.352	169.097	1.849	41.148	-1.206	64.295	-0.391
1921	55.88	-1.255	84.672	-0.875	127.762	2.204	123.116	2.754
1922	88.9	-0.514	132.019	0.652	58.928	-0.506	63.881	-0.413
1923	75.184	-0.822	84.662	-0.876	100.584	1.134	74.301	0.144
1924	125.73	0.312	129.703	0.577	53.594	-0.716	53.315	-0.977
1925	83.566	-0.634	74.754	-1.195	72.644	0.034	68.907	-0.144
1926	150.622	0.87	144.008	1.039	36.322	-1.396	57.53	-0.752
1927	112.522	0.016	101.376	-0.336	68.326	-0.136	81.199	0.513
1928	81.026	-0.691	135.303	0.758	49.784	-0.866	58.451	-0.703
1929	107.188	-0.104	104.031	-0.251	124.206	2.064	119.493	2.56
1930	76.962	-0.782	95.291	-0.533	86.106	0.564	99.801	1.508
1931	97.282	-0.326	106.101	-0.184	75.438	0.144	62.775	-0.472
1932	142.494	0.688	144.001	1.039	79.756	0.314	75.906	0.23
1933	68.326	-0.976	97.691	-0.455	69.342	-0.096	67.64	-0.212
1934	108.966	-0.064	76.644	-1.134	62.23	-0.376	46.566	-1.338
1935	96.774	-0.338	158.982	1.522	83.82	0.474	77.1	0.294
1936	81.28	-0.685	111.171	-0.02	84.582	0.504	73.966	0.126
1937	127.508	0.352	130.387	0.6	58.166	-0.536	61.299	-0.551
1938	110.998	-0.019	119.769	0.257	42.164	-1.166	59.389	-0.653
1939	83.566	-0.634	115.089	0.106	37.084	-1.366	60.874	-0.573
1940	95.504	-0.366	93.608	-0.587	68.072	-0.146	57.723	-0.742
1941	245.872	3.007	165.977	1.748	73.914	0.084	76.527	0.263
1942	162.052	1.127	147.166	1.141	48.514	-0.916	69.011	-0.138
1943	122.936	0.249	79.199	-1.052	77.47	0.224	83.994	0.663
1944	118.364	0.147	133.047	0.685	37.592	-1.346	57.547	-0.751
1945	112.268	0.01	118.038	0.201	83.566	0.464	81.676	0.539
1946	80.518	-0.702	79.213	-1.052	103.124	1.234	88.23	0.889
1947	59.69	-1.17	102.28	-0.307	103.378	1.244	60.854	-0.574
1948	150.114	0.859	154.137	1.366	62.992	-0.346	57.724	-0.742
1949	129.286	0.392	134.089	0.719	65.532	-0.246	70.94	-0.035
1950	66.802	-1.01	82.779	-0.937	55.372	-0.646	71.654	0.003
1951	47.244	-1.449	38.514	-2.365	66.04	-0.226	61.788	-0.525
1952	163.576	1.161	137.844	0.84	73.66	0.074	71.29	-0.017
1953	84.836	-0.606	81.875	-0.966	97.282	1.004	72.199	0.032
1954	82.042	-0.668	90.423	-0.69	83.566	0.464	86.155	0.778
1955	59.182	-1.181	77.514	-1.106	88.646	0.664	76.995	0.288
1956	58.166	-1.204	72.242	-1.277	59.182	-0.496	52.407	-1.026
1957	95.504	-0.366	95.563	-0.524	112.268	1.594	78.982	0.395
1958	145.542	0.756	131.965	0.65	52.07	-0.776	53.726	-0.956
1959	63.5	-1.084	51.225	-1.955	70.866	-0.036	70.987	-0.033
1960	136.652	0.557	119.044	0.234	27.178	-1.756	40.902	-1.641
1961	150.622	0.87	98.434	-0.431	75.184	0.134	76.026	0.237
1962	119.634	0.175	101.489	-0.333	18.288	-2.106	57.34	-0.762
1963	118.872	0.158	103.599	-0.265	107.188	1.394	61.504	-0.54
1964	96.266	-0.349	99.851	-0.386	100.584	1.134	107.864	1.939
1965	121.412	0.215	135.549	0.766	77.216	0.214	49.106	-1.202
1966	125.476	0.306	125.642	0.446	70.866	-0.036	73.472	0.1
1967	72.898	-0.873	73.031	-1.251	98.044	1.034	86.94	0.82
1968	110.49	-0.03	144.583	1.058	70.866	-0.036	84.316	0.68
1969	131.826	0.449	131.819	0.646	71.12	-0.026	93.315	1.161
1970	153.162	0.927	147.032	1.137	56.642	-0.596	74.06	0.131
1971	50.546	-1.375	53.542	-1.88	75.184	0.134	63.375	-0.44
1972	86.36	-0.571	109.135	-0.086	43.434	-1.116	57.984	-0.728
1973	284.734	3.879	159.905	1.552	40.894	-1.216	59.22	-0.662
1974	62.738	-1.101	86.487	-0.817	56.642	-0.596	80.776	0.491
1975	144.272	0.728	132.884	0.68	57.404	-0.566	50.106	-1.149
1976	69.342	-0.953	84.966	-0.866	65.278	-0.256	75.948	0.232
1977	49.276	-1.403	41.58	-2.266	95.758	0.944	61.236	-0.554
1978	123.952	0.272	142.665	0.996	22.098	-1.956	42.526	-1.554
1979	214.376	2.301	137.175	0.819	30.734	-1.616	66.964	-0.248
1980	187.706	1.702	124.147	0.398	50.546	-0.836	65.18	-0.343
1981	88.9	-0.514	84.294	-0.888	80.01	0.324	87.497	0.85
1982	127.508	0.352	122.654	0.35	105.156	1.314	92.035	1.092
1983	152.4	0.91	151.01	1.265	86.106	0.564	70.139	-0.078
1984	110.49	-0.03	140.182	0.916	116.84	1.774	93.846	1.189
1985	196.85	1.908	140.294	0.919	61.468	-0.406	70.37	-0.066
1986	134.366	0.506	128.084	0.525	92.71	0.824	78.568	0.373
1987	141.224	0.66	157.699	1.481	81.788	0.394	73.981	0.127
1988	176.784	1.457	146.271	1.112	84.836	0.514	83.702	0.647
1989	62.23	-1.113	82.644	-0.941	63.754	-0.316	59.939	-0.623
1990	61.976	-1.118	67.066	-1.444	75.438	0.144	75.407	0.204
1991	101.346	-0.235	143.663	1.028	41.148	-1.206	93.597	1.176
1992	143.51	0.711	155.018	1.394	100.584	1.134	99.994	1.518
1993	162.052	1.127	148.911	1.197	59.182	-0.496	62.228	-0.501
1994	112.776	0.021	104.345	-0.241	36.576	-1.386	49.046	-1.206
1995	145.034	0.745	114.539	0.088	43.688	-1.106	73.122	0.081
1996	34.798	-1.728	49.862	-1.999	36.068	-1.406	88.118	0.883
1997	114.046	0.05	168.38	1.825	86.614	0.584	87.262	0.837
1998	143.51	0.711	121.822	0.323	84.328	0.494	66.82	-0.256
1999	131.826	0.449	118.729	0.223	142.748	2.794	117.65	2.462
2000	74.676	-0.834	95.481	-0.527	46.99	-0.976	44.577	-1.445
2001	139.7	0.625	114.999	0.103	79.502	0.304	78.948	0.393
2002	44.704	-1.506	33.739	-2.519	38.608	-1.306	39.847	-1.697
2003	99.822	-0.269	130.03	0.588	43.942	-1.096	55.436	-0.864
2004	111.252	-0.013	105.958	-0.189	46.228	-1.006	59.515	-0.646
2005	176.022	1.44	112.944	0.037	67.818	-0.156	60.243	-0.607
2006	59.69	-1.17	68.494	-1.397	98.044	1.034	67.583	-0.215
2007	100.584	-0.252	112.673	0.028	102.87	1.224	95.896	1.299
2008	105.156	-0.15	102.199	-0.31	69.342	-0.096	77.087	0.293
