INVYR	STATECD	COUNTYCD	PLOT	SUBPLOT	TREE	SPCD	T1_DIA	T1_HT	T2_DIA	SITETREE_HT	SITETREE_BHAGE	SITETREE_SITREE	SICOND	LAT	LON	ELEV	ECOSUBCD	STDAGE	SLOPE	ASPECT	BALIVE	SDI	DateFirst	DateEnd	MEASYEAR	MEASMON	MEASDAY	RINGCOUNT	METHOD	CORE_CN	PLT_CN	TRE_CN	SIT_CN
1999	4	1	1144	1	4	122	12.3	69	13.9	69	72	49	51	33.654011	-109.661215	7700	M313A	77	7	7	158.1499	276.3314677	1928	1995	1996	7	3	68	scope	295713486489998	2461733010690	2461742010690	2461791010690
1999	4	1	1144	1	6	122	14.9	73	16.4	73	75	52	51	33.654011	-109.661215	7700	M313A	77	7	7	158.1499	276.3314677	1922	1995	1996	7	3	74	scope	295713487489998	2461733010690	2461744010690	2461792010690
1999	4	1	1152	3	2	122	5.7	26	5.8	26	35	29	30	33.626377	-109.608818	6300	M313A	121	127	127	123.1952	230.4948897	1964	1995	1996	11	21	32	scope	295713488489998	2462015010690	2462037010690	2462066010690
1999	4	3	360	3	9	122	9.5			57	46	52	46	31.793729	-109.32329	7400	321A	157	134	134	190.6267	32.01194664	1949	1995	1996	10	31	47	scope	295713495489998	2464756010690		2464798010690
1999	4	5	155	3	4	122	11.9			72	122	40	33	36.77288	-112.246756	7400	313A	268	78	78	115.3408	125.8627614	1836	1994	1995	7	19	159	scope	295713496489998	2467609010690		2467632010690
1999	4	5	156	1	4	122	23.3	81	23.6				28	36.778883	-112.188583	7400	313A	166	284	284	141.9574	221.3225024	1719	1994	1995	7	20	276	scope	295713497489998	2467636010690	2467646010690	
1999	4	5	189	3	3	122	8.4	24	10	24	32	29	32	36.71934	-112.193262	7700	313A	162	0	0	56.4277	95.80601656	1965	1994	1995	7	25	30	scope	295713500489998	2467979010690	2467990010690	2468003010690
1999	4	5	221	1	2	122	11.9	53	14.2	53	63	39	37	36.677632	-112.302292	7900	313A	111	0	0	122.8384	207.202014	1936	1994	1995	7	21	59	scope	295713501489998	2468313010690	2468320010690	2468350010690
1999	4	5	255	3	4	122	9.7			43	66	30	33	36.622664	-112.300248	8000	313A	48	205	205	27.6173	57.24679863	1930	1994	1995	7	27	65	scope	295713503489998	2468730010690	2468746010690	
1999	4	5	257	2	5	122	19.9	89	20.5	89	193	45	46	36.639121	-112.192024	8500	313A	155	351	351	179.2109	265.6897517	1798	1994	1995	7	31	197	scope	295713504489998	2468794010690	2468813010690	2468843010690
1999	4	5	289	1	2	122	21.2	110	21.9	110	150	66	61	36.582239	-112.287274	8100	313A	174	196	196	60.0011	80.55971379	1834	1994	1995	7	28	161	scope	295713506489998	2469188010690	2469195010690	2469198010690
1999	4	5	1754	4	3	122	11			45	79	28	45	34.882996	-111.538	6900	M313A	90	0	0	130.3131	241.1359484	1928	1994	1995	11	13	67	scope	295713767489998	2489331010690	2489361010690	2489380010690
1999	4	5	1755	1	1	122	13.8			68	74	48	44	34.890391	-111.495367	7400	M313A	103	0	0	92.3646	156.5992725	1920	1994	1995	10	4	75	scope	295713768489998	2489383010690	2489389010690	2489409010690
1999	4	5	1755	2	7	122	16			61	79	40	44	34.890391	-111.495367	7400	M313A	103	0	0	92.3646	156.5992725	1917	1994	1995	10	4	78	scope	295713769489998	2489383010690		2489410010690
1999	4	5	1757	1	23	122	13.6			58	69	41	38	34.88902	-111.373882	7300	M313A	72	0	0	124.836	279.1134025	1925	1994	1995	10	30	70	scope	295713771489998	2489463010690		2489515010690
1999	4	5	1757	2	2	122	10.4			45	58	35	38	34.88902	-111.373882	7300	M313A	72	0	0	124.836	279.1134025	1939	1994	1995	10	30	56	scope	295713772489998	2489463010690		2489516010690
1999	4	5	1772	1	2	122	10.6	39	11.2	39	69	26	29	34.828577	-111.604354	6500	M313A	89	0	0	40.9355	74.5517587	1920	1995	1995	11	6	76	scope	295713773489998	2489650010690	2489657010690	2489671010690
1999	4	5	1772	1	3	122	12.6	51	14	51	80	32	29	34.828577	-111.604354	6500	M313A	89	0	0	40.9355	74.5517587	1914	1995	1995	11	6	82	scope	295713774489998	2489650010690	2489658010690	2489672010690
1999	4	5	1773	1	3	122	8.3	38	9.2	38	66	26	29	34.842431	-111.534455	7000	M313A	87	270	270	79.3416	157.9972641	1931	1995	1995	10	12	65	scope	295713775489998	2489673010690	2489681010690	2489710010690
1999	4	5	1773	2	4	122	11.4	46	12.5	46	72	31	29	34.842431	-111.534455	7000	M313A	87	270	270	79.3416	157.9972641	1922	1995	1995	10	12	74	scope	295713776489998	2489673010690	2489691010690	2489711010690
1999	4	5	1775	4	11	122	19.2			77	97	49	44	34.831971	-111.44471	7400	M313A	97	0	0	372.7568	131.324822	1915	1994	1995	10	11	80	scope	295713777489998	2489743010690		2489761010690
1999	4	5	1775	4	12	122	21.2			71	131	38	44	34.831971	-111.44471	7400	M313A	97	0	0	372.7568	131.324822	1859	1995	1995	10	11	137	scope	295713778489998	2489743010690		2489762010690
1999	4	5	1788	1	7	122	10.6	44	10.7	44	61	33	32	34.78198	-111.541715	6800	M313A	122	0	0	192.2114	333.3003283	1934	1995	1995	11	9	62	scope	295713780489998	2489976010690	2489988010690	2490045010690
1999	4	5	1788	2	2	122	5.2	37	5.1				32	34.78198	-111.541715	6800	M313A	122	0	0	192.2114	333.3003283	1908	1994	1995	11	9	87	scope	295713781489998	2489976010690	2489990010690	
1999	4	5	1788	2	8	122	11.4	47	11.8	47	76	30	32	34.78198	-111.541715	6800	M313A	122	0	0	192.2114	333.3003283	1919	1995	1995	11	9	77	scope	295713782489998	2489976010690	2489996010690	2490046010690
1999	4	5	1788	3	5	122	6.7	28	7.3				32	34.78198	-111.541715	6800	M313A	122	0	0	192.2114	333.3003283	1934	1994	1995	11	9	61	scope	295713783489998	2489976010690	2490026010690	
1999	4	5	1790	3	6	122	13.6			65	103	38	42	34.786874	-111.446654	7400	M313A	102	180	180	70.785	115.6917849	1896	1994	1995	10	19	99	scope	295713784489998	2490050010690		2490071010690
1999	4	5	1790	3	7	122	13.8			65	74	45	42	34.786874	-111.446654	7400	M313A	102	180	180	70.785	115.6917849	1920	1994	1995	10	19	75	scope	295713785489998	2490050010690		2490072010690
1999	4	5	1791	1	19	122	15.6			54	78	35	37	34.781733	-111.365746	8100	M313A	102	209	209	155.6668	277.8671795	1922	1994	1995	10	26	73	scope	295713786489998	2490073010690		2490120010690
1999	4	5	1791	1	20	122	13.2			57	72	39	37	34.781733	-111.365746	8100	M313A	102	209	209	155.6668	277.8671795	1921	1994	1995	10	26	74	scope	295713787489998	2490073010690		2490121010690
1999	4	5	1792	4	1	122	10.5	29	11.2	29	35	32	33	34.781842	-111.327492	7100	M313A	0	0	0	13.7074	25.52840583	1962	1995	1995	11	1	34	scope	295713788489998	2490126010690	2490133010690	2490137010690
1999	4	5	1792	4	2	122	9.8	32	10.6	32	38	33	33	34.781842	-111.327492	7100	M313A	0	0	0	13.7074	25.52840583	1958	1995	1995	11	1	38	scope	295713789489998	2490126010690	2490134010690	2490138010690
1999	4	5	1803	2	9	122	12.7			56	96	33	34	34.747513	-111.540903	6400	M313A	83	11	11	88.1536	47.26634142	1901	1995	1995	11	28	95	scope	295713791489998	2490198010690		2490221010690
1999	4	5	1804	2	2	122	17.6	82	17.7	82	122	48	40	34.756033	-111.49347	6900	M313A	87	10	10	69.2776	132.2011596	1871	1994	1995	11	7	124	scope	295713793489998	2490224010690	2490235010690	2490263010690
1999	4	5	1806	2	12	122	11			61	93	37	36	34.741065	-111.39397	7400	M313A	103	250	250	159.2946	250.7770173	1908	1995	1995	10	30	88	scope	295713796489998	2490297010690		2490341010690
1999	4	5	1806	2	13	122	10.7			55	88	34	36	34.741065	-111.39397	7400	M313A	103	250	250	159.2946	250.7770173	1909	1995	1995	10	30	87	scope	295713797489998	2490297010690		2490342010690
1999	4	5	1807	4	7	122	10.2			44	43	42	43	34.742118	-111.343722	7300	M313A	67	0	0	89.5688	173.971342	1955	1994	1995	11	8	40	scope	295713798489998	2490344010690		2490389010690
1999	4	5	1819	3	7	122	8.4	45	8.6	45	58	35	36	34.693851	-111.483274	6700	M313A	75	8	8	163.4335	310.3405114	1942	1995	1996	1	5	54	scope	295713800489998	2490473010690	2490512010690	2490541010690
1999	4	5	1819	3	11	122	11.7	55	12.8	55	74	37	36	34.693851	-111.483274	6700	M313A	75	8	8	163.4335	310.3405114	1923	1995	1996	1	5	73	scope	295713801489998	2490473010690	2490516010690	2490542010690
1999	4	5	1820	1	1	122	10.3			40	55	32	33	34.716504	-111.455011	6900	M313A	87	0	0	33.4598	28.75308001	1941	1995	1995	11	1	55	scope	295713802489998	2490544010690		2490583010690
1999	4	5	1820	2	13	122	9.7			52	50	45	45	34.716504	-111.455011	6900	M313A	82	245	245	165.081	144.0478267	1946	1995	1995	11	1	50	scope	295713803489998	2490544010690		2490585010690
1999	4	5	1822	4	12	122	12.4			39	37	41	38	34.693426	-111.342428	6900	M313A	123	0	0	177.3221	286.4955155	1960	1994	1995	10	3	35	scope	295713804489998	2490602010690		2490646010690
1999	4	5	1824	4	4	122	9.2			38	44	35	40	34.69281	-111.21796	6800	M313A	0	0	0	18.0072	35.93115406	1948	1995	1995	11	2	48	scope	295713805489998	2490667010690		2490683010690
1999	4	5	1824	4	5	122	11.1			50	47	45	40	34.69281	-111.21796	6800	M313A	0	0	0	18.0072	35.93115406	1949	1995	1995	11	2	47	scope	295713806489998	2490667010690		2490684010690
1999	4	5	1835	4	8	122	12.3			57	80	37	40	34.649797	-111.448098	6900	M313A	107	233	233	58.2009	70.85994197	1915	1995	1995	11	2	81	scope	295713811489998	2490821010690		
1999	4	5	1840	4	3	122	18.2			49	95	28	29	34.657746	-111.14693	6700	M313A	0	44	44	14.9375	27.19396351	1901	1995	1995	10	17	95	scope	295713815489998	2490942010690		2490953010690
1999	4	5	1840	4	4	122	17.5			46	76	30	29	34.657746	-111.14693	6700	M313A	0	44	44	14.9375	27.19396351	1921	1994	1995	10	17	74	scope	295713816489998	2490942010690		2490954010690
1999	4	5	1850	3	11	122	8.1			36	46	32	31	34.599341	-111.43583	7000	M313A	66	80	80	34.69	67.42164119	1951	1994	1995	11	2	44	scope	295713818489998	2491141010690		2491169010690
1999	4	5	1850	3	12	122	10.7			38	57	29	31	34.599341	-111.43583	7000	M313A	66	80	80	34.69	67.42164119	1941	1994	1995	11	2	54	scope	295713819489998	2491141010690		2491170010690
1999	4	5	1851	1	12	122	7.4	42	7.7	42	54	34	35	34.605805	-111.391146	6800	M313A	70	0	0	131.6519	256.3974843	1942	1994	1995	11	3	53	scope	295713820489998	2491175010690	2491192010690	2491245010690
1999	4	5	1851	2	8	122	12.9	52	13.8	52	71	36	35	34.605805	-111.391146	6800	M313A	70	0	0	131.6519	256.3974843	1929	1994	1995	11	3	66	scope	295713821489998	2491175010690	2491206010690	2491246010690
1999	4	5	1852	1	6	122	8.7	56	9.5	56	52	47	49	34.621348	-111.318131	6900	M313A	95	187	187	148.6645	126.1854022	1943	1994	1995	11	7	52	scope	295713822489998	2491247010690	2491259010690	2491287010690
1999	4	5	1852	2	17	122	13.5			73	76	51	49	34.621348	-111.318131	6900	M313A	95	187	187	148.6645	126.1854022	1920	1995	1995	11	7	76	scope	295713823489998	2491247010690		2491288010690
1999	4	5	1853	2	1	122	9.5			34	38	35	35	34.625953	-111.278876	7100	M313A	107	110	110	81.542	135.452745	1958	1995	1995	11	9	38	scope	295713824489998	2491293010690		2491321010690
1999	4	5	1853	3	10	122	12.7			50	70	34	35	34.625953	-111.278876	7100	M313A	107	110	110	81.542	135.452745	1917	1995	1995	11	9	79	scope	295713825489998	2491293010690		2491322010690
1999	4	5	1854	2	9	122	7.5	44	7.7	44	49	38	44	34.616169	-111.211213	6800	M313A	66	0	0	86.5501	159.6616827	1942	1995	1995	10	16	54	scope	295713826489998	2491324010690	2491339010690	2491352010690
1999	4	5	1854	4	11	122	16.3			58	50	50	44	34.616169	-111.211213	6800	M313A	66	0	0	86.5501	159.6616827	1949	1994	1995	10	16	46	scope	295713827489998	2491324010690		2491353010690
1999	4	5	1855	4	6	122	13.6			70	115	40	43	34.617149	-111.159948	6900	M313A	145	0	0	69.6846	143.786	1889	1995	1995	10	16	107	scope	295713828489998	2491354010690		2491384010690
1999	4	5	1855	4	7	122	19.3			74	100	46	43	34.617149	-111.159948	6900	M313A	145	0	0	69.6846	143.786	1899	1994	1995	10	16	96	scope	295713829489998	2491354010690		2491385010690
1999	4	5	1856	1	6	122	7	32	7.8				43	35.738598	-113.169101	6700	313A	83	65	65	82.6977	123.6239624	1949	1995	1996	8	26	47	scope	295713830489998	2491389010690	2491401010690	
1999	4	5	1856	4	3	122	18.3	65	18.8	65	95	40	43	35.738598	-113.169101	6700	313A	83	65	65	82.6977	123.6239624	1910	1995	1996	8	26	86	scope	295713831489998	2491389010690	2491420010690	2491426010690
1999	4	5	1858	3	2	122	10.1	36	11.2	36	54	28	32	34.61545	-110.986509	6700	M313A	46	0	0	72.3058	152.6234088	1946	1995	1996	5	23	50	scope	295713833489998	2491432010690	2491451010690	2491472010690
1999	4	5	1865	1	13	122	9.2	54	9.5	54	73	37	32	34.576733	-111.453156	6700	M313A	90	216	216	162.7613	278.7547229	1916	1995	1995	11	8	80	scope	295713835489998	2491643010690	2491661010690	2491691010690
1999	4	5	1865	2	13	122	10.5			46	95	26	32	34.576733	-111.453156	6700	M313A	90	216	216	162.7613	278.7547229	1919	1995	1995	11	8	77	scope	295713836489998	2491643010690		2491692010690
1999	4	5	1866	1	11	122	17.4			53	50	46	43	34.566133	-111.38878	6700	M313A	66	100	100	70.6302	131.4034171	1950	1994	1995	10	31	45	scope	295713837489998	2491693010690		2491726010690
1999	4	5	1866	4	10	122	19.8			72	132	39	43	34.566133	-111.38878	6700	M313A	66	100	100	70.6302	131.4034171	1864	1995	1995	10	31	132	scope	295713838489998	2491693010690		2491727010690
1999	4	5	1867	3	2	122	18.5			81	108	49	37	34.560922	-111.32008	6900	M313A	63	0	0	51.518	98.8617204	1878	1995	1995	10	24	118	scope	295713839489998	2491730010690		2491757010690
1999	4	5	1867	4	3	122	7.6			25	42	24	37	34.560922	-111.32008	6900	M313A	63	0	0	51.518	98.8617204	1954	1995	1995	10	24	42	scope	295713840489998	2491730010690		2491758010690
1999	4	5	1868	2	4	122	10			53	83	33	33	34.561937	-111.27321	7200	M313A	124	0	0	77.7146	139.065445	1909	1994	1995	11	9	86	scope	295713841489998	2491759010690		2491791010690
1999	4	5	1868	3	13	122	12.9			50	74	33	33	34.561937	-111.27321	7200	M313A	124	0	0	77.7146	139.065445	1924	1994	1995	11	9	71	scope	295713842489998	2491759010690		2491792010690
1999	4	5	1869	2	2	122	16.6			55	119	28	30	34.561155	-111.213254	7300	M313A	20	230	230	34.666	73.28849609	1869	1994	1995	10	31	126	scope	295713843489998	2491797010690		2491816010690
1999	4	5	1869	4	3	122	18.8			64	141	32	30	34.561155	-111.213254	7300	M313A	20	230	230	34.666	73.28849609	1862	1994	1995	10	31	133	scope	295713844489998	2491797010690		2491817010690
1999	4	5	1871	2	7	122	10.1	33	12.8	33	41	32	35	34.557686	-111.108602	7000	M313A	109	59	59	66.5687	118.0242033	1955	1994	1995	10	10	40	scope	295713846489998	2491861010690	2491878010690	2491889010690
1999	4	5	1871	4	5	122	15.9	69	17	69	121	38	35	34.557686	-111.108602	7000	M313A	109	59	59	66.5687	118.0242033	1870	1994	1995	10	10	125	scope	295713847489998	2491861010690	2491888010690	2491890010690
1999	4	5	1879	1	13	122	7.1	33	8.4	33	33	39	42	34.517054	-111.494232	6600	313C	84	9	9	172.0918	222.2191009	1963	1994	1995	12	12	32	scope	295713851489998	2492188010690	2492207010690	2492238010690
1999	4	5	1879	3	13	122	16.6	63	17.7	63	73	44	42	34.517054	-111.494232	6600	313C	84	9	9	172.0918	222.2191009	1920	1994	1995	12	12	75	scope	295713852489998	2492188010690	2492235010690	2492239010690
1999	4	5	1880	4	1	122	11.1			41	59	31	37	34.530742	-111.452906	6700	M313A	85	35	35	97.7957	211.761189	1937	1994	1995	11	8	58	scope	295713853489998	2492247010690		2492289010690
1999	4	5	1881	4	4	122	15.4	71	16.3	71	82	48	49	34.512018	-111.390706	6900	M313A	87	360	360	96.481	158.7031501	1917	1994	1995	10	17	78	scope	295713854489998	2492294010690	2492318010690	2492322010690
1999	4	5	1881	4	7	122	12	74	12.4	74	81	50	49	34.512018	-111.390706	6900	M313A	87	360	360	96.481	158.7031501	1911	1994	1995	10	17	84	scope	295713855489998	2492294010690	2492321010690	2492323010690
1999	4	5	1882	4	4	122	14.1			75	77	53	54	34.536561	-111.324346	6900	M313A	81	0	0	96.3616	152.0193954	1916	1994	1995	10	23	79	scope	295713856489998	2492327010690		2492348010690
1999	4	5	1882	4	5	122	15.6			79	81	55	54	34.536561	-111.324346	6900	M313A	81	0	0	96.3616	152.0193954	1913	1994	1995	10	23	82	scope	295713857489998	2492327010690		2492349010690
1999	4	5	1883	3	7	122	11.8			62	74	43	40	34.537584	-111.27531	6800	M313A	120	1	1	102.3855	208.8797906	1923	1994	1995	11	6	72	scope	295713858489998	2492351010690		2492392010690
1999	4	5	1883	3	8	122	13			57	79	37	40	34.537584	-111.27531	6800	M313A	120	1	1	102.3855	208.8797906	1924	1995	1995	11	6	72	scope	295713859489998	2492351010690		2492393010690
1999	4	5	1886	3	6	122	11.4	62	12	62	86	39	36	34.520701	-111.120538	7000	M313A	87	17	17	77.7801	168.1384714	1907	1995	1995	10	23	89	scope	295713860489998	2492553010690	2492571010690	2492593010690
1999	4	5	1886	3	7	122	5.5			36	44	33	36	34.520701	-111.120538	7000	M313A	87	17	17	77.7801	168.1384714	1947	1995	1995	10	23	49	scope	295713861489998	2492553010690		2492594010690
1999	4	5	1887	1	8	122	15.1	65	16.5	65	58	52	48	34.534267	-111.071521	7200	M313A	80	97	97	152.8348	274.2310249	1946	1995	1996	5	22	50	scope	295713862489998	2492596010690	2492609010690	2492652010690
1999	4	5	1888	2	5	122	10.3	48	11.5	48	52	40	40	34.53519	-111.003958	7200	M313A	62	292	292	39.9176	77.55207259	1947	1995	1996	5	14	49	scope	295713863489998	2492656010690	2492666010690	2492680010690
1999	4	5	1890	4	2	122	8.8	24	13.1	24	25	36	33	34.520711	-110.887375	6900	M313A	0	282	282	11.8492	23.71106305	1973	1995	1996	5	29	23	scope	295713864489998	2492723010690	2492730010690	2492736010690
1999	4	5	1896	4	8	122	18.3			90	79	65	54	34.466986	-111.371986	7300	M313A	79	0	0	132.6137	169.2986119	1916	1994	1995	10	25	79	scope	295713871489998	2492942010690		2492984010690
1999	4	5	1900	3	1	122	20.5			80	76	57	57	34.471958	-111.159669	7400	M313A	0	0	0	9.3172	19.6037616	1920	1994	1995	10	13	75	scope	295713873489998	2493110010690		2493122010690
1999	4	5	1900	3	2	122	19.1			85	93	56	57	34.471958	-111.159669	7400	M313A	0	0	0	9.3172	19.6037616	1905	1995	1995	10	13	91	scope	295713874489998	2493110010690		2493123010690
1999	4	5	1901	3	23	122	20.4			53	75	35	40	34.477427	-111.106319	7400	M313A	26	0	0	111.8108	237.8779114	1928	1994	1995	10	24	67	scope	295713875489998	2493124010690		2493191010690
1999	4	5	290	1	9	122	12.4	53	13.3	53	57	42	42	36.591831	-112.232657	8400	313A	78	258	258	268.5776	371.6325618	1940	1994	1995	7	27	55	scope	295713507489998	2469201010690	2469216010690	2469298010690
1999	4	5	290	4	2	122	10.1			33	52	27	42	36.591831	-112.232657	8400	313A	78	258	258	268.5776	371.6325618	1939	1994	1995	7	27	56	scope	295713508489998	2469201010690	2469267010690	2469301010690
1999	4	5	292	2	4	122	17.2	71	17.6	71	83	47	48	36.602901	-112.115439	7800	313A	116	69	69	89.2079	136.567604	1911	1994	1995	8	15	84	scope	295713509489998	2469379010690	2469392010690	2469400010690
1999	4	5	322	1	3	122	18.4	75	20.6	75	101	46	46	36.535592	-112.347939	7600	313A	117	0	0	58.9642	90.88807871	1892	1994	1995	8	11	103	scope	295713510489998	2469810010690	2469818010690	2469825010690
1999	4	5	322	1	6	122	15.2	72	17.4	72	93	46	46	36.535592	-112.347939	7600	313A	117	0	0	58.9642	90.88807871	1889	1994	1995	8	11	106	scope	295713511489998	2469810010690	2469821010690	2469827010690
1999	4	5	323	2	1	122	15.8	62	16.6	62	89	39	42	36.536331	-112.280927	8200	313A	103	158	158	102.8959	155.3816158	1910	1994	1995	8	4	85	scope	295713512489998	2469830010690	2469838010690	2469853010690
1999	4	5	323	3	2	122	12.4	60	13.6				42	36.536331	-112.280927	8200	313A	103	158	158	102.8959	155.3816158	1921	1994	1995	8	4	74	scope	295713513489998	2469830010690	2469843010690	
1999	4	5	326	3	1	122	5.8	32	7.1	32	52	26	33	36.537038	-112.121195	8200	313A	164	0	0	143.9572	209.7106266	1945	1994	1995	8	2	50	scope	295713514489998	2469918010690	2469930010690	2469944010690
1999	4	5	326	4	4	122	12.3	54	13.6	54	67	39	33	36.537038	-112.121195	8200	313A	164	0	0	143.9572	209.7106266	1926	1994	1995	8	2	69	scope	295713515489998	2469918010690	2469937010690	2469945010690
1999	4	5	354	3	5	122	29.4	86	29.5	86	196	43	40	36.490292	-112.44428	6700	313A	208	200	200	136.0637	185.1865064	1785	1994	1995	8	14	210	scope	295713516489998	2470239010690	2470258010690	2470270010690
1999	4	5	356	2	1	122	17.3	79	18.6	79	152	42	46	36.49064	-112.337111	7800	313A	152	0	0	99.9281	141.3297939	1890	1994	1995	8	8	105	scope	295713517489998	2470318010690	2470329010690	2470337010690
1999	4	5	356	3	1	122	21.8	90	22.2	90	163	49	46	36.49064	-112.337111	7800	313A	152	0	0	99.9281	141.3297939	1819	1995	1995	8	8	177	scope	295713518489998	2470318010690	2470333010690	2470338010690
1999	4	5	357	2	5	122	14.5			58	83	37	34	36.485627	-112.301302	8300	313A	180	228	228	141.3347	189.8158392	1916	1994	1995	8	10	79	scope	295713519489998	2470340010690		2470360010690
1999	4	5	357	3	1	122	14.3	50	15.4				34	36.485627	-112.301302	8300	313A	180	228	228	141.3347	189.8158392	1864	1994	1995	8	10	131	scope	295713520489998	2470340010690	2470351010690	
1999	4	5	391	1	5	122	12.8			63	107	36	40	36.460583	-112.283027	8200	313A	135	240	240	99.6345	160.021734	1891	1994	1995	9	5	104	scope	295713521489998	2470878010690	2470888010690	2470902010690
1999	4	5	425	1	1	122	13.1	75	14.1	75	122	42	45	36.412692	-112.293392	8200	313A	135	0	0	56.0299	92.76897377	1870	1994	1995	8	23	125	scope	295713523489998	2471324010690	2471330010690	2471337010690
1999	4	5	425	3	2	122	21.2	80	22.8	80	114	47	45	36.412692	-112.293392	8200	313A	135	0	0	56.0299	92.76897377	1878	1994	1995	8	23	117	scope	295713524489998	2471324010690	2471334010690	2471338010690
1999	4	5	426	1	7	122	12.3			53	109	28	32	36.410716	-112.224212	8600	313A	116	240	240	130.2814	233.9469548	1895	1994	1995	8	16	100	scope	295713525489998	2471340010690		2471378010690
1999	4	5	460	1	1	122	11.4	38	13.4				43	36.368237	-112.234693	8400	313A	123	348	348	114.0517	196.6278034	1912	1995	1995	8	28	84	scope	295713526489998	2471759010690	2471765010690	
1999	4	5	575	1	5	122	16.3	76	17.3	76	80	52	49	36.228638	-112.221368	7700	313A	104	295	295	248.0759	390.6373514	1915	1994	1995	9	13	80	scope	295713528489998	2473426010690	2473436010690	2473481010690
1999	4	5	575	3	12	122	13.1	68	13.3	68	84	45	49	36.228638	-112.221368	7700	313A	104	295	295	248.0759	390.6373514	1909	1994	1995	9	13	86	scope	295713529489998	2473426010690	2473460010690	2473482010690
1999	4	5	623	3	2	122	14.9	64	15.4	64	95	39	38	36.178801	-111.951491	8200	313A	101	229	229	81.9059	148.1021713	1899	1994	1995	9	18	96	scope	295713530489998	2474005010690	2474034010690	2474042010690
1999	4	5	623	3	4	122	15.3	59	16.2	59	85	37	38	36.178801	-111.951491	8200	313A	101	229	229	81.9059	148.1021713	1912	1994	1995	9	18	83	scope	295713531489998	2474005010690	2474036010690	2474043010690
1999	4	5	667	4	1	122	28.3			86	132	49	47	36.146471	-111.935538	7800	313A	107	143	143	160.4649	206.5474171	1853	1994	1995	9	18	142	scope	295713532489998	2474368010690	2474379010690	2474384010690
1999	4	5	757	1	1	122	10.2	54	11.6	54	66	39	33	36.056516	-112.12211	7000	313A	167	0	0	101.7504	204.1890207	1931	1994	1995	8	7	64	scope	295713535489998	2475167010690	2475173010690	2475203010690
1999	4	5	757	3	3	122	7.5	35	8	35	56	27	33	36.056516	-112.12211	7000	313A	167	0	0	101.7504	204.1890207	1924	1995	1995	8	7	72	scope	295713536489998	2475167010690	2475181010690	2475204010690
1999	4	5	804	3	5	122	15.7			59	105	33	33	36.018697	-112.117134	6800	313D	167	152	152	53.1984	88.35048089	1892	1994	1995	8	8	73	scope	295713540489998	2475692010690		2475715010690
1999	4	5	849	1	2	122	10.6			44	46	40	38	35.952516	-112.156119	6600	313D	4	0	0	20.5674	41.55654302	1951	1994	1995	8	3	44	scope	295713544489998	2476245010690		
1999	4	5	850	2	3	122	12.9	44	13.4	44	51	37	39	35.958526	-112.09189	6700	313D	68	55	55	76.7082	103.7171925	1942	1994	1995	8	14	53	scope	295713546489998	2476267010690	2476277010690	2476295010690
1999	4	5	850	4	3	122	10.6			35	47	31	30	35.958526	-112.09189	6700	313D	0	0	0	3.6879	2.179200466	1944	1994	1995	8	14	51	scope	295713547489998	2476267010690		2476296010690
1999	4	5	850	4	4	122	10.2			39	58	29	30	35.958526	-112.09189	6700	313D	0	0	0	3.6879	2.179200466	1938	1994	1995	8	14	57	scope	295713548489998	2476267010690		2476297010690
1999	4	5	851	1	3	122	12.2	45	13.8	45	41	44	40	35.95517	-112.064123	6900	313D	57	0	0	28.8872	53.15888323	1954	1994	1995	8	14	41	scope	295713549489998	2476298010690	2476306010690	2476322010690
1999	4	5	851	1	5	122	9.6	36	11	36	42	35	40	35.95517	-112.064123	6900	313D	57	0	0	28.8872	53.15888323	1955	1994	1995	8	14	40	scope	295713550489998	2476298010690	2476308010690	2476323010690
1999	4	5	852	3	3	122	16.4			58	200	24	30	35.964746	-111.99882	7400	313D	273	102	102	73.2479	25.73821836	1752	1994	1995	8	15	243	scope	295713552489998	2476324010690		2476343010690
1999	4	5	896	1	5	122	10.5	47	11.5	47	55	38	41	35.91782	-112.106847	6600	313D	87	0	0	77.8891	138.6288693	1944	1995	1995	8	9	52	scope	295713555489998	2476919010690	2476929010690	2476949010690
1999	4	5	896	2	4	122	11.8			56	61	43	41	35.91782	-112.106847	6600	313D	87	0	0	77.8891	138.6288693	1935	1994	1995	8	9	60	scope	295713556489998	2476919010690		2476950010690
1999	4	5	898	3	9	122	19.2			55	66	40	37	35.926048	-111.990574	7000	313D	62	0	0	22.718	44.56369582	1931	1994	1995	8	8	64	scope	295713559489998	2477008010690		2477026010690
1999	4	5	899	2	2	122	15.6	53	16.6	53	54	43	39	35.905759	-111.934911	7300	313D	139	154	154	77.6224	112.2481918	1953	1994	1995	8	8	42	scope	295713560489998	2477028010690	2477035010690	2477048010690
1999	4	5	899	4	10	122	12.2			63	119	34	39	35.905759	-111.934911	7300	313D	139	154	154	77.6224	112.2481918	1898	1994	1995	8	8	97	scope	295713561489998	2477028010690		2477049010690
1999	4	5	972	1	1	122	9			40	64	28	32	35.826119	-113.048727	6300	313A	83	177	177	86.2999	141.3252063	1935	1995	1996	2	13	61	scope	295713564489998	2478260010690	3526481010690	2478284010690
1999	4	5	972	2	1	122	7.6			49	63	36	32	35.826119	-113.048727	6300	313A	83	177	177	86.2999	141.3252063	1933	1995	1996	2	13	63	scope	295713565489998	2478260010690	2478269010690	2478285010690
1999	4	5	992	1	2	122	9			46	70	31	31	35.819033	-111.95714	6700	313D	107	0	0	38.6031	64.05771955	1928	1994	1995	7	19	67	scope	295713566489998	2478424010690		2478441010690
1999	4	5	992	1	3	122	11.4			45	70	30	31	35.819033	-111.95714	6700	313D	107	0	0	38.6031	64.05771955	1925	1994	1995	7	19	70	scope	295713567489998	2478424010690		2478442010690
1999	4	5	1360	2	4	122	12.4	43	12.9	43	54	35	32	35.47038	-111.923236	7100	M313A	65	56	56	104.6411	149.5910095	1942	1994	1995	9	12	53	scope	295713575489998	2481389010690	2481408010690	2481427010690
1999	4	5	1361	1	6	122	11.9			41	68	28	25	35.469743	-111.88796	7400	M313A	151	334	334	96.4845	110.8086109	1941	1995	1995	9	13	55	scope	295713576489998	2481429010690		2481463010690
1999	4	5	1361	3	7	122	15.5	41	15.8	41	97	22	25	35.469743	-111.88796	7400	M313A	151	334	334	96.4845	110.8086109	1913	1994	1995	9	13	82	scope	295713577489998	2481429010690	2481451010690	2481464010690
1999	4	5	1362	1	8	122	12	38	12.4	38	55	30	33	35.462052	-111.828365	7400	M313A	62	0	0	104.5951	192.3276833	1941	1995	1995	9	21	55	scope	295713578489998	2481470010690	2481483010690	2481506010690
1999	4	5	1363	2	7	122	10.3	42	10.9	42	67	29	32	35.481394	-111.766833	7500	M313A	66	245	245	115.2589	85.47898863	1944	1994	1995	9	18	51	scope	295713579489998	2481508010690	2481522010690	2481539010690
1999	4	5	1363	4	1	122	15.3	52	17.5	52	50	45	42	35.481394	-111.766833	7500	M313A	57	0	0	22.1731	21.61122887	1944	1994	1995	9	18	51	scope	295713580489998	2481508010690	2481535010690	2481536010690
1999	4	5	1363	4	2	122	13			49	57	38	42	35.481394	-111.766833	7500	M313A	57	0	0	22.1731	21.61122887	1943	1994	1995	9	18	52	scope	295713581489998	2481508010690		2481537010690
1999	4	5	1400	2	7	122	19.4			52	58	41	37	35.419251	-112.003059	7000	M313A	99	0	0	120.7397	194.8077952	1935	1994	1995	9	14	60	scope	295713584489998	2481893010690		2481923010690
1999	4	5	1400	4	2	122	13.6	46	14.3	46	64	33	37	35.419251	-112.003059	7000	M313A	99	0	0	120.7397	194.8077952	1934	1994	1995	9	14	61	scope	295713585489998	2481893010690	2481911010690	2481924010690
1999	4	5	1401	1	1	122	13.1	55	13.8	55	51	47	49	35.415334	-111.929217	7100	M313A	60	321	321	66.7703	118.4249619	1947	1994	1995	9	12	48	scope	295713586489998	2481926010690	2481932010690	2481952010690
1999	4	5	1401	3	3	122	13.5			58	50	50	49	35.415334	-111.929217	7100	M313A	60	321	321	66.7703	118.4249619	1940	1994	1995	9	12	55	scope	295713587489998	2481926010690		2481953010690
1999	4	5	1405	1	2	122	12.3	46	13.2	46	55	37	35	35.433867	-111.72452	7800	M313A	64	0	0	31.1754	44.38400361	1946	1994	1995	9	21	49	scope	295713588489998	2482066010690	2482074010690	2482083010690
1999	4	5	1439	2	7	122	20.1			59	76	40	39	35.382711	-112.058756	7000	M313A	68	0	0	91.2589	142.4658703	1919	1994	1995	9	1	76	scope	295713589489998	2482477010690		2482502010690
1999	4	5	1440	1	1	122	14.3	66	14.8	66	75	46	41	35.373409	-111.98598	7300	M313A	83	335	335	134.3818	230.0281479	1917	1995	1995	9	12	79	scope	295713591489998	2482505010690	2482511010690	2482549010690
1999	4	5	1440	2	2	122	10.2	47	10.2	47	59	36	41	35.373409	-111.98598	7300	M313A	83	335	335	134.3818	230.0281479	1940	1994	1995	9	12	55	scope	295713592489998	2482505010690	2482527010690	2482550010690
1999	4	5	1441	1	1	122	21.9	75	22.4				47	35.389035	-111.948734	7300	M313A	130	0	0	35.3092	40.51918664	1897	1994	1995	9	8	98	scope	295713593489998	2482552010690	2482559010690	
1999	4	5	1441	1	2	122	14.6			64	62	49	47	35.389035	-111.948734	7300	M313A	130	0	0	35.3092	40.51918664	1931	1994	1995	9	8	64	scope	295713594489998	2482552010690		2482561010690
1999	4	5	1442	3	7	122	14.4			51	59	39	40	35.385131	-111.868317	7500	M313A	78	0	0	105.8803	169.9992984	1939	1994	1995	9	13	56	scope	295713600489998	2482567010690		2482595010690
1999	4	5	1442	3	8	122	14.4			56	65	41	40	35.385131	-111.868317	7500	M313A	78	0	0	105.8803	169.9992984	1936	1994	1995	9	13	59	scope	295713601489998	2482567010690		2482595010690
1999	4	5	1443	3	2	122	9.2	35	10.4	35	44	32	35	35.373771	-111.816456	7900	M313A	55	0	0	127.2126	229.4583584	1950	1994	1995	9	20	45	scope	295713602489998	2482596010690	2482618010690	2482650010690
1999	4	5	1443	4	18	122	13.9	48	15.2	48	56	38	35	35.373771	-111.816456	7900	M313A	55	0	0	127.2126	229.4583584	1940	1994	1995	9	20	55	scope	295713603489998	2482596010690	2482648010690	2482651010690
1999	4	5	1444	4	8	122	9.4	39	10	39	65	27	32	35.384034	-111.763712	8300	M313A	69	255	255	177.1513	28.01103913	1931	1994	1995	10	3	64	scope	295713604489998	2482654010690	2482711010690	2482727010690
1999	4	5	1447	1	5	122	12.5			38	58	29	29	35.371401	-111.606174	8100	M313A	26	94	94	23.5411	35.233717	1929	1995	1995	9	25	67	scope	295713605489998	2482892010690		2482916010690
1999	4	5	1447	3	3	122	12.5			40	41	39	37	35.371401	-111.606174	8100	M313A	34	98	98	28.9771	7.526140754	1928	1994	1995	9	25	67	scope	295713606489998	2482892010690		2482916010690
1999	4	5	1450	1	4	122	17.9	52	18.8	52	85	32	35	35.370296	-111.445443	6400	M313A	96	307	307	93.2413	90.84274526	1904	1994	1995	7	10	91	scope	295713608489998	2482939010690	2482949010690	2482956010690
1999	4	5	1450	2	2	122	13.9			37	91	20	24	35.370296	-111.445443	6400	M313A	173	0	0	39.439	20.48129097	1906	1994	1995	7	10	89	scope	295713609489998	2482939010690		2482959010690
1999	4	5	1450	2	3	122	20			55	127	28	24	35.370296	-111.445443	6400	M313A	173	0	0	39.439	20.48129097	1857	1994	1995	7	10	138	scope	295713610489998	2482939010690		2482960010690
1999	4	5	1476	1	8	122	12.8	59	13.3	59	68	42	44	35.3396	-112.039488	7100	M313A	73	331	331	170.4488	289.821262	1930	1995	1995	9	11	66	scope	295713611489998	2483273010690	2483286010690	2483319010690
1999	4	5	1476	2	2	122	14.5	59	15.2	59	61	45	44	35.3396	-112.039488	7100	M313A	73	331	331	170.4488	289.821262	1934	1995	1995	9	11	62	scope	295713612489998	2483273010690	2483297010690	2483320010690
1999	4	5	1477	3	1	122	9.6	48	10.5	48	66	34	32	35.317368	-112.002901	8900	M313A	72	133	133	164.087	254.0536792	1936	1995	1995	9	7	60	scope	295713613489998	2483322010690	2483340010690	2483354010690
1999	4	5	1477	3	6	114	10.4			49	56	39	32	35.317368	-112.002901	8900	M313A	72	133	133	164.087	254.0536792	1939	1994	1995	9	7	56	scope	295713614489998	2483322010690		
1999	4	5	1480	1	8	122	10.5			37	46	33	35	35.344964	-111.809564	7700	M313A	76	0	0	149.2184	241.6009364	1948	1994	1995	9	25	47	scope	295713615489998	2483372010690		2483413010690
1999	4	5	1482	1	1	122	13.4			27	35	30	32	35.337347	-111.731363	9100	M313A	41	286	286	23.3818	9.044807499	1962	1994	1995	9	29	33	scope	295713616489998	2483452010690		2483460010690
1999	4	5	1482	4	1	122	12.9			27	31	34	32	35.337347	-111.731363	9100	M313A	41	286	286	23.3818	9.044807499	1967	1994	1995	9	29	28	scope	295713617489998	2483452010690	2483459010690	2483461010690
1999	4	5	1484	3	3	122	23			77	128	43	47	35.340701	-111.614749	8400	M313A	129	140	140	234.1782	293.7778675	1870	1994	1995	9	15	125	scope	295713618489998	2483536010690		2483558010690
1999	4	5	1484	4	9	122	16.3			61	56	50	47	35.340701	-111.614749	8400	M313A	129	140	140	234.1782	293.7778675	1941	1994	1995	9	15	54	scope	295713619489998	2483536010690		2483559010690
1999	4	5	1487	2	3	122	13			32	70	20	20	35.347783	-111.437616	7300	M313A	231	35	35	130.1824	79.28863526	1924	1994	1995	7	11	71	scope	295713620489998	2483588010690		2483605010690
1999	4	5	1509	1	3	122	14.6	56	14.9	56	88	34	37	35.293929	-112.10599	7100	M313A	84	164	164	143.7852	246.6677985	1924	1994	1995	6	6	71	scope	295713623489998	2483862010690	2483870010690	2483907010690
1999	4	5	1509	3	8	122	17.7	62	18	62	84	40	37	35.293929	-112.10599	7100	M313A	84	164	164	143.7852	246.6677985	1950	1994	1995	6	6	45	scope	295713624489998	2483862010690	2483894010690	2483908010690
1999	4	5	1510	2	5	122	15.8			53	64	39	38	35.289815	-112.061946	6900	M313A	78	0	0	55.6767	87.86047555	1937	1994	1995	9	11	58	scope	295713625489998	2483909010690	2483919010690	2483924010690
1999	4	5	1510	3	4	122	17.8			45	55	36	38	35.289815	-112.061946	6900	M313A	78	0	0	55.6767	87.86047555	1948	1995	1995	9	11	48	scope	295713626489998	2483909010690		2483925010690
1999	4	5	1511	1	1	122	17.8			70	80	47	49	35.284065	-111.995893	7200	M313A	88	0	0	56.8207	74.16084423	1914	1994	1995	8	29	81	scope	295713627489998	2483927010690		2483948010690
1999	4	5	1511	3	2	122	23.5	74	25.9	74	78	51	49	35.284065	-111.995893	7200	M313A	88	0	0	56.8207	74.16084423	1926	1995	1995	8	29	70	scope	295713628489998	2483927010690	2483936010690	2483949010690
1999	4	5	1511	4	9	122	17.5			66	81	44	45	35.284065	-111.995893	7200	M313A	85	0	0	183.8726	74.03386558	1915	1994	1995	8	29	80	scope	295713629489998	2483927010690		2483950010690
1999	4	5	1513	4	12	122	8.3	38	9	38	67	26	31	35.280459	-111.879296	7400	M313A	77	166	166	151.2023	266.9401014	1937	1994	1995	9	15	58	scope	295713630489998	2483958010690	2484012010690	2484013010690
1999	4	5	1513	4	13	122	9.5			48	62	35	31	35.280459	-111.879296	7400	M313A	77	166	166	151.2023	266.9401014	1941	1994	1995	9	15	54	scope	295713631489998	2483958010690		2484014010690
1999	4	5	1515	1	2	122	19	40	20.2	40	54	32	36	35.293025	-111.754061	7600	M313A	63	0	0	109.4415	192.5355447	1945	1995	1995	7	7	51	scope	295713632489998	2484046010690	2484053010690	
1999	4	5	1516	2	6	122	15			64	60	50	47	35.293226	-111.72107	7600	M313A	74	273	273	153.5374	242.6661761	1939	1995	1995	9	22	57	scope	295713633489998	2484091010690		2484121010690
1999	4	5	1516	3	3	122	10.9	55	12	55	57	44	47	35.293226	-111.72107	7600	M313A	74	273	273	153.5374	242.6661761	1941	1994	1995	9	22	54	scope	295713634489998	2484091010690	2484113010690	2484122010690
1999	4	5	1517	2	14	122	12.5			53	63	39	47	35.293487	-111.675981	8400	M313A	103	178	178	210.3682	339.8766301	1936	1994	1995	9	18	59	scope	295713635489998	2484124010690		2484198010690
1999	4	5	1517	4	6	122	25.5			80	83	55	47	35.293487	-111.675981	8400	M313A	103	178	178	210.3682	339.8766301	1914	1995	1995	9	18	82	scope	295713636489998	2484124010690		2484201010690
1999	4	5	1518	1	4	122	8.9	39	11.1	39	55	31	36	35.286557	-111.623139	7600	M313A	70	143	143	76.265	129.520078	1940	1995	1995	9	19	56	scope	295713637489998	2484206010690	2484215010690	2484231010690
1999	4	5	1518	2	3	122	15.3	56	18.4	56	64	41	36	35.286557	-111.623139	7600	M313A	70	143	143	76.265	129.520078	1934	1994	1995	9	19	61	scope	295713638489998	2484206010690	2484218010690	2484232010690
1999	4	5	1519	1	1	122	20			40	58	30	34	35.299547	-111.547346	6800	M313A	65	0	0	114.1178	18.0975887	1955	1994	1995	7	14	40	scope	295713639489998	2484235010690		2484244010690
1999	4	5	1519	3	1	122	19.9			52	55	42	34	35.299547	-111.547346	6800	M313A	65	0	0	114.1178	18.0975887	1938	1994	1995	7	14	57	scope	295713640489998	2484235010690	2484243010690	2484246010690
1999	4	5	1520	3	1	122	25.5	76	26.1	76	113	45	46	35.279027	-111.496627	6600	M313A	123	0	0	21.3428	26.91039549	1904	1995	1995	11	1	92	scope	295713642489998	2484249010690	2484255010690	2484257010690
1999	4	5	1520	3	2	122	24.5			79	114	47	46	35.279027	-111.496627	6600	M313A	123	0	0	21.3428	26.91039549	1884	1994	1995	11	1	111	scope	295713643489998	2484249010690		2484258010690
1999	4	5	1521	1	1	122	17.1	61	17.7	61	69	44	42	35.289198	-111.430703	6400	M313A	87	64	64	42.3011	65.37628895	1926	1994	1995	10	26	69	scope	295713644489998	2484259010690	2484265010690	2484274010690
1999	4	5	1521	2	1	122	20.4	65	20.8	65	93	40	42	35.289198	-111.430703	6400	M313A	87	64	64	42.3011	65.37628895	1887	1994	1995	10	26	108	scope	295713645489998	2484259010690	2484267010690	2484275010690
1999	4	5	1538	1	6	122	12.6			39	50	33	30	35.247063	-112.198779	7000	M313A	74	210	210	94.5096	182.5192062	1946	1994	1995	9	8	49	scope	295713650489998	2484434010690		2484482010690
1999	4	5	1538	4	4	122	8.6			34	55	26	30	35.247063	-112.198779	7000	M313A	74	210	210	94.5096	182.5192062	1937	1994	1995	9	8	58	scope	295713651489998	2484434010690		2484483010690
1999	4	5	1544	2	2	122	24.2			84	124	49	37	35.239072	-111.866761	7100	M313A	79	195	195	89.9151	66.05669374	1862	1994	1995	11	7	133	scope	295713655489998	2484632010690	2484645010690	2484659010690
1999	4	5	1544	4	11	122	16.8			33	48	28	27	35.239072	-111.866761	7100	M313A	24	0	0	97.4852	82.55927059	1954	1994	1995	11	7	41	scope	295713656489998	2484632010690		2484661010690
1999	4	5	1546	3	1	122	21.6	58	23.6	58	109	32	43	35.248851	-111.752554	7500	M313A	102	0	0	122.7313	180.0234187	1895	1994	1995	7	5	100	scope	295713657489998	2484674010690	2484691010690	2484705010690
1999	4	5	1546	4	12	122	19.3			78	79	54	43	35.248851	-111.752554	7500	M313A	102	0	0	122.7313	180.0234187	1916	1994	1995	7	5	79	scope	295713658489998	2484674010690		2484706010690
1999	4	5	1547	1	1	122	19			59	53	49	45	35.244628	-111.705253	7700	M313A	57	0	0	95.4646	127.1477631	1948	1994	1995	7	3	47	scope	295713659489998	2484707010690	2484714010690	2484736010690
1999	4	5	1547	4	1	122	12.3						45	35.244628	-111.705253	7700	M313A	57	0	0	95.4646	127.1477631	1958	1994	1995	7	3	37	scope	295713660489998	2484707010690	2484733010690	
1999	4	5	1548	1	1	122	8.1			28	51	23	32	35.237729	-111.649143	7200	M313A	107	0	0	60.7018	87.33938304	1947	1994	1995	7	7	48	scope	295713661489998	2484739010690	2484745010690	2484753010690
1999	4	5	1551	2	4	122	11.4	36	11.8	36	63	25	30	35.242121	-111.481015	6500	M313A	77	0	0	57.8647	99.58277481	1939	1994	1995	7	5	56	scope	295713664489998	2484769010690	2484787010690	2484791010690
1999	4	5	1570	4	2	122	17.8			75	88	49	48	35.191616	-112.151832	7200	M313A	0	0	0	20.5606	28.77111387	1978	1994	1995	8	25	17	scope	295713671489998	2485127010690		2485136010690
1999	4	5	1571	3	10	122	22.7			79	85	53	51	35.204677	-112.104779	7000	M313A	84	0	0	99.0249	166.9071788	1917	1994	1995	8	30	78	scope	295713672489998	2485137010690		2485169010690
1999	4	5	1572	3	5	122	21.9	59	23	59	95	35	40	35.190835	-112.038689	6800	M313A	79	0	0	94.6262	132.1879774	1938	1994	1995	9	1	57	scope	295713674489998	2485171010690	2485190010690	2485195010690
1999	4	5	1572	4	4	122	24			64	76	44	40	35.190835	-112.038689	6800	M313A	79	0	0	94.6262	132.1879774	1923	1994	1995	9	1	72	scope	295713675489998	2485171010690		2485196010690
1999	4	5	1576	2	3	122	10.8	29	12.1	29	47	25	34	35.189819	-111.81791	7000	M313A	73	0	0	115.6763	173.89606	1948	1994	1995	11	7	47	scope	295713676489998	2485211010690	2485223010690	2485236010690
1999	4	5	1576	3	7	122	22.5	69	22.9	69	99	42	34	35.189819	-111.81791	7000	M313A	73	0	0	115.6763	173.89606	1894	1995	1995	11	7	102	scope	295713677489998	2485211010690	2485231010690	2485237010690
1999	4	5	1580	2	5	122	15			49	72	33	32	35.859984	-113.118543	6800	313A	76	318	318	107.2775	178.9138939	1928	1995	1996	8	21	68	scope	295713679489998	2485244010690		2485277010690
1999	4	5	1580	2	6	122	14			46	75	30	32	35.859984	-113.118543	6800	313A	76	318	318	107.2775	178.9138939	1927	1995	1996	8	21	69	scope	295713680489998	2485244010690		2485278010690
1999	4	5	1581	1	2	122	9.4	22	11.6	22	30	29	34	35.195786	-111.562029	6800	M313A	107	0	0	25.138	43.03630671	1970	1994	1995	7	10	25	scope	295713681489998	2485282010690	2485289010690	2485296010690
1999	4	5	1581	4	1	122	21.5			65	98	39	34	35.195786	-111.562029	6800	M313A	107	0	0	25.138	43.03630671	1907	1994	1995	7	10	88	scope	295713682489998	2485282010690		
1999	4	5	1598	1	4	122	13.5			54	69	38	36	35.135011	-112.223477	7000	M313A	100	0	0	106.8142	222.4974658	1931	1994	1995	9	11	64	scope	295713685489998	2485532010690		2485576010690
1999	4	5	1603	2	6	122	13.9			51	64	37	42	35.14571	-111.932732	6800	M313A	81	0	0	91.7192	136.092999	1933	1994	1995	8	23	62	scope	295713687489998	2485655010690		2485672010690
1999	4	5	1603	2	7	122	16.4			68	74	48	42	35.14571	-111.932732	6800	M313A	81	0	0	91.7192	136.092999	1922	1994	1995	8	23	73	scope	295713688489998	2485655010690		2485673010690
1999	4	5	1604	1	1	122	13.9	46		46	51	39	41	35.14884	-111.875682	7100	M313A	56	188	188	87.5012	149.0465308	1956	1995	1995	11	7	40	scope	295713689489998	2485675010690	2485681010690	2485701010690
1999	4	5	1604	1	4	122	11.5	45	14.3	45	44	42	41	35.14884	-111.875682	7100	M313A	56	188	188	87.5012	149.0465308	1956	1995	1995	11	7	40	scope	295713690489998	2485675010690	2485684010690	2485702010690
1999	4	5	1607	1	1	122	10.7	46	11.3	46	58	35	33	35.153465	-111.720933	7100	M313A	74	0	0	127.5884	217.8830042	1943	1994	1995	7	12	52	scope	295713691489998	2485709010690	2485715010690	2485745010690
1999	4	5	1608	1	2	122	17.5			55	60	42	48	35.152872	-111.667131	6700	M313A	67	50	50	118.1728	52.53866433	1942	1995	1996	8	20	54	scope	295713692489998	2485749010690		2485762010690
1999	4	5	1608	4	6	122	16.9			68	60	54	48	35.152872	-111.667131	6700	M313A	67	50	50	118.1728	52.53866433	1938	1995	1996	8	20	58	scope	295713693489998	2485749010690		2485763010690
1999	4	5	1609	2	4	122	15.3	53	15.5	53	113	28	41	35.159562	-111.594718	6700	M313A	123	209	209	138.7764	220.1686089	1878	1995	1995	7	5	118	scope	295713694489998	2485766010690	2485779010690	2485802010690
1999	4	5	1630	1	26	122	10.1	46	10.3	46	67	32	30	35.102376	-112.049635	7100	M313A	98	190	190	178.4457	321.3348485	1925	1994	1995	8	31	70	scope	295713699489998	2486139010690	2486170010690	2486222010690
1999	4	5	1630	4	27	122	12.9			46	90	27	30	35.102376	-112.049635	7100	M313A	98	190	190	178.4457	321.3348485	1915	1994	1995	8	31	80	scope	295713700489998	2486139010690		2486223010690
1999	4	5	1631	3	9	122	15.3	46	16.2				28	35.101954	-111.992576	6600	M313A	96	0	0	66.293	122.6708332	1908	1994	1995	8	18	87	scope	295713701489998	2486226010690	2486245010690	
1999	4	5	1633	3	3	122	12.4	49	13.2	49	87	29	29	35.110156	-111.863198	7200	M313A	82	0	0	96.3325	194.0169399	1915	1994	1995	9	21	80	scope	295713704489998	2486298010690	2486336010690	2486354010690
1999	4	5	1634	1	2	122	15	37	16.7	37	49	32	37	35.121361	-111.807348	7200	M313A	57	0	0	60.1669	73.28215371	1948	1994	1995	11	8	47	scope	295713706489998	2486358010690	3528993010690	2486376010690
1999	4	5	1634	4	2	122	19.2	48	20.8	48	51	41	37	35.121361	-111.807348	7200	M313A	57	0	0	60.1669	73.28215371	1946	1994	1995	11	8	49	scope	295713707489998	2486358010690	2486373010690	2486377010690
1999	4	5	1635	2	1	122	10	32	11.4	32	46	29	37	35.118898	-111.770012	7400	M313A	76	252	252	54.0854	92.39475049	1958	1994	1995	9	25	37	scope	295713708489998	2486379010690	2486387010690	2486403010690
1999	4	5	1637	2	1	122	21.9			67	75	47	53	35.116865	-111.655863	7000	M313A	84	0	0	51.8105	73.36271473	1921	1994	1995	9	28	74	scope	295713709489998	2486412010690	2486419010690	2486423010690
1999	4	5	1637	4	2	122	20.3			79	70	59	53	35.116865	-111.655863	7000	M313A	84	0	0	51.8105	73.36271473	1929	1995	1995	9	28	67	scope	295713710489998	2486412010690		2486424010690
1999	4	5	1638	3	9	122	7.2	38	8.4	38	43	36	34	35.112669	-111.595474	6900	M313A	54	16	16	95.97	169.3378858	1956	1995	1995	9	28	40	scope	295713711489998	2486425010690	2486450010690	2486458010690
1999	4	5	1639	1	1	122	7.7	26	7.4				35	35.105684	-111.547143	7200	M313A	78	0	0	110.5024	185.6660456	1950	1994	1995	7	12	45	scope	295713713489998	2486462010690	2486468010690	
1999	4	5	1639	2	1	122	10.4	46	10.8	46	58	35	35	35.105684	-111.547143	7200	M313A	78	0	0	110.5024	185.6660456	1942	1994	1995	7	12	53	scope	295713714489998	2486462010690	2486476010690	2486495010690
1999	4	5	1657	2	3	122	9.2	33	9.3	33	50	28	29	35.053511	-112.167434	6700	313C	122	0	0	111.0147	273.1318154	1954	1994	1995	8	11	39	scope	295713716489998	2486793010690	2486845010690	2486871010690
1999	4	5	1658	2	3	122	13.3	66	13.8	66	91	41	38	35.056949	-112.08853	6600	M313A	91	236	236	151.7846	274.1825024	1897	1995	1995	8	30	99	scope	295713717489998	2486875010690	2486886010690	2486942010690
1999	4	5	1658	2	13	122	10.5	53	11.2	53	77	35	38	35.056949	-112.08853	6600	M313A	91	236	236	151.7846	274.1825024	1920	1995	1995	8	30	76	scope	295713718489998	2486875010690	2486896010690	2486943010690
1999	4	5	1659	2	8	122	11.3			37	60	27	30	35.04844	-112.030305	6500	M313A	103	220	220	214.7494	375.4938888	1938	1994	1995	7	26	57	scope	295713719489998	2486948010690	2486975010690	2487011010690
1999	4	5	1661	1	26	122	9.4	45	10	45	78	28	31	35.05992	-111.9493	6700	M313A	90	230	230	176.8984	334.7633043	1913	1994	1995	10	5	82	scope	295713723489998	2487053010690	2487084010690	2487147010690
1999	4	5	1661	2	4	122	13.6	54	13.9	54	82	34	31	35.05992	-111.9493	6700	M313A	90	230	230	176.8984	334.7633043	1911	1995	1995	10	5	85	scope	295713724489998	2487053010690	2487089010690	2487148010690
1999	4	5	1662	1	2	122	12.2	45	13.1	45	73	30	27	35.061445	-111.865975	6800	M313A	75	0	0	84.6869	162.7243534	1924	1994	1995	9	25	71	scope	295713725489998	2487149010690	2487156010690	2487194010690
1999	4	5	1662	2	4	122	7.7	35	8.7	35	63	24	27	35.061445	-111.865975	6800	M313A	75	0	0	84.6869	162.7243534	1929	1995	1995	9	25	67	scope	295713726489998	2487149010690	2487170010690	2487195010690
1999	4	5	1663	4	11	122	18.5	65	19.2	65	77	44	41	35.058113	-111.826463	7100	M313A	76	0	0	146.9641	255.9006599	1920	1995	1995	9	26	76	scope	295713727489998	2487196010690	2487239010690	2487246010690
1999	4	5	1664	1	6	122	15.2	72	16.8	72	70	53	46	35.06398	-111.756335	7200	M313A	82	0	0	69.0597	117.28917	1928	1995	1995	9	27	68	scope	295713728489998	2487248010690	2487259010690	2487270010690
1999	4	5	1664	4	1	122	11.2			53	66	38	46	35.06398	-111.756335	7200	M313A	82	0	0	69.0597	117.28917	1923	1994	1995	9	27	72	scope	295713729489998	2487248010690		
1999	4	5	1665	2	3	122	12.9	45	13.2	45	64	32	38	35.067755	-111.728951	6600	M313A	78	10	10	177.1399	315.2416675	1925	1995	1995	11	1	71	scope	295713730489998	2487272010690	2487290010690	2487332010690
1999	4	5	1666	2	1	122	8.9	37	9.6	37	60	27	31	35.068163	-111.657666	7100	M313A	96	273	273	168.0519	285.6008924	1934	1995	1995	10	5	62	scope	295713731489998	2487334010690	2487344010690	
1999	4	5	1667	2	2	122	14.2			65	65	49	48	35.049573	-111.590628	7000	M313A	74	305	305	120.1971	228.1863973	1932	1995	1995	9	27	64	scope	295713732489998	2487384010690		2487428010690
1999	4	5	1667	4	6	122	16.1	68	16.5	68	76	47	48	35.049573	-111.590628	7000	M313A	74	305	305	120.1971	228.1863973	1923	1995	1995	9	27	73	scope	295713733489998	2487384010690	2487420010690	2487429010690
1999	4	5	1687	1	3	122	9.5			40	57	31	31	35.023362	-112.113295	6400	M313A	93	81	81	154.3565	234.7600931	1947	1995	1995	8	24	49	scope	295713737489998	2487660010690	2487669010690	2487722010690
1999	4	5	1687	4	9	122	12.1			43	68	29	31	35.023362	-112.113295	6400	M313A	93	81	81	154.3565	234.7600931	1932	1994	1995	8	24	63	scope	295713738489998	2487660010690		2487723010690
1999	4	5	1688	2	5	122	8.5			42	68	29	27	35.012385	-112.028757	6400	M313A	104	0	0	140.6734	256.4567687	1927	1994	1995	8	21	68	scope	295713739489998	2487726010690	2487748010690	2487781010690
1999	4	5	1691	1	15	122	13.4			67	80	45	45	35.023481	-111.878728	6800	M313A	86	185	185	162.4006	324.7970994	1916	1994	1995	10	2	79	scope	295713741489998	2487835010690	2487855010690	2487916010690
1999	4	5	1692	1	16	122	10.7	59	11.6	59	85	37	43	35.009446	-111.822685	6900	M313A	104	160	160	207.4398	368.2509111	1913	1994	1995	10	26	82	scope	295713742489998	2487922010690	2487943010690	2487980010690
1999	4	5	1696	4	17	122	11.1			58	81	38	35	35.017944	-111.60465	7400	M313A	80	0	0	128.5635	254.8053139	1917	1994	1995	9	27	78	scope	295713745489998	2488114010690		2488166010690
1999	4	5	1697	1	7	122	16.8			56	70	39	37	35.019969	-111.558627	7200	M313A	114	0	0	66.2766	122.5161264	1929	1994	1995	9	26	66	scope	295713746489998	2488167010690		2488196010690
1999	4	5	1697	3	11	122	7.5	36	9	36	41	35	37	35.019969	-111.558627	7200	M313A	114	0	0	66.2766	122.5161264	1957	1994	1995	9	26	38	scope	295713747489998	2488167010690	2488189010690	2488197010690
1999	4	5	1698	3	1	122	15.4	56	17	56	70	39	41	35.010296	-111.502665	7000	M313A	65	0	0	74.3545	136.0966608	1929	1994	1995	7	5	66	scope	295713748489998	2488199010690	2488222010690	2488233010690
1999	4	5	1698	3	3	122	16	59	17.3	59	66	43	41	35.010296	-111.502665	7000	M313A	65	0	0	74.3545	136.0966608	1925	1994	1995	7	5	70	scope	295713749489998	2488199010690	2488224010690	2488234010690
1999	4	5	1699	1	5	122	11	34	12.8	34	41	33	40	35.023141	-111.445743	7100	M313A	49	0	0	34.9795	32.29238417	1956	1994	1995	9	26	39	scope	295713750489998	2488235010690	2488246010690	2488250010690
1999	4	5	1713	1	1	122	12.6	62	14.1	62	70	44	41	34.973079	-111.72811	6600	M313A	93	182	182	126.9912	215.3720278	1926	1994	1995	11	1	69	scope	295713751489998	2488364010690	2488370010690	2488400010690
1999	4	5	1714	2	16	122	9.2			52	86	32	38	34.960845	-111.660091	6900	M313A	90	121	121	225.0747	357.6851402	1921	1994	1995	11	2	74	scope	295713752489998	2488405010690	2488443010690	2488457010690
1999	4	5	1715	1	13	122	14.1	62	15.3	62	79	41	38	34.975548	-111.607624	7000	M313A	90	268	268	138.6474	259.2316552	1917	1994	1995	9	27	78	scope	295713753489998	2488459010690	2488477010690	2488508010690
1999	4	5	1715	2	8	122	11.2	53	12.1	53	75	35	38	34.975548	-111.607624	7000	M313A	90	268	268	138.6474	259.2316552	1919	1995	1995	9	27	77	scope	295713754489998	2488459010690	2488493010690	2488509010690
1999	4	5	1716	1	11	122	19.6	63	20.1	63	78	42	41	34.971342	-111.544055	7500	M313A	77	272	272	180.7346	356.1012675	1920	1994	1995	7	13	75	scope	295713755489998	2488512010690	2488528010690	2488594010690
1999	4	5	1716	4	14	122	15.2	53	15.8	53	64	39	41	34.971342	-111.544055	7500	M313A	77	272	272	180.7346	356.1012675	1934	1994	1995	7	13	61	scope	295713756489998	2488512010690	2488578010690	2488597010690
1999	4	5	1717	3	4	122	16.2	69	16.6	69	103	41	39	34.970717	-111.478323	7500	M313A	101	62	62	182.0808	343.1534219	1895	1994	1995	9	28	100	scope	295713757489998	2488602010690	2488631010690	2488666010690
1999	4	5	1733	3	1	122	17.3	59	17.3	59	74	40	36	34.914893	-111.653154	6400	M313A	73	252	252	115.4561	221.0944556	1923	1994	1995	11	2	72	scope	295713758489998	2488810010690	2488852010690	2488878010690
1999	4	5	1734	1	4	122	6.7	25	7.6	25	29	33	32	34.927843	-111.589753	7200	M313A	85	0	0	66.6418	124.3856233	1962	1994	1995	7	12	33	scope	295713759489998	2488881010690	2488890010690	2488913010690
1999	4	5	1734	1	5	122	8.4	33	9.1	33	43	31	32	34.927843	-111.589753	7200	M313A	85	0	0	66.6418	124.3856233	1944	1994	1995	7	12	51	scope	295713760489998	2488881010690	2488891010690	2488914010690
1999	4	5	1736	1	8	122	13.3			58	62	44	39	34.936442	-111.480313	7400	M313A	70	33	33	90.4634	166.4374477	1934	1994	1995	10	3	61	scope	295713761489998	2488946010690		2488986010690
1999	4	5	1752	4	1	122	10.1	46	10.9	46	46	42	37	34.877964	-111.645202	6400	M313A	72	27	27	81.5234	170.3284989	1950	1994	1995	11	6	46	scope	295713766489998	2489184010690	2489208010690	2489222010690
1999	4	5	1902	4	7	122	14.2			53	57	42	43	34.485572	-111.064944	7500	M313A	70	251	251	35.9575	65.57168194	1941	1995	1996	5	22	55	scope	295713877489998	2493196010690		2493221010690
1999	4	5	1903	1	8	122	20.3	80	20.8	80	110	48	47	34.466652	-111.00722	7800	M313A	99	82	82	145.0561	232.4561023	1888	1995	1996	5	21	108	scope	295713878489998	2493224010690	2493237010690	2493257010690
1999	4	5	1903	3	5	122	18.1			69	85	45	47	34.466652	-111.00722	7800	M313A	99	82	82	145.0561	232.4561023	1911	1995	1996	5	21	85	scope	295713879489998	2493224010690		2493258010690
1999	4	5	1904	2	2	122	8.1	33	8.7				42	34.476563	-110.951684	7300	M313A	41	73	73	101.2307	195.2600178	1969	1995	1996	5	28	27	scope	295713880489998	2493262010690	2493276010690	
1999	4	5	1904	3	1	122	9.9	33	11.6	33	33	39	42	34.476563	-110.951684	7300	M313A	41	73	73	101.2307	195.2600178	1975	1995	1996	5	28	21	scope	295713881489998	2493262010690	2493296010690	2493309010690
1999	4	5	1905	1	16	122	8.1	38	9	38	52	31	32	34.481028	-110.884161	7100	M313A	105	258	258	106.052	181.6972345	1946	1995	1996	5	28	50	scope	295713882489998	2493310010690	2493331010690	2493347010690
1999	4	5	1905	1	19	122	11			46	64	33	32	34.481028	-110.884161	7100	M313A	105	258	258	106.052	181.6972345	1935	1995	1996	5	28	61	scope	295713883489998	2493310010690		2493348010690
1999	4	5	1906	3	10	122	13.9			57	70	40	37	34.475567	-110.839521	6900	M313A	79	91	91	63.782	35.79989874	1937	1995	1996	5	20	59	scope	295713884489998	2493349010690		2493372010690
1999	4	5	1907	1	3	122	13.3	46	14.8	46	73	30	32	34.491717	-110.785031	7100	M313A	79	1	1	62.6352	123.0686424	1922	1995	1996	5	13	74	scope	295713885489998	2493375010690	2493383010690	2493403010690
1999	4	5	1908	1	1	122	17.5	59	18	59	95	35	33	34.418811	-111.480595	6700	313C	96	0	0	118.8216	214.4331397	1905	1995	1995	10	18	91	scope	295713886489998	2493410010690	2493416010690	2493451010690
1999	4	5	1908	4	4	122	8.1	36	8.7	36	49	31	33	34.418811	-111.480595	6700	313C	96	0	0	118.8216	214.4331397	1951	1995	1995	10	18	45	scope	295713887489998	2493410010690	2493449010690	2493452010690
1999	4	5	1910	4	8	122	13.1			54	50	47	44	34.426491	-111.342421	7600	M313A	77	0	0	57.102	72.41617197	1948	1994	1995	10	27	47	scope	295713891489998	2493489010690		2493505010690
1999	4	5	1912	1	8	122	16.1			73	87	48	29	34.432283	-111.15524	7600	M313A	97	90	90	90.3065	127.8027576	1911	1995	1995	10	11	85	scope	295713892489998	2493578010690		2493615010690
1999	4	5	1914	2	6	122	12.2	57	12.8	57	81	37	44	34.437779	-111.059464	7500	M313A	103	0	0	178.7102	305.3286469	1916	1995	1996	5	21	80	scope	295713893489998	2493706010690	2493723010690	2493754010690
1999	4	5	1915	2	6	122	15.9	50	17.1	50	65	36	35	34.424267	-111.00504	7400	M313A	71	240	240	87.7416	79.57674443	1934	1995	1996	6	4	62	scope	295713894489998	2493764010690	2493799010690	2493822010690
1999	4	5	1915	3	2	122	12.2	46	11.7	46	62	34	35	34.424267	-111.00504	7400	M313A	71	240	240	87.7416	79.57674443	1937	1995	1996	6	4	59	scope	295713895489998	2493764010690	2493803010690	2493823010690
1999	4	5	1916	4	1	122	10.4	47	11.3	47	74	31	40	34.442293	-110.949526	7500	M313A	78	292	292	120.1845	223.92822	1927	1995	1996	5	29	69	scope	295713896489998	2493833010690	2493877010690	2493890010690
1999	4	5	1919	4	2	122	12.1			31	30	39	43	34.433101	-110.786269	7100	M313A	19	347	347	54.7029	113.9803232	1969	1995	1996	5	13	27	scope	295713898489998	2493945010690		2493972010690
1999	4	5	1920	3	11	122	15.2			64	104	37	42	34.384569	-111.063778	7800	M313A	101	0	0	60.3408	52.87161243	1893	1995	1996	5	23	103	scope	295713899489998	2493976010690		2494009010690
1999	4	5	1920	3	12	122	15.3			71	83	47	42	34.384569	-111.063778	7800	M313A	101	0	0	60.3408	52.87161243	1914	1995	1996	5	23	82	scope	295713900489998	2493976010690		2494010010690
1999	4	5	1922	4	7	122	12.8			62	68	45	43	34.397201	-110.946289	7700	M313A	82	242	242	81.4439	148.9112655	1928	1995	1996	6	6	68	scope	295713901489998	2494083010690		2494111010690
1999	4	5	1923	1	2	122	7.9	41	8.6	41	65	29	33	34.380929	-110.887561	7600	M313A	90	0	0	90.9674	172.5815259	1940	1995	1996	5	31	56	scope	295713902489998	2494115010690	2494122010690	2494153010690
1999	4	5	1923	4	2	122	9.9	50	10.5	50	63	37	33	34.380929	-110.887561	7600	M313A	90	0	0	90.9674	172.5815259	1939	1995	1996	5	31	57	scope	295713903489998	2494115010690	2494141010690	2494154010690
1999	4	5	1924	4	8	122	14.5			74	132	40	34	34.385385	-110.839692	7300	M313A	156	332	332	289.3139	116.0938396	1865	1995	1996	5	16	130	scope	295713904489998	2494156010690		2494215010690
1999	4	5	1926	2	5	122	9.4	32	10.8	32	44	30	35	34.343097	-110.963719	7600	M313A	66	0	0	115.3768	210.3457493	1959	1995	1996	5	23	37	scope	295713905489998	2494301010690	2494333010690	2494357010690
1999	4	5	1927	1	16	122	11.5			63	95	38	38	34.343962	-110.897396	7500	M313A	83	253	253	79.827	156.4191959	1916	1995	1996	5	15	80	scope	295713907489998	2494361010690		2494402010690
1999	4	5	1929	1	7	122	9.3	32	10.8	32	44	30	33	34.341103	-110.779979	7400	M313A	79	54	54	168.5128	332.9682531	1951	1995	1996	5	22	45	scope	295713908489998	2494446010690	2494458010690	2494516010690
1999	4	5	1929	1	10	122	8.4	39	9.9	39	45	36	33	34.341103	-110.779979	7400	M313A	79	54	54	168.5128	332.9682531	1950	1995	1996	5	22	46	scope	295713909489998	2494446010690	2494461010690	2494517010690
1999	4	5	1930	4	1	122	11.4	44	12.2	44	71	29	27	34.301571	-110.892013	7600	M313A	128	0	0	76.3282	128.5782637	1932	1995	1996	5	23	64	scope	295713910489998	2494520010690	2494537010690	2494545010690
1999	4	5	1931	2	4	122	9.8			41	47	36	37	34.296111	-110.845294	7500	M313A	103	0	0	110.8863	164.69745	1956	1995	1996	5	24	40	scope	295713911489998	2494551010690	2494565010690	2494580010690
1999	4	5	1931	4	7	122	9.8			38	41	37	37	34.296111	-110.845294	7500	M313A	103	0	0	110.8863	164.69745	1949	1995	1996	5	24	47	scope	295713912489998	2494551010690		2494580010690
1999	4	7	9	2	5	122	11.3	33	12.1				34	34.383105	-111.383985	6200	313C	139	92	92	144.5577	258.2442429	1961	1995	1996	4	18	35	scope	295713914489998	2494821010690	2494842010690	
1999	4	7	10	1	1	122	10.2	47	10.4	47	75	31	26	34.390454	-111.32922	5600	M313A	153	280	280	119.2138	212.4317232	1916	1995	1996	4	1	80	scope	295713915489998	2494873010690	2494879010690	2494917010690
1999	4	7	40	1	5	122	15.6			78	93	50	55	34.293501	-110.993078	5900	M313A	101	195	195	123.2068	199.7297105	1903	1995	1996	4	26	94	scope	295713920489998	2495995010690	2496005010690	2496023010690
1999	4	7	58	1	2	122	11.1			60	48	54	59	34.260003	-110.820378	7200	M313A	106	33	33	144.3761	231.6734644	1950	1995	1996	5	2	46	scope	295713925489998	2496541010690	2496548010690	2496593010690
1999	4	7	73	3	1	122	15			76	77	53	52	34.209616	-110.944235	5800	313C	109	0	0	129.2154	43.59889228	1915	1995	1996	12	4	81	scope	295713926489998	2496877010690	2496919010690	2496943010690
1999	4	7	73	3	4	122	15.3			67	67	50	52	34.209616	-110.944235	5800	313C	109	0	0	129.2154	43.59889228	1926	1995	1996	12	4	70	scope	295713927489998	2496877010690		2496944010690
1999	4	7	74	3	10	122	9.1	60	10				43	34.202365	-110.889968	6500	313C	86	342	342	96.632	178.1112555	1930	1995	1996	11	21	66	scope	295713928489998	2496947010690	2496973010690	
1999	4	7	74	3	16	122	17.7			68	79	46	43	34.202365	-110.889968	6500	313C	86	342	342	96.632	178.1112555	1930	1995	1996	11	21	66	scope	295713929489998	2496947010690		2496986010690
1999	4	7	76	3	1	122	13.3			53	68	37	35	34.214868	-110.793333	6700	M313A	156	163	163	85.3464	180.8309803	1931	1996	1996	11	25	66	scope	295713932489998	2497044010690		2497073010690
1999	4	7	76	3	2	122	12.8			45	61	33	35	34.214868	-110.793333	6700	M313A	156	163	163	85.3464	180.8309803	1936	1996	1996	11	25	61	scope	295713933489998	2497044010690		2497074010690
1999	4	7	91	1	8	122	18.6			60	92	36	49	34.164526	-110.951859	5400	313C	190	353	353	121.0849	47.73150497	1909	1996	1997	3	17	88	scope	295713934489998	2497363010690		2497398010690
1999	4	7	93	4	12	122	10	49	10.2	49	69	34	34	34.159919	-110.836862	6400	313C	136	181	181	164.0197	302.9856853	1928	1995	1996	11	27	68	scope	295713936489998	2497435010690	2497494010690	2497501010690
1999	4	7	93	4	14	122	11.9	51	12	51	75	34	34	34.159919	-110.836862	6400	313C	136	181	181	164.0197	302.9856853	1903	1995	1996	11	27	93	scope	295713937489998	2497435010690	2497496010690	2497502010690
1999	4	7	119	2	13	122	21.8			61	86	39	40	34.085977	-110.846759	5800	313C	92	0	0	89.8467	12.04476737	1916	1996	1997	4	15	81	scope	295713941489998	2498113010690		2498147010690
1999	4	7	188	1	3	122	11.5			52	67	37	47	33.608421	-110.404574	6300	313C	81	354	354	154.0342	275.6557649	1936	1995	1996	11	19	60	scope	295713947489998	2500345010690	2500354010690	2500409010690
1999	4	7	188	2	5	122	17.8	83	18.3	83	86	56	47	33.608421	-110.404574	6300	313C	81	354	354	154.0342	275.6557649	1917	1995	1996	11	19	79	scope	295713948489998	2500345010690	2500371010690	2500410010690
1999	4	7	355	1	2	122	14.3	56	14.8	56	50	48	41	33.921617	-110.018362	5700	313C	108	0	0	68.5299	111.3704271	1935	1995	1996	10	25	61	scope	295713963489998	2503855010690	3534443010690	2503875010690
1999	4	9	4	3	2	122	12	55	12.5	55	69	39	41	33.562222	-109.597998	6800	M313A	113	280	280	79.693	144.0756962	1927	1996	1996	11	19	70	scope	295713976489998	2505802010690	2505820010690	2505831010690
1999	4	9	26	2	9	122	14.4	68	14.5	68	71	49	40	33.434697	-109.922754	6300	M313A	92	313	313	157.908	288.5136472	1928	1995	1996	10	17	68	scope	295713987489998	2506546010690	2506571010690	2506603010690
1999	4	9	27	1	6	122	15.9	79	16.9	79	73	57	56	33.433327	-109.870063	6100	M313A	76	44	44	75.4409	129.8808035	1929	1995	1996	10	21	67	scope	295713989489998	2506606010690	2506617010690	2506633010690
1999	4	11	1	1	1	122	9.8	39	10.6	39	49	33	42	33.744836	-109.34243	7700	M313A	103	245	245	34.7872	54.19579734	1943	1995	1996	7	18	53	scope	295713997489998	2510895010690	2510901010690	2510907010690
1999	4	11	2	1	4	122	15.5			67	90	42	45	33.75023	-109.275394	8200	M313A	110	222	222	59.5075	88.1125336	1911	1995	1996	8	2	85	scope	295713998489998	2510912010690		2510926010690
1999	4	11	3	4	5	122	14.7			65	89	41	43	33.73131	-109.213174	8200	M313A	108	323	323	104.9101	194.8792958	1908	1995	1996	7	23	88	scope	295714000489998	2510928010690		
1999	4	11	4	3	1	122	14.6	63	15.5	63	79	42	48	33.743878	-109.148148	7500	M313A	124	0	0	97.3997	160.7674246	1913	1995	1996	7	22	83	scope	295714002489998	2510976010690	2510993010690	2511015010690
1999	4	11	8	3	6	122	12.5			57	57	45	46	33.713839	-109.385111	8400	M313A	88	240	240	161.2252	283.8264887	1951	1995	1996	8	22	45	scope	295714003489998	2511127010690		2511176010690
1999	4	11	8	4	2	122	13	62	13.8	62	64	47	46	33.713839	-109.385111	8400	M313A	88	240	240	161.2252	283.8264887	1936	1995	1996	8	22	60	scope	295714004489998	2511127010690	2511165010690	2511177010690
1999	4	11	15	1	8	122	16.7	56	16.8	56	134	28	31	33.650084	-109.479446	6700	M313A	130	314	314	80.2119	139.561213	1851	1995	1996	8	5	145	scope	295714006489998	2511366010690	2511379010690	2511390010690
1999	4	11	29	1	10	122	9.4	56	9.8	56	84	35	42	33.614237	-109.224217	6400	M313A	125	13	13	156.8986	317.658005	1938	1995	1996	9	9	58	scope	295714008489998	2512046010690	2512062010690	2512092010690
1999	4	11	34	1	3	122	13.4	40	14.3	40	75	25	28	33.564617	-109.422366	8400	M313A	90	169	169	110.6002	209.3413234	1934	1995	1996	8	2	62	scope	295714010489998	2512325010690	2512333010690	2512354010690
1999	4	11	35	4	5	122	12.1			49	50	42	39	33.557679	-109.37402	7800	M313A	92	136	136	105.0871	170.9401652	1954	1995	1996	8	6	42	scope	295714011489998	2512361010690		2512399010690
1999	4	11	36	1	11	122	10.1	43	10.7	43	63	31	34	33.561613	-109.330859	8400	M313A	73	170	170	148.1151	291.7034535	1937	1995	1996	8	2	59	scope	295714012489998	2512403010690	2512420010690	2512470010690
1999	4	11	41	1	6	122	9.4	49	10.2	49	63	36	33	33.553384	-109.074677	7600	M313A	116	303	303	93.7421	175.2967186	1935	1995	1996	8	6	61	scope	295714015489998	2512653010690	2512664010690	2512694010690
1999	4	11	45	2	14	122	13.6	52	14.6	52	78	34	42	33.515428	-109.316674	7200	M313A	88	88	88	135.2323	271.9798553	1932	1995	1996	8	26	64	scope	295714018489998	2512899010690	2512935010690	2512967010690
1999	4	11	46	4	5	122	13.3	61	13.6	61	94	37	37	33.518412	-109.271397	6500	M313A	149	51	51	187.3125	80.13905985	1910	1995	1996	9	17	86	scope	295714019489998	2512970010690	2512997010690	2513007010690
1999	4	11	46	4	15	122	10.9			58	83	37	37	33.518412	-109.271397	6500	M313A	149	51	51	187.3125	80.13905985	1926	1995	1996	9	17	70	scope	295714020489998	2512970010690		2513008010690
1999	4	15	112	1	1	122	23.4	65	24.2	65	91	41	39	36.781626	-113.798801	6800	313A	100	0	0	83.7048	141.0780203	1906	1995	1995	10	11	90	scope	295714022489998	2520549010690	2520555010690	2520573010690
1999	4	15	112	3	3	122	18.3	49	19.7	49	63	36	39	36.781626	-113.798801	6800	313A	100	0	0	83.7048	141.0780203	1932	1995	1995	10	11	64	scope	295714023489998	2520549010690	2520563010690	2520574010690
1999	4	17	830	4	3	122	18.6			64	60	50	40	34.464555	-110.73066	6900	M313A	85	0	0	45.6818	73.57153727	1937	1995	1996	5	15	59	scope	295714036489998	2533173010690		2533190010690
1999	4	17	831	4	7	122	6.2			28	49	23	29	34.477914	-110.663101	6800	M313A	62	0	0	106.6177	52.86216985	1954	1995	1996	5	6	42	scope	295714038489998	2533192010690	2533223010690	2533230010690
1999	4	17	831	4	13	122	8.9						29	34.477914	-110.663101	6800	M313A	62	0	0	106.6177	52.86216985	1955	1995	1996	5	6	41	scope	295714040489998	2533192010690	2533229010690	
1999	4	17	848	1	11	122	17.7	77	18.1	77	75	55	50	34.438276	-110.678498	6800	M313A	82	0	0	133.4803	228.5525253	1918	1995	1996	5	21	78	scope	295714043489998	2533485010690	2533501010690	2533522010690
1999	4	17	848	3	9	122	14.4	57	14.9	57	57	45	50	34.438276	-110.678498	6800	M313A	82	0	0	133.4803	228.5525253	1939	1995	1996	5	21	57	scope	295714044489998	2533485010690	2533516010690	2533523010690
1999	4	17	864	1	1	122	21.8	90	22.3				47	34.396914	-110.7287	7200	M313A	102	195	195	152.2077	263.096387	1877	1995	1996	5	23	119	scope	295714048489998	2533786010690	2533792010690	
1999	4	17	864	2	1	122	9.9	38	11.2	38	35	42	47	34.396914	-110.7287	7200	M313A	102	195	195	152.2077	263.096387	1967	1995	1996	5	23	29	scope	295714049489998	2533786010690	2533804010690	2533829010690
1999	4	17	867	1	1	122	9.3			34	67	23	24	34.386467	-110.550336	6700	M313A	118	110	110	46.5736	80.36130936	1950	1995	1996	5	21	46	scope	295714050489998	2533886010690	2533892010690	2533906010690
1999	4	17	870	3	9	122	10			38	51	32	32	34.384851	-110.386092	6500	M313A	70	129	129	278.6173	122.795463	1950	1995	1996	5	15	46	scope	295714052489998	2534014010690	2534053010690	2534066010690
1999	4	17	881	2	3	122	11			36	35	40	44	34.335618	-110.741943	7300	M313A	59	330	330	95.7096	139.6307066	1965	1995	1996	5	22	31	scope	295714053489998	2534277010690	2534286010690	2534309010690
1999	4	17	881	2	7	122	11			53	48	47	44	34.335618	-110.741943	7300	M313A	59	330	330	95.7096	139.6307066	1950	1995	1996	5	22	46	scope	295714054489998	2534277010690	2534290010690	2534309010690
1999	4	17	882	1	1	122	10.6	45	11.3	45	54	36	39	34.344449	-110.664721	6900	M313A	104	183	183	84.6427	139.1425664	1942	1995	1996	5	21	54	scope	295714056489998	2534313010690	2534319010690	2534342010690
1999	4	17	882	2	7	122	10.7			50	52	42	39	34.344449	-110.664721	6900	M313A	104	183	183	84.6427	139.1425664	1943	1995	1996	5	21	53	scope	295714057489998	2534313010690	2534330010690	2534343010690
1999	4	17	883	1	1	122	5.7	37	8.7	37	42	36	36	34.329869	-110.613687	6800	M313A	131	8	8	90.5924	159.0177979	1959	1995	1996	5	23	37	scope	295714058489998	2534347010690	2534353010690	2534373010690
1999	4	17	883	4	1	122	18	80	18.2	80	129	45	36	34.329869	-110.613687	6800	M313A	131	8	8	90.5924	159.0177979	1856	1995	1996	5	23	140	scope	295714059489998	2534347010690	2534370010690	2534375010690
1999	4	17	884	4	3	122	14.2			46	55	37	42	34.338783	-110.582118	6800	M313A	198	250	250	55.1702	84.95737909	1947	1995	1996	5	13	49	scope	295714060489998	2534378010690		2534392010690
1999	4	17	884	4	4	122	12.8			56	41	55	42	34.338783	-110.582118	6800	M313A	198	250	250	55.1702	84.95737909	1955	1995	1996	5	13	41	scope	295714061489998	2534378010690		2534393010690
1999	4	17	885	2	6	122	11	51	12.4	51	54	42	38	34.342107	-110.505997	6800	M313A	71	0	0	68.9841	133.8754168	1934	1995	1996	5	13	62	scope	295714063489998	2534396010690	2534413010690	2534430010690
1999	4	17	886	1	4	122	9.9			38	68	25	30	34.338233	-110.444051	6800	M313A	116	310	310	134.9047	278.743622	1929	1995	1996	5	13	67	scope	295714064489998	2534432010690	2534441010690	2534491010690
1999	4	17	886	1	5	122	7.7			34	39	35	30	34.338233	-110.444051	6800	M313A	116	310	310	134.9047	278.743622	1955	1995	1996	5	13	41	scope	295714065489998	2534432010690	2534442010690	2534492010690
1999	4	17	899	1	4	122	6.6			35	54	28	28	34.301216	-110.68554	7600	M313A	102	69	69	155.4482	277.9679554	1939	1995	1996	5	29	57	scope	295714069489998	2534759010690	2534768010690	2534817010690
1999	4	17	900	3	8	122	12.1			53	76	35	36	34.29564	-110.626883	7300	M313A	106	290	290	69.5443	123.1709386	1934	1995	1996	5	20	62	scope	295714070489998	2534821010690	2534838010690	2534850010690
1999	4	17	901	3	5	122	10			38	71	25	26	34.299043	-110.564928	7300	M313A	108	0	0	78.0546	131.6199276	1919	1995	1996	6	4	77	scope	295714071489998	2534859010690		2534880010690
1999	4	17	901	3	6	122	9.4			44	81	27	26	34.299043	-110.564928	7300	M313A	108	0	0	78.0546	131.6199276	1917	1995	1996	6	4	79	scope	295714072489998	2534859010690		2534881010690
1999	4	17	905	2	1	122	10.1			45	52	37	36	34.289029	-110.342241	6700	M313A	72	35	35	29.8512	55.28086158	1937	1995	1996	5	6	59	scope	295714074489998	2535024010690	2535036010690	
1999	4	17	906	1	6	122	13.5	49	14.7				32	34.297867	-110.309573	6800	M313A	126	326	326	126.137	233.1829056	1823	1995	1996	5	29	173	scope	295714075489998	2535047010690	2535058010690	
1999	4	17	906	1	12	122	16.9	63	17.5	63	126	33	32	34.297867	-110.309573	6800	M313A	126	326	326	126.137	233.1829056	1877	1995	1996	5	29	119	scope	295714076489998	2535047010690	2535064010690	2535093010690
1999	4	17	906	2	2	122	15	50	15.6	50	87	30	32	34.297867	-110.309573	6800	M313A	126	326	326	126.137	233.1829056	1909	1995	1996	5	29	87	scope	295714077489998	2535047010690	2535069010690	2535094010690
1999	4	17	907	4	5	122	15.1			54	93	32	32	34.297428	-110.235686	6500	M313A	54	0	0	86.616	175.1763015	1903	1996	1997	6	25	94	scope	295714079489998	2535099010690		2535148010690
1999	4	17	916	3	2	122	7.8			49	61	37	40	34.249757	-110.665096	7300	M313A	48	51	51	111.463	255.120734	1935	1995	1996	6	10	61	scope	295714081489998	2535344010690	2535366010690	2535401010690
1999	4	17	922	1	9	122	7.1			37	59	27	35	34.242188	-110.352378	6900	M313A	100	345	345	154.0944	302.547069	1933	1995	1996	6	4	63	scope	295714083489998	2535630010690	2535644010690	2535697010690
1999	4	17	922	2	3	122	10.9	62	11.3	62	77	42	35	34.242188	-110.352378	6900	M313A	100	345	345	154.0944	302.547069	1919	1995	1996	6	4	77	scope	295714084489998	2535630010690	2535652010690	2535698010690
1999	4	17	926	2	5	122	8.4	41	8.6				38	34.251637	-110.130754	6400	M313A	63	0	0	66.2324	149.3037063	1950	1995	1996	5	30	46	scope	295714087489998	2535769010690	2535789010690	
1999	4	17	926	4	5	122	11			54	59	42	38	34.251637	-110.130754	6400	M313A	63	0	0	66.2324	149.3037063	1939	1995	1996	5	30	57	scope	295714088489998	2535769010690	2535803010690	2535808010690
1999	4	17	932	1	16	122	14.4	51	14.9	51	72	35	35	34.200296	-110.721732	6700	M313A	106	154	154	227.6149	434.1884844	1928	1995	1996	8	1	68	scope	295714091489998	2535891010690	2535912010690	2535981010690
1999	4	17	933	1	8	122	18.5	52	19.6	52	97	30	30	34.196562	-110.670732	7500	M313A	94	0	0	93.4096	175.7308383	1900	1995	1996	6	11	96	scope	295714093489998	2535987010690	2536000010690	2536030010690
1999	4	17	934	4	13	122	9.3			59	90	36	36	34.194624	-110.624071	7100	M313A	117	0	0	103.4253	125.6782871	1907	1995	1996	6	13	89	scope	295714094489998	2536032010690	2536085010690	2536092010690
1999	4	17	938	2	15	122	12.2			62	72	43	45	34.211775	-110.40146	6400	M313A	106	140	140	178.1827	28.06016649	1922	1995	1996	8	13	74	scope	295714096489998	2536221010690		2536258010690
1999	4	17	938	4	5	122	10.1			46	39	47	45	34.211775	-110.40146	6400	M313A	106	140	140	178.1827	28.06016649	1961	1995	1996	8	13	36	scope	295714097489998	2536221010690		2536257010690
1999	4	17	942	1	1	122	8.7	32	10.1	32	43	30	29	34.202398	-110.183358	6300	M313A	52	110	110	29.6385	65.77341098	1957	1995	1996	8	9	39	scope	295714098489998	2536396010690	2536402010690	2536416010690
1999	4	17	943	2	10	122	16.7	64	17.5	64	82	42	37	34.194903	-110.142189	6600	M313A	96	89	89	145.8345	253.3428848	1916	1995	1996	8	12	80	scope	295714099489998	2536419010690	2536437010690	2536464010690
1999	4	17	951	2	8	122	10.9			59	61	45	46	34.153139	-110.624254	6800	M313A	128	171	171	226.8163	85.25725611	1940	1995	1996	8	6	56	scope	295714103489998	2536783010690	2536813010690	2536864010690
1999	4	17	951	2	10	122	9.1			43	35	47	46	34.153139	-110.624254	6800	M313A	128	171	171	226.8163	85.25725611	1962	1995	1996	8	6	34	scope	295714104489998	2536783010690	2536815010690	2536865010690
1999	4	17	952	3	2	122	15.4			59	79	39	37	34.167363	-110.562348	6100	M313A	95	195	195	150.0596	80.86777042	1916	1995	1996	8	7	80	scope	295714105489998	2536873010690	2536889010690	2536909010690
1999	4	17	960	4	2	122	11.5			33	73	20	20	34.146084	-110.125327	6300	M313A	67	161	161	14.8792	31.51651914	1926	1995	1996	8	7	70	scope	295714108489998	2537093010690		2537110010690
1999	4	17	967	4	4	122	8.4	49	8.7				51	34.123523	-110.675352	5900	313C	77	260	260	130.9717	250.3562624	1933	1995	1996	8	28	63	scope	295714112489998	2537458010690	2537490010690	
1999	4	17	976	1	3	122	9.6			30	52	24	23	34.112184	-110.178804	6600	M313A	17	230	230	18.092	45.44032478	1947	1995	1996	9	27	49	scope	295714116489998	2537796010690		2537818010690
1999	4	17	976	2	3	122	8.4			27	50	22	23	34.112184	-110.178804	6600	M313A	17	230	230	18.092	45.44032478	1950	1995	1996	9	27	46	scope	295714117489998	2537796010690	2537806010690	2537819010690
1999	4	17	978	1	6	122	14.8			51	154	23	24	34.114083	-110.066022	6400	M313A	139	13	13	54.0426	86.24042722	1882	1996	1996	10	31	115	scope	295714118489998	2537850010690		2537867010690
1999	4	17	979	1	7	122	13.9	59	15	59	68	42	39	34.115549	-110.022635	6300	M313A	96	0	0	139.9546	236.9616088	1933	1995	1996	10	24	63	scope	295714119489998	2537869010690	2537881010690	2537917010690
1999	4	17	979	3	3	122	11.3	51	12.7	51	72	35	39	34.115549	-110.022635	6300	M313A	96	0	0	139.9546	236.9616088	1924	1995	1996	10	24	72	scope	295714120489998	2537869010690	2537896010690	2537918010690
1999	4	17	990	2	6	122	11.4	53	11.6	53	82	33	51	34.05813	-110.337524	5900	M313A	130	52	52	142.9424	278.8520919	1915	1995	1996	10	3	81	scope	295714121489998	2538048010690	2538076010690	2538121010690
1999	4	17	990	3	8	122	10			52	69	36	51	34.05813	-110.337524	5900	M313A	130	52	52	142.9424	278.8520919	1921	1995	1996	10	3	75	scope	295714122489998	2538048010690	2538084010690	2538122010690
1999	4	17	993	2	14	122	9.7			41	57	32	30	34.056229	-110.172841	6100	313C	170	346	346	92.2442	218.1691896	1940	1995	1996	9	12	56	scope	295714127489998	2538214010690	3557828010690	2538264010690
1999	4	17	995	2	1	122	10			38	68	25	25	34.068264	-110.089282	6700	M313A	58	16	16	75.6483	154.3810597	1930	1995	1996	10	31	66	scope	295714129489998	2538297010690	2538307010690	2538348010690
1999	4	17	995	4	8	122	7.5			30	52	24	25	34.068264	-110.089282	6700	M313A	58	16	16	75.6483	154.3810597	1947	1996	1996	10	31	50	scope	295714130489998	2538297010690	2538346010690	2538349010690
1999	4	17	996	2	10	122	9	39	10.7	39	35	43	39	34.062379	-110.02758	6700	M313A	165	225	225	185.0785	330.5810516	1966	1996	1996	11	1	31	scope	295714131489998	2538351010690	2538378010690	2538422010690
1999	4	17	998	4	5	122	6.2	34	6.4				38	34.065877	-109.907257	7100	M313A	75	0	0	130.921	249.7469907	1952	1995	1996	6	6	44	scope	295714132489998	2538529010690	2538568010690	
1999	4	17	998	4	11	122	12.2			45	61	33	38	34.065877	-109.907257	7100	M313A	75	0	0	130.921	249.7469907	1949	1995	1996	6	6	47	scope	295714133489998	2538529010690		2538575010690
1999	4	17	999	4	7	122	19.1			71	132	38	41	34.056457	-109.862954	7300	M313A	70	0	0	78.3771	111.3749662	1865	1995	1996	6	14	131	scope	295714134489998	2538577010690		2538598010690
1999	4	17	1015	1	3	122	6.3	31	7.6	31	33	36	31	34.013795	-109.932832	6600	M313A	132	148	148	211.5679	361.1739779	1970	1995	1996	10	23	26	scope	295714138489998	2539107010690	2539115010690	2539167010690
1999	4	17	1015	3	10	122	10.4	46	10.9				31	34.013795	-109.932832	6600	M313A	132	148	148	211.5679	361.1739779	1922	1995	1996	10	23	74	scope	295714139489998	2539107010690	2539140010690	
1999	4	17	1018	4	5	122	16.1	69	16.8	69	69	51	50	33.966914	-109.9345	6000	M313A	98	0	0	48.0852	84.16603967	1924	1995	1996	10	28	72	scope	295714143489998	2539318010690	2539333010690	2539336010690
1999	4	17	1019	4	13	122	21.4	75	22.9	75	77	53	54	33.976214	-109.865105	6800	M313A	136	328	328	170.4858	247.4360279	1922	1995	1996	10	22	74	scope	295714144489998	2539339010690	2539374010690	2539376010690
1999	4	17	1022	1	11	122	10.6	40	11.2	40	78	25	27	33.933782	-109.860258	6400	M313A	130	0	0	170.2646	324.5153203	1920	1996	1996	11	12	77	scope	295714145489998	2539462010690	2539478010690	2539522010690
1999	4	17	1023	1	3	122	10.1			76	82	52	51	33.886962	-109.971178	5700	M313A	98	82	82	180.7531	340.0674258	1908	1995	1996	10	29	88	scope	295714146489998	2539532010690	2539540010690	2539604010690
1999	4	17	1023	1	6	122	15.4			72	77	50	51	33.886962	-109.971178	5700	M313A	98	82	82	180.7531	340.0674258	1920	1995	1996	10	29	76	scope	295714147489998	2539532010690	2539543010690	2539605010690
1999	4	17	1031	1	6	122	10.6	45	11.5	45	46	41	49	33.810274	-109.865138	6600	313C	96	4	4	130.0392	257.527693	1951	1995	1996	7	15	45	scope	295714150489998	2539841010690	2539852010690	2539889010690
1999	4	17	1031	4	13	122	12.1	62	13.5	62	46	57	49	33.810274	-109.865138	6600	313C	96	4	4	130.0392	257.527693	1955	1995	1996	7	15	41	scope	295714151489998	2539841010690	2539881010690	2539890010690
1999	4	25	176	1	3	122	16.9	75	17.2	75	73	54	69	34.969773	-111.822287	5600	M313A	85	69	69	159.3275	305.900171	1923	1994	1995	11	6	72	scope	295714155489998	2549895010690	2549903010690	2549969010690
1999	4	25	239	3	10	122	8.4	37	8.8	37	59	27	39	34.823007	-112.97874	6000	313C	90	222	222	64.8706	122.5101617	1945	1995	1996	1	22	51	scope	295714156489998	2550550010690	2550569010690	2550579010690
1999	4	25	434	3	16	122	12.1	72	12.3	72	86	47	51	34.571899	-112.577083	5900	313C	122	347	347	164.9236	135.3342654	1910	1994	1995	11	30	85	scope	295714159489998	2552460010690	2552482010690	2552487010690
1999	4	25	500	2	4	122	11.9	55	12.3	55	76	37	39	34.482125	-112.473033	5800	313C	102	187	187	194.391	339.2248819	1909	1995	1995	12	7	87	scope	295714162489998	2552955010690	2552982010690	2553018010690
1999	4	25	533	1	4	122	14.5	74	14.7	74	72	54	53	34.425946	-112.419813	7200	313C	95	93	93	289.7282	499.8291124	1907	1994	1995	10	17	88	scope	295714164489998	2553276010690	2553285010690	2553356010690
1999	4	25	534	2	1	122	21.2	89	22.2	89	96	59	49	34.434812	-112.353575	6900	313C	100	0	0	50.5541	76.13383618	1895	1995	1995	11	21	101	scope	295714165489998	2553361010690	2553368010690	2553373010690
1999	4	1	220	1	4	122	16			74	101	45	50	33.930973	-109.756433	8400	M313A	121	35	35	76.5717	123.5754375	1899	1995	1996	7	22	97	scope	295713288489998	2447353010690	3487273010690	2447375010690
1999	4	1	220	4	6	122	22.9			87	110	54	50	33.930973	-109.756433	8400	M313A	121	35	35	76.5717	123.5754375	1888	1995	1996	7	22	108	scope	295713289489998	2447353010690		2447376010690
1999	4	1	257	3	7	122	17.2			103	113	66	59	36.364145	-109.108068	7800	313B	143	314	314	277.8605	426.7382894	1886	1995	1996	7	15	110	scope	295713299489998	2447833010690		2447889010690
1999	4	1	258	1	14	122	15.7						41	36.353721	-109.047603	9200	313B	90	0	0	159.5228	329.3327242	1929	1995	1996	8	1	67	scope	295713302489998	2447900010690	3488247010690	
1999	4	1	276	1	12	122	17.6			64	74	44	74	36.3086	-109.050869	9100	313B	87	150	150	174.0022	90.77851705	1923	1995	1996	7	26	73	scope	295713307489998	2448340010690		2448395010690
1999	4	1	293	2	1	122	12.8	57	13.4	57	60	44	44	36.276618	-109.102391	7600	313B	62	0	0	140.1152	247.170993	1941	1995	1996	7	24	55	scope	295713308489998	2448703010690	2448716010690	2448750010690
1999	4	1	311	4	1	122	22			74	113	43	42	36.214707	-109.120573	7400	313B	245	86	86	103.2639	159.5784793	1884	1995	1996	6	28	112	scope	295713312489998	2448987010690	3490127010690	2449007010690
1999	4	1	311	4	2	122	21			68	102	40	42	36.214707	-109.120573	7400	313B	245	86	86	103.2639	159.5784793	1896	1995	1996	6	28	100	scope	295713313489998	2448987010690		2449008010690
1999	4	1	312	1	5	122	6.5			23	35	26	33	36.232671	-109.060061	7500	313B	22	267	267	42.511	41.43543958	1970	1995	1996	7	9	26	scope	295713314489998	2449012010690	2449024010690	2449043010690
1999	4	1	312	4	5	122	10.9			41	43	39	33	36.232671	-109.060061	7500	313B	22	267	267	42.511	41.43543958	1962	1996	1996	7	9	35	scope	295713315489998	2449012010690	3490181010690	2449044010690
1999	4	1	348	1	8	122	17.4	55	18	55	99	31	37	36.120021	-109.061727	7600	313B	81	0	0	87.0507	208.3702782	1898	1995	1996	7	2	98	scope	295713318489998	2449653010690	2449666010690	2449707010690
1999	4	1	348	4	4	122	11.1			65	80	43	37	36.120021	-109.061727	7600	313B	81	0	0	87.0507	208.3702782	1912	1995	1996	7	2	24	scope	295713319489998	2449653010690	3491347010690	2449708010690
1999	4	1	379	4	1	122	11	48	13.2	48	64	35	38	33.662444	-109.608238	7700	M313A	128	132	132	88.5679	177.7020545	1960	1995	1996	6	25	36	scope	295713324489998	2450092010690	2450131010690	2450134010690
1999	4	1	395	1	2	122	15			65	81	43	54	33.740475	-109.827195	7200	M313A	199	0	0	85.0663	139.3645578	1922	1995	1996	6	26	74	scope	295713328489998	2450344010690		2450364010690
1999	4	1	395	1	3	122	23.1			94	93	64	54	33.740475	-109.827195	7200	M313A	199	0	0	85.0663	139.3645578	1903	1995	1996	6	26	93	scope	295713329489998	2450344010690		2450365010690
1999	4	1	412	2	6	122	11.5			60	66	44	42	35.947408	-109.268831	7700	313B	173	110	110	98.8333	194.1967367	1930	1995	1996	6	26	66	scope	295713335489998	2450572010690	3493734010690	2450607010690
1999	4	1	414	1	1	122	22.8	79	23.4	79	138	43	40	33.797055	-109.713003	7800	M313A	197	187	187	126.2325	169.2695298	1859	1995	1996	6	26	137	scope	295713336489998	2450614010690	2450620010690	2450629010690
1999	4	1	415	1	1	122	12.6			42	74	27	36	35.956784	-109.1134	7900	313B	103	308	308	74.6054	60.66910373	1922	1995	1996	6	26	74	scope	295713339489998	2450631010690		2450650010690
1999	4	1	429	4	15	122	14.2	67	15.3	67	75	47	44	35.900958	-109.298651	7900	313B	81	260	260	103.6409	189.1846147	1923	1995	1996	6	10	73	scope	295713344489998	2450838010690	2450877010690	2450881010690
1999	4	1	447	2	2	122	13.5	60	14.3	60	78	40	38	34.031299	-109.691065	8000	M313A	96	0	0	111.8211	192.3119806	1922	1995	1996	5	20	74	scope	295713351489998	2451218010690	3495220010690	2451254010690
1999	4	1	463	1	15	122	14.3			95	88	66	55	35.830648	-109.299047	7600	313B	98	195	195	143.1024	319.2805373	1910	1995	1996	6	24	86	scope	295713352489998	2451399010690		2451468010690
1999	4	1	464	1	3	122	13.7			44	78	28	39	33.807146	-109.644792	7900	M313A	95	0	0	104.8663	164.363981	1920	1995	1996	6	13	76	scope	295713355489998	2451477010690	2451485010690	2451505010690
1999	4	1	464	3	4	122	23.6			74	82	50	39	33.807146	-109.644792	7900	M313A	95	0	0	104.8663	164.363981	1915	1995	1996	6	13	81	scope	295713358489998	2451477010690	2451494010690	
1999	4	1	464	3	5	122	9.9						39	33.807146	-109.644792	7900	M313A	95	0	0	104.8663	164.363981	1925	1996	1996	6	13	72	scope	295713359489998	2451477010690	2451495010690	
1999	4	1	482	2	5	122	11			45	43	43	34	35.765562	-109.164383	8100	313B	89	288	288	122.5066	266.6781316	1953	1995	1996	6	17	43	scope	295713363489998	2451702010690	2451722010690	2451759010690
1999	4	1	482	4	31	122	11.2			39	72	25	34	35.765562	-109.164383	8100	313B	89	288	288	122.5066	266.6781316	1924	1995	1996	6	17	72	scope	295713364489998	2451702010690		2451760010690
1999	4	1	498	1	7	122	9.4	26	10.5				46	35.738457	-109.220292	7700	313B	13	0	0	31.1222	66.29231	1975	1995	1996	6	12	21	scope	295713365489998	2451926010690	2451938010690	
1999	4	1	498	4	2	122	24.1			69	89	44	46	35.738457	-109.220292	7700	313B	13	0	0	31.1222	66.29231	1896	1995	1996	6	12	100	scope	295713366489998	2451926010690		2451949010690
1999	4	1	499	3	1	122	13			54	74	36	37	35.732437	-109.179517	7900	313B	0	0	0	3.2018	7.347640334	1922	1995	1996	6	4	74	scope	295713367489998	2451953010690	3496870010690	2451962010690
1999	4	1	499	4	4	122	19.2			69	130	37	37	35.732437	-109.179517	7900	313B	0	0	0	3.2018	7.347640334	1864	1995	1996	6	4	132	scope	295713368489998	2451953010690	3496881010690	2451963010690
1999	4	1	515	2	2	122	21.4			72	93	46	38	35.68091	-109.23041	7600	313D	323	0	0	26.4733	31.97165631	1905	1995	1996	5	14	91	scope	295713370489998	2452098010690		2452106010690
1999	4	1	529	2	2	122	25			77	110	46	42	33.760737	-109.689792	7500	M313A	9	0	0	21.8839	44.69321836	1886	1995	1996	6	18	110	scope	295713375489998	2452283010690		2452296010690
1999	4	1	529	2	3	122	25			67	121	37	42	33.760737	-109.689792	7500	M313A	9	0	0	21.8839	44.69321836	1876	1995	1996	6	18	120	scope	295713376489998	2452283010690		2452296010690
1999	4	1	530	1	10	122	12.2			52	63	38	32	33.927786	-109.798672	7500	M313A	65	156	156	47.303	96.36312387	1933	1995	1996	6	17	63	scope	295713378489998	2452302010690		2452331010690
1999	4	1	543	3	1	122	27.1	71	28.2	71	88	46	45	33.796542	-109.750818	7600	M313A	89	0	0	42.7274	65.10630035	1915	1995	1996	6	24	81	scope	295713383489998	2452468010690	3498399010690	
1999	4	1	543	3	1	122	27.1	71	28.2	71	88	46	45	33.796542	-109.750818	7600	M313A	89	0	0	42.7274	65.10630035	1915	1995	1996	6	24	81	scope	295713384489998	2452468010690	3498399010690	2452479010690
1999	4	1	573	1	34	122	15.3			61	110	34	36	33.670728	-109.544468	7300	M313A	124	272	272	165.6944	261.6458673	1872	1995	1996	6	17	124	scope	295713385489998	2452897010690		2452960010690
1999	4	1	573	1	35	122	20.3			61	97	36	36	33.670728	-109.544468	7300	M313A	124	272	272	165.6944	261.6458673	1897	1995	1996	6	17	99	scope	295713386489998	2452897010690		2452961010690
1999	4	1	972	1	7	122	11.2			37	54	29	34	34.200161	-109.801335	7400	M313A	83	0	0	56.4203	100.3853344	1950	1995	1996	6	10	46	scope	295713390489998	2455489010690		2455509010690
1999	4	1	972	2	5	122	12.6	56	14.9	56	74	38	34	34.200161	-109.801335	7400	M313A	83	0	0	56.4203	100.3853344	1920	1995	1996	6	10	75	scope	295713391489998	2455489010690	2455505010690	
1999	4	1	973	1	17	122	11.5	41	11.7	41	60	30	30	34.201522	-109.756816	7800	M313A	83	335	335	97.1193	206.6420345	1933	1995	1996	6	6	63	scope	295713393489998	2455512010690	2455534010690	2455561010690
1999	4	1	975	2	12	122	10.6	44	11.5	44	61	33	36	34.21296	-109.644844	7700	M313A	71	0	0	115.5653	217.6382753	1942	1995	1996	6	11	54	scope	295713397489998	2455634010690	2455664010690	2455682010690
1999	4	1	975	3	13	122	14.5			52	61	39	36	34.21296	-109.644844	7700	M313A	71	0	0	115.5653	217.6382753	1936	1995	1996	6	11	60	scope	295713398489998	2455634010690		2455683010690
1999	4	1	987	1	2	122	11.1	44	14.2	44	52	36	33	34.16768	-109.799624	7500	M313A	63	0	0	33.5006	63.64085699	1949	1995	1996	6	7	47	scope	295713400489998	2455755010690	2455762010690	2455775010690
1999	4	1	987	4	5	122	9.6			36	51	30	33	34.16768	-109.799624	7500	M313A	63	0	0	33.5006	63.64085699	1949	1995	1996	6	7	47	scope	295713401489998	2455755010690		2455776010690
1999	4	1	988	1	3	122	10	44	11.1	44	49	38	39	34.169897	-109.750771	8200	M313A	69	78	78	163.2942	316.0809499	1956	1995	1996	6	14	40	scope	295713402489998	2455779010690	2455787010690	2455848010690
1999	4	1	989	1	2	122	14	47	14.5	47	44	44	37	34.159575	-109.71187	8400	M313A	64	0	0	80.8009	150.3257091	1955	1995	1996	6	10	41	scope	295713403489998	2455853010690	2455860010690	2455890010690
1999	4	1	989	2	1	122	9.1	39	10.4	39	59	29	37	34.159575	-109.71187	8400	M313A	64	0	0	80.8009	150.3257091	1939	1995	1996	6	10	57	scope	295713404489998	2455853010690	2455861010690	2455891010690
1999	4	1	992	2	1	122	15.7	63	16.7	63	145	31	28	34.149347	-109.52438	8400	M313A	89	0	0	67.9218	127.7492984	1847	1995	1996	6	11	149	scope	295713409489998	2456033010690	2456043010690	2456064010690
1999	4	1	992	2	2	122	13.5	47	14.8	47	113	24	28	34.149347	-109.52438	8400	M313A	89	0	0	67.9218	127.7492984	1887	1995	1996	6	11	109	scope	295713410489998	2456033010690	2456044010690	2456065010690
1999	4	1	1002	1	8	122	15.6			68	57	55	42	34.110098	-109.813449	7700	M313A	79	0	0	74.1466	119.5175494	1943	1995	1996	5	31	53	scope	295713411489998	2456121010690		2456144010690
1999	4	1	1003	3	2	122	13.2	66	14.7	66	54	55	77	34.106636	-109.737608	8000	M313A	65	0	0	74.7511	115.2341533	1929	1995	1996	6	21	67	scope	295713412489998	2456146010690	2456158010690	2456167010690
1999	4	1	1004	3	3	122	16.7	71	17.6	71	105	42	40	36.309904	-109.098243	8500	313B	85	260	260	139.7163	225.3432692	1888	1995	1996	6	4	108	scope	295713413489998	2456172010690	2456202010690	2456219010690
1999	4	1	1006	2	10	122	12.1			44	36	47	64	34.110429	-109.589021	9400	M313A	126	0	0	202.5332	98.63867176	1963	1995	1996	6	11	33	scope	295713414489998	2456227010690		2456244010690
1999	4	1	1017	3	11	122	19.4	78	20.8	78	76	55	55	36.533329	-109.206711	7100	313B	102	0	0	262.2453	313.993513	1922	1995	1996	6	17	74	scope	295713416489998	2456382010690	2456421010690	2456446010690
1999	4	1	1017	4	19	122	15.4			68	58	55	55	36.533329	-109.206711	7100	313B	102	0	0	262.2453	313.993513	1932	1995	1996	6	17	64	scope	295713417489998	2456382010690		2456447010690
1999	4	1	1023	4	2	122	13.9	59	14.9	59	55	48	49	34.067623	-109.47812	8700	M313A	104	312	312	137.0262	212.2739609	1942	1995	1996	6	14	54	scope	295713420489998	2456622010690	2456650010690	2456659010690
1999	4	1	1025	1	3	122	13.5			49	76	32	32	34.074391	-109.372884	8400	M313A	120	197	197	76.4233	146.9720114	1933	1995	1996	6	13	63	scope	295713421489998	2456673010690		2456698010690
1999	4	1	1025	4	1	122	9.7	48	10.4	48	78	31	32	34.074391	-109.372884	8400	M313A	120	197	197	76.4233	146.9720114	1938	1995	1996	6	13	58	scope	295713422489998	2456673010690	2456687010690	2456699010690
1999	4	1	1026	1	8	122	7.8	40	8	40	69	27	24	34.058292	-109.315769	8100	M313A	100	57	57	104.6007	208.8482783	1931	1995	1996	6	14	65	scope	295713423489998	2456700010690	2456713010690	2456750010690
1999	4	1	1034	3	9	122	20.6	70	21.5	70	108	41	41	35.860476	-109.241931	8100	313B	105	254	254	215.4164	84.39655402	1887	1995	1996	7	1	109	scope	295713424489998	2456980010690	2457010010690	2457020010690
1999	4	1	1038	4	10	122	11.2			57	66	42	41	34.018817	-109.469245	8900	M313A	137	0	0	195.7123	291.6544399	1927	1995	1996	6	28	69	scope	295713426489998	2457103010690		2457140010690
1999	4	1	1047	3	12	122	13.4			60	42	58	59	33.972043	-109.805627	8300	M313A	68	187	187	138.6474	245.0238025	1956	1995	1996	6	24	40	scope	295713432489998	2457394010690		2457436010690
1999	4	1	1048	4	4	122	13.3			54	47	49	50	33.980501	-109.749218	8300	M313A	106	248	248	102.4655	155.0183078	1949	1995	1996	6	24	47	scope	295713433489998	2457441010690		2457466010690
1999	4	1	1048	4	6	122	14			61	53	51	50	33.980501	-109.749218	8300	M313A	106	248	248	102.4655	155.0183078	1942	1995	1996	6	24	54	scope	295713434489998	2457441010690		2457468010690
1999	4	1	1057	3	1	122	13.2	55	13.9	55	66	40	45	33.972079	-109.276342	8600	M313A	91	152	152	56.2616	83.63717695	1933	1995	1996	6	21	63	scope	295713435489998	2457958010690	2457964010690	2457972010690
1999	4	1	1059	3	8	122	13.3			52	70	36	37	33.973026	-109.155102	8500	M313A	149	236	236	132.3229	56.12751776	1935	1995	1996	6	24	61	scope	295713436489998	2457976010690		2458011010690
1999	4	1	1076	1	1	122	16.8	53	18.7	53	51	45	49	33.928431	-109.069524	8400	M313A	58	166	166	59.202	103.1760988	1950	1995	1996	6	27	46	scope	295713442489998	2458769010690	2458775010690	2458789010690
1999	4	1	1077	4	2	122	12.4	55	13.7	55	70	38	39	36.003904	-109.187718	7700	313B	81	0	0	70.3149	152.0824957	1928	1995	1996	6	24	68	scope	295713443489998	2458791010690	2458811010690	2458819010690
1999	4	1	1087	3	6	122	16.7			47	81	29	32	33.876338	-109.265295	8600	M313A	86	145	145	84.2403	34.55879792	1927	1995	1996	7	12	69	scope	295713444489998	2459289010690		2459317010690
1999	4	1	1091	1	9	122	14.6			63	51	54	50	33.868853	-109.065461	8600	M313A	86	286	286	64.926	114.3615674	1941	1995	1996	7	10	55	scope	295713445489998	2459483010690		2459510010690
1999	4	1	1091	4	5	122	11.3	55	12.2	55	55	45	50	33.868853	-109.065461	8600	M313A	86	286	286	64.926	114.3615674	1931	1995	1996	7	10	65	scope	295713446489998	2459483010690	2459509010690	2459512010690
1999	4	1	1092	1	5	122	13.5			73	75	52	47	33.842217	-109.809596	6600	M313A	78	0	0	168.4918	289.2932426	1918	1995	1996	6	18	78	scope	295713447489998	2459515010690	2459525010690	2459563010690
1999	4	1	1092	2	6	122	13			57	64	42	47	33.842217	-109.809596	6600	M313A	78	0	0	168.4918	289.2932426	1924	1995	1996	6	18	72	scope	295713448489998	2459515010690	2459538010690	2459564010690
1999	4	1	1098	3	4	122	17.4	62	20.3	62	40	62	55	33.841257	-109.476741	9000	M313A	55	0	0	56.866	95.05027991	1956	1995	1996	7	9	40	scope	295713449489998	2459849010690	2459863010690	2459872010690
1999	4	1	1101	1	2	122	17.8	48	19.8	48	53	39	37	33.822166	-109.325813	8400	M313A	67	215	215	52.2276	89.7637834	1946	1995	1996	7	11	50	scope	295713450489998	2459993010690	2460000010690	2460010010690
1999	4	1	1106	2	2	122	14.8	57	15.7	57	85	36	29	33.832728	-109.061953	8200	M313A	104	175	175	95.9646	177.1178554	1912	1995	1996	7	15	84	scope	295713451489998	2460169010690	2460187010690	2460207010690
1999	4	1	1108	1	19	122	9.6			49	61	37	33	35.604322	-109.233203	7700	313B	76	348	348	78.7938	138.5857327	1948	1995	1996	6	12	48	scope	295713453489998	2460278010690		2460313010690
1999	4	1	1110	3	8	122				76	87	50	51	35.829608	-109.227114	7900	313B	112	170	170	151.9401	128.8933302	1907	1995	1996	6	10	89	scope	295713454489998	2460368010690		2460398010690
1999	4	1	1112	3	2	122	11.4			50	47	45	43	33.786305	-109.556557	8500	M313A	84	183	183	93.2244	151.9555321	1950	1995	1996	6	13	46	scope	295713455489998	2460447010690		2460488010690
1999	4	1	1112	3	3	122	11.1			50	56	40	43	33.786305	-109.556557	8500	M313A	84	183	183	93.2244	151.9555321	1944	1995	1996	6	13	52	scope	295713456489998	2460447010690		2460489010690
1999	4	1	1114	4	4	122	9.1			45	53	37	43	33.795772	-109.445142	8100	M313A	96	92	92	126.6427	217.2708587	1936	1995	1996	7	9	60	scope	295713457489998	2460557010690		2460602010690
1999	4	1	1116	2	1	122	16	81	16.1	81	139	45	42	33.803204	-109.324022	8200	M313A	19	200	200	36.4739	78.40591757	1851	1995	1996	7	15	145	scope	295713458489998	2460629010690	2460640010690	2460645010690
1999	4	1	1116	4	4	122	9.2			47	55	38	42	33.803204	-109.324022	8200	M313A	19	200	200	36.4739	78.40591757	1939	1995	1996	7	15	57	scope	295713459489998	2460629010690		2460646010690
1999	4	1	1117	1	7	122	19.5			99	116	62	57	33.781784	-109.274762	8400	M313A	87	85	85	81.7473	170.1226926	1880	1995	1996	7	19	116	scope	295713460489998	2460649010690		2460695010690
1999	4	1	1117	4	27	122	17.9			75	83	51	57	33.781784	-109.274762	8400	M313A	87	85	85	81.7473	170.1226926	1913	1995	1996	7	19	83	scope	295713461489998	2460649010690		2460696010690
1999	4	1	1118	2	3	122	12.8	66	14.1	66	62	51	39	33.780178	-109.225119	8200	M313A	88	167	167	97.242	164.8752931	1931	1995	1996	7	12	65	scope	295713462489998	2460700010690	2460713010690	2460726010690
1999	4	1	1122	2	1	122	14.7	59	15.9	59	58	47	44	33.741839	-109.876834	6700	313C	65	312	312	118.6727	236.9091974	1939	1995	1996	7	17	57	scope	295713465489998	2460882010690	2460910010690	2460937010690
1999	4	1	1122	4	16	122	12.1	58	13.1	58	71	41	44	33.741839	-109.876834	6700	313C	65	312	312	118.6727	236.9091974	1926	1995	1996	7	17	70	scope	295713466489998	2460882010690	2460934010690	2460938010690
1999	4	1	1124	1	2	122	10.6	49	12.8	49	44	46	41	33.750533	-109.749326	7500	M313A	74	0	0	99.5992	163.111108	1954	1995	1996	6	6	42	scope	295713468489998	2460978010690	2460985010690	2461015010690
1999	4	1	1124	1	3	122	9.8	46	11.6	46	58	35	41	33.750533	-109.749326	7500	M313A	74	0	0	99.5992	163.111108	1934	1995	1996	6	6	62	scope	295713469489998	2460978010690	2460986010690	2461016010690
1999	4	1	1125	1	3	122	21.4	86	22.6	86	99	55	53	35.640306	-109.227993	7600	313B	84	125	125	116.1955	213.5018253	1894	1995	1996	6	11	102	scope	295713470489998	2461023010690	2461031010690	
1999	4	1	1125	2	7	122	15			67	67	50	53	35.640306	-109.227993	7600	313B	84	125	125	116.1955	213.5018253	1925	1995	1996	6	11	71	scope	295713471489998	2461023010690	2461046010690	2461068010690
1999	4	1	1131	3	1	122	15.7	58	17.2	58	72	40	42	33.746268	-109.382344	7800	M313A	88	0	0	84.7453	142.8730259	1925	1995	1996	7	10	71	scope	295713474489998	2461254010690	2461265010690	2461279010690
1999	4	1	1131	4	6	122	9.2	51	11	51	55	41	42	33.746268	-109.382344	7800	M313A	88	0	0	84.7453	142.8730259	1936	1995	1996	7	10	60	scope	295713475489998	2461254010690	2461272010690	2461280010690
1999	4	1	1135	4	9	122	9.3			67	71	48	53	35.627869	-109.303354	7400	313D	92	251	251	100.7335	162.4347144	1927	1995	1996	6	17	69	scope	295713476489998	2461387010690		2461413010690
1999	4	1	1135	4	10	122	14.5			87	94	57	53	35.627869	-109.303354	7400	313D	92	251	251	100.7335	162.4347144	1906	1995	1996	6	17	90	scope	295713477489998	2461387010690		
1999	4	1	1137	2	1	122	20.9	77	22.6	77	134	42	44	33.705566	-109.593516	7900	M313A	120	0	0	131.8499	186.252239	1855	1995	1996	7	10	141	scope	295713480489998	2461450010690	2461466010690	2461477010690
1999	4	1	1139	2	12	122	11.4	66	11.9	66	80	44	45	33.706067	-109.483447	7700	M313A	83	10	10	184.8158	180.0559182	1934	1995	1996	7	26	62	scope	295713481489998	2461511010690	2461534010690	2461570010690
1999	4	1	1139	3	11	122	13.1	57	13.5				45	33.706067	-109.483447	7700	M313A	83	10	10	184.8158	180.0559182	1937	1995	1996	7	26	59	scope	295713482489998	2461511010690	2461556010690	
1999	4	1	1143	1	6	122	10.9	57	12.1	57	62	43	43	35.912115	-109.322792	7400	313B	75	75	75	133.0742	245.2656372	1933	1995	1996	7	24	63	scope	295713484489998	2461674010690	2461685010690	2461730010690
1999	4	1	1143	2	1	122	11.6	54	13	54	57	43	43	35.912115	-109.322792	7400	313B	75	75	75	133.0742	245.2656372	1948	1995	1996	7	24	48	scope	295713485489998	2461674010690	2461701010690	2461732010690