# Mesa Verde, Colorado 1,300 Year Moisture Balance Reconstructions
#----------------------------------------------------------------------- 
#                World Data Service for Paleoclimatology, Boulder 
#                                  and 
#                     NOAA Paleoclimatology Program 
#             National Centers for Environmental Information (NCEI)
#----------------------------------------------------------------------- 
# 
# NOTE: Please cite Publication, and Online_Resource and date accessed when using these data. 
# If there is no publication information, please cite Investigators, Title, and Online_Resource and date accessed. 
#
# Online_Resource: https://www.ncdc.noaa.gov/paleo/study/19059 
# Online_Resource: http://www1.ncdc.noaa.gov/pub/data/paleo/treering/reconstructions/northamerica/usa/colorado/mesaverde2015p-pe.txt
#
# Original_Source_URL: 
# 
# Description/Documentation lines begin with #
# Data lines have no #
#
# Archive: Climate Reconstructions
#
# Parameter_Keywords: 
---------------------
# Contribution_Date
#	Date: 2015-07-21
#--------------------
# Title
#	Study_Name: Mesa Verde, Colorado 1,300 Year Moisture Balance Reconstructions
#--------------------
# Investigators
# 	Investigators: Stahle, D.W.; Edmondson, J.R.; Burns, J.N.; Stahle, D.K.; Burnette, D.J.; Kvamme, E.; Lequesne, C.; Therrell, M.D.
#--------------------
# Description_and_Notes
#	Description: Reconstructions of effective moisture index (difference between total monthly precipitation and potential evapotranspiration, P-PE) 
#	at the Mesa Verde National Park headquarters station for 722 - 2011 AD.  Separate reconstructions of P-PE were computed for cool season (Sept-May) 
#	and early warm season (June-July).  Reconstructions are based on living and remnant wood Douglas-fir tree-ring chronologies from the Mancos River 
#	site.  Total ring width, Earlywood width, and latewood width raw measurements are archived in the International Tree-Ring Data Bank, site code CO651. 
#--------------------
# Publication 
#	Authors: Stahle, D.W., J.R. Edmondson, J.N. Burns, D.K. Stahle, D.J. Burnette, E. Kvamme, C. Lequesne, and M.D. Therrell 
#	Published_Date_or_Year: 2015-07-01
#	Published_Title: Bridging the Gap with Subfossil Douglas-fir at Mesa Verde, Colorado
#	Journal_Name: Tree-Ring Research
#	Volume: 71
#	Edition: 
#	Issue: 2
#	Pages: 
#	Report_Number: 
#	DOI: 
#	Online_Resource: 
#	Full_Citation: 
#	Abstract: Old Rocky Mountain Douglas-fir (Pseudotsuga menziesii) trees and remnant "subfossil" logs have been found on the outcrop of a mafic igneous intrusion above the Mancos River Valley near Mesa Verde National Park. These trees and logs have been used to develop earlywood (EW), latewood (LW), and total ring width (TRW) chronologies dating from AD 722-2011. The new chronologies include good series replication during the former chronological "gap" from AD 1250 to 1400, which was so problematic for the initial development of the "Central Pueblo" chronology by A. E. Douglas. Discrete reconstructions of the cool-season (September-May) and early warm-season (June-July) moisture balance for Mesa Verde have been derived from the EW and adjusted LW width chronologies from the Mancos Valley. Cool-season drought is estimated to have been more severe and sustained than early warm-season conditions during the "Great Drought" of the late-13th Century when southwestern Colorado was depopulated. The combined archaeological, subfossil, and living tree chronologies of EW, LW, and TRW for the Mancos River and Mesa Verde Douglas-fir now date from AD 480-2011.
#------------------
# Funding_Agency 
#	Funding_Agency_Name: US National Science Foundation
#	Grant: AGS-1266014
#------------------
# Funding_Agency 
#	Funding_Agency_Name: US National Oceanic and Atmospheric Administration
#	Grant: NA08OAR4310727, DEB-0816400
#------------------
# Site_Information 
#	Site_Name: Mesa Verde
#	Location: North America>United States Of America>Colorado
#	Country: United States Of America
#	Northernmost_Latitude: 37.2
#	Southernmost_Latitude: 37.2
#	Easternmost_Longitude: -108.5
#	Westernmost_Longitude: -108.5
#	Elevation: 2139 m  
#------------------
# Data_Collection   
#	Collection_Name: MesaVerde2015P-PE
#	Earliest_Year: 722
#	Most_Recent_Year: 2011 
#	Time_Unit:  AD
#	Core_Length: m
#	Notes: 
#------------------
# Species 
#	Species_Name: Pseudotsuga menziesii
#	Common_Name: Douglas-fir
#	Tree_Species_Code: PSME
#------------------
# Chronology_Information
#	Chronology: 
# 	
#----------------	
# Variables 
#
# Data variables follow are preceded by "##" in columns one and two.
# Data line variables format:  Variables list, one per line, shortname-tab-longname-tab-longname components (9 components: what, material, error, units, seasonality, archive, detail, method, C or N for Character or Numeric data) 
#
## age_AD	age, , , AD, , , , ,N
## P-PESept-Mayinst	Precipitation minus Potential Evapotranspiration, , , , September-May, , instrumental, ,N 
## P-PESept-Mayrec	Precipitation minus Potential Evapotranspiration, , , , September-May, climate reconstruction, , tree-ring stepwise regression, N 
## P-PESept-Mayrec10yr	Precipitation minus Potential Evapotranspiration, , , , September-May, climate reconstruction, 10-year spline smoothed, tree-ring stepwise regression, N 
## P-PEJun-Julinst	Precipitation minus Potential Evapotranspiration, , , , June-July, , instrumental, ,N 
## P-PEJun-Julrec	Precipitation minus Potential Evapotranspiration, , , , June-July, climate reconstruction, , tree-ring stepwise regression, N 
## P-PEJun-Julrec10yr	Precipitation minus Potential Evapotranspiration, , , , June-July, climate reconstruction, 10-year spline smoothed, tree-ring stepwise regression, N 
#
#----------------
# Data:
# Data lines follow (have no #)
# Data line format - tab-delimited text, variable short name as header
# Missing Values: -9999
#
age_AD	P-PESept-Mayinst	P-PESept-Mayrec	P-PESept-Mayrec10yr	P-PEJun-Julinst	P-PEJun-Julrec	P-PEJun-Julrec10yr
722	-999	0.191	0.066	-999	-999	-999
723	-999	0.328	0.056	-999	-999	-999
724	-999	-0.816	0.073	-999	-999	-999
725	-999	0.888	0.148	-999	-999	-999
726	-999	-0.395	0.248	-999	-999	-999
727	-999	0.624	0.374	-999	-999	-999
728	-999	0.468	0.489	-999	-999	-999
729	-999	0.803	0.563	-999	-999	-999
730	-999	0.709	0.578	-999	-999	-999
731	-999	0.537	0.54	-999	-999	-999
732	-999	0.087	0.48	-999	-999	-999
733	-999	0.8	0.419	-999	-999	-999
734	-999	-0.109	0.346	-999	-999	-999
735	-999	0.772	0.27	-999	-999	-999
736	-999	0.223	0.174	-999	-999	-999
737	-999	0.227	0.083	-999	-999	-999
738	-999	-0.875	0.044	-999	-999	-999
739	-999	0.42	0.098	-999	-999	-999
740	-999	0.182	0.2	-999	-999	-999
741	-999	0.67	0.315	-999	-999	-999
742	-999	-0.258	0.425	-999	-999	-999
743	-999	1.005	0.528	-999	-999	-999
744	-999	0.919	0.575	-999	-999	-999
745	-999	0.049	0.557	-999	-999	-999
746	-999	1.126	0.499	-999	-999	-999
747	-999	0.545	0.4	-999	-999	-999
748	-999	-0.772	0.313	-999	-999	-999
749	-999	0.861	0.296	-999	-999	-999
750	-999	0.445	0.312	-999	-999	-999
751	-999	-1.006	0.357	-999	-999	-999
752	-999	1.859	0.422	-999	-999	-999
753	-999	0.714	0.396	-999	-999	-999
754	-999	-0.134	0.289	-999	-999	-999
755	-999	0.201	0.172	-999	-999	-999
756	-999	0.059	0.082	-999	-999	-999
757	-999	-0.619	0.044	-999	-999	-999
758	-999	0.679	0.067	-999	-999	-999
759	-999	-0.065	0.106	-999	-999	-999
760	-999	0.007	0.157	-999	-999	-999
761	-999	0.686	0.211	-999	-999	-999
762	-999	0.055	0.25	-999	-999	-999
763	-999	-0.023	0.298	-999	-999	-999
764	-999	0.324	0.362	-999	-999	-999
765	-999	0.814	0.41	-999	-999	-999
766	-999	0.622	0.408	-999	-999	-999
767	-999	-0.304	0.368	-999	-999	-999
768	-999	0.989	0.319	-999	-999	-999
769	-999	0.084	0.242	-999	-999	-999
770	-999	-0.141	0.165	-999	-999	-999
771	-999	0.071	0.112	-999	-999	-999
772	-999	0.316	0.067	-999	-999	-999
773	-999	0.268	0.011	-999	-999	-999
774	-999	-0.313	-0.046	-999	-999	-999
775	-999	-0.644	-0.067	-999	-999	-999
776	-999	0.429	-0.049	-999	-999	-999
777	-999	0.562	-0.046	-999	-999	-999
778	-999	-0.912	-0.06	-999	-999	-999
779	-999	0.334	-0.041	-999	-999	-999
780	-999	-0.118	-0.001	-999	-999	-999
781	-999	0.347	0.062	-999	-999	-999
782	-999	-0.204	0.153	-999	-999	-999
783	-999	0.036	0.297	-999	-999	-999
784	-999	0.246	0.482	-999	-999	-999
785	-999	1.606	0.651	-999	-999	-999
786	-999	0.53	0.745	-999	-999	-999
787	-999	0.854	0.787	-999	-999	-999
788	-999	0.156	0.808	-999	-999	-999
789	-999	1.798	0.824	-999	-999	-999
790	-999	-0.2	0.807	-999	-999	-999
791	-999	1.443	0.789	-999	-999	-999
792	-999	0.496	0.74	-999	-999	-999
793	-999	0.694	0.666	-999	-999	-999
794	-999	1.529	0.563	-999	-999	-999
795	-999	-0.755	0.45	-999	-999	-999
796	-999	1.208	0.416	-999	-999	-999
797	-999	-1.221	0.471	-999	-999	-999
798	-999	1.835	0.631	-999	-999	-999
799	-999	0.705	0.788	-999	-999	-999
800	-999	1.541	0.913	-999	-999	-999
801	-999	-0.629	1.018	-999	-999	-999
802	-999	1.736	1.133	-999	-999	-999
803	-999	2.199	1.149	-999	-999	-999
804	-999	0.835	1.006	-999	-999	-999
805	-999	0.83	0.762	-999	-999	-999
806	-999	0.638	0.489	-999	-999	-999
807	-999	-0.297	0.261	-999	-999	-999
808	-999	-0.157	0.16	-999	-999	-999
809	-999	-0.732	0.203	-999	-999	-999
810	-999	1.964	0.334	-999	-999	-999
811	-999	-0.385	0.436	-999	-999	-999
812	-999	0.767	0.517	-999	-999	-999
813	-999	0.556	0.544	-999	-999	-999
814	-999	1.177	0.495	-999	-999	-999
815	-999	0.148	0.367	-999	-999	-999
816	-999	0.32	0.228	-999	-999	-999
817	-999	-0.489	0.14	-999	-999	-999
818	-999	0.018	0.154	-999	-999	-999
819	-999	-0.725	0.254	-999	-999	-999
820	-999	1.699	0.368	-999	-999	-999
821	-999	1.243	0.354	-999	-999	-999
822	-999	0.145	0.206	-999	-999	-999
823	-999	-1.169	0.043	-999	-999	-999
824	-999	0.198	-0.032	-999	-999	-999
825	-999	-0.369	-0.037	-999	-999	-999
826	-999	0.511	-0.003	-999	-999	-999
827	-999	-0.164	0.019	-999	-999	-999
828	-999	0.724	0.021	-999	-999	-999
829	-999	-0.878	0.007	-999	-999	-999
830	-999	0.012	0.026	-999	-999	-999
831	-999	0.311	0.054	-999	-999	-999
832	-999	0.505	0.047	-999	-999	-999
833	-999	-0.381	0.003	-999	-999	-999
834	-999	0.047	-0.039	-999	-999	-999
835	-999	-0.448	-0.064	-999	-999	-999
836	-999	0.47	-0.071	-999	-999	-999
837	-999	-0.674	-0.078	-999	-999	-999
838	-999	0.422	-0.075	-999	-999	-999
839	-999	0.024	-0.088	-999	-999	-999
840	-999	-0.659	-0.101	-999	-999	-999
841	-999	0.435	-0.091	-999	-999	-999
842	-999	-0.683	-0.074	-999	-999	-999
843	-999	0.524	-0.043	-999	-999	-999
844	-999	-0.463	-0.026	-999	-999	-999
845	-999	0.463	-0.017	-999	-999	-999
846	-999	0.089	-0.031	-999	-999	-999
847	-999	-0.671	-0.04	-999	-999	-999
848	-999	0.562	-0.007	-999	-999	-999
849	-999	-0.565	0.054	-999	-999	-999
850	-999	0.327	0.161	-999	-999	-999
851	-999	-0.008	0.282	-999	-999	-999
852	-999	0.963	0.382	-999	-999	-999
853	-999	0.457	0.412	-999	-999	-999
854	-999	0.382	0.38	-999	-999	-999
855	-999	0.187	0.312	-999	-999	-999
856	-999	0.67	0.234	-999	-999	-999
857	-999	-0.896	0.168	-999	-999	-999
858	-999	0.951	0.151	-999	-999	-999
859	-999	-0.386	0.143	-999	-999	-999
860	-999	0.429	0.145	-999	-999	-999
861	-999	0.07	0.131	-999	-999	-999
862	-999	0.796	0.088	-999	-999	-999
863	-999	-0.983	0.026	-999	-999	-999
864	-999	0.176	-0.005	-999	-999	-999
865	-999	0.405	-0.03	-999	-999	-999
866	-999	0.008	-0.076	-999	-999	-999
867	-999	-0.787	-0.114	-999	-999	-999
868	-999	0.071	-0.114	-999	-999	-999
869	-999	0.397	-0.11	-999	-999	-999
870	-999	-0.643	-0.119	-999	-999	-999
871	-999	0.034	-0.115	-999	-999	-999
872	-999	-0.031	-0.11	-999	-999	-999
873	-999	-0.28	-0.112	-999	-999	-999
874	-999	0.005	-0.12	-999	-999	-999
875	-999	-0.109	-0.146	-999	-999	-999
876	-999	0.171	-0.193	-999	-999	-999
877	-999	-0.823	-0.246	-999	-999	-999
878	-999	-0.367	-0.269	-999	-999	-999
879	-999	0.358	-0.276	-999	-999	-999
880	-999	-0.861	-0.291	-999	-999	-999
881	-999	0.031	-0.29	-999	-999	-999
882	-999	-0.37	-0.283	-999	-999	-999
883	-999	-0.169	-0.263	-999	-999	-999
884	-999	-0.674	-0.221	-999	-999	-999
885	-999	0.18	-0.155	-999	-999	-999
886	-999	-0.075	-0.095	-999	-999	-999
887	-999	-0.093	-0.05	-999	-999	-999
888	-999	-0.082	-0.019	-999	-999	-999
889	-999	0.168	-0.006	-999	-999	-999
890	-999	0.137	-0.018	-999	-999	-999
891	-999	-0.164	-0.044	-999	-999	-999
892	-999	-0.101	-0.052	-999	-999	-999
893	-999	-0.105	-0.021	-999	-999	-999
894	-999	-0.405	0.058	-999	-999	-999
895	-999	0.274	0.174	-999	-999	-999
896	-999	0.989	0.267	-999	-999	-999
897	-999	0.124	0.295	-999	-999	-999
898	-999	-0.097	0.289	-999	-999	-999
899	-999	0.574	0.271	-999	-999	-999
900	-999	0.55	0.226	-999	-999	-999
901	-999	-0.851	0.169	-999	-999	-999
902	-999	0.927	0.131	-999	-999	-999
903	-999	0.063	0.064	-999	-999	-999
904	-999	-0.16	-0.022	-999	-999	-999
905	-999	0.531	-0.101	-999	-999	-999
906	-999	-1.001	-0.144	-999	-999	-999
907	-999	-0.531	-0.082	-999	-999	-999
908	-999	0.42	0.068	-999	-999	-999
909	-999	0.324	0.23	-999	-999	-999
910	-999	0.554	0.356	-999	-999	-999
911	-999	0.641	0.422	-999	-999	-999
912	-999	0.463	0.432	-999	-999	-999
913	-999	-0.105	0.419	-999	-999	-999
914	-999	0.685	0.412	-999	-999	-999
915	-999	0.32	0.392	-999	-999	-999
916	-999	0.32	0.355	-999	-999	-999
917	-999	0.612	0.293	-999	-999	-999
918	-999	0.1	0.203	-999	-999	-999
919	-999	0.023	0.111	-999	-999	-999
920	-999	-0.191	0.038	-999	-999	-999
921	-999	0.375	-0.013	-999	-999	-999
922	-999	-0.008	-0.055	-999	-999	-999
923	-999	-0.44	-0.065	-999	-999	-999
924	-999	-0.262	-0.016	-999	-999	-999
925	-999	0.159	0.077	-999	-999	-999
926	-999	0.591	0.165	-999	-999	-999
927	-999	0.03	0.21	-999	-999	-999
928	-999	0.426	0.22	-999	-999	-999
929	-999	0.422	0.197	-999	-999	-999
930	-999	-0.46	0.167	-999	-999	-999
931	-999	0.34	0.168	-999	-999	-999
932	-999	0.186	0.185	-999	-999	-999
933	-999	0.159	0.203	-999	-999	-999
934	-999	0.311	0.209	-999	-999	-999
935	-999	0.318	0.191	-999	-999	-999
936	-999	0.175	0.148	-999	-999	-999
937	-999	-0.204	0.097	-999	-999	-999
938	-999	0.508	0.051	-999	-999	-999
939	-999	-0.339	0.007	-999	-999	-999
940	-999	-0.106	-0.01	-999	-999	-999
941	-999	0.23	0.001	-999	-999	-999
942	-999	-0.199	0.026	-999	-999	-999
943	-999	0.047	0.066	-999	-999	-999
944	-999	0.335	0.107	-999	-999	-999
945	-999	0.001	0.131	-999	-999	-999
946	-999	0.215	0.139	-999	-999	-999
947	-999	0.172	0.128	-999	-999	-999
948	-999	0.093	0.101	-999	-999	-999
949	-999	0.019	0.065	-999	-999	-999
950	-999	0.011	0.03	-999	-999	-999
951	-999	-0.065	-0.004	-999	-999	-999
952	-999	0.242	-0.038	-999	-999	-999
953	-999	-0.241	-0.075	-999	-999	-999
954	-999	-0.016	-0.094	-999	-999	-999
955	-999	-0.489	-0.081	-999	-999	-999
956	-999	0.381	-0.031	-999	-999	-999
957	-999	-0.217	0.034	-999	-999	-999
958	-999	0.116	0.117	-999	-999	-999
959	-999	0.188	0.203	-999	-999	-999
960	-999	0.562	0.274	-999	-999	-999
961	-999	-0.016	0.315	-999	-999	-999
962	-999	0.691	0.332	-999	-999	-999
963	-999	0.299	0.315	-999	-999	-999
964	-999	0.331	0.282	-999	-999	-999
965	-999	-0.469	0.258	-999	-999	-999
966	-999	0.784	0.257	-999	-999	-999
967	-999	0.47	0.23	-999	-999	-999
968	-999	0.176	0.171	-999	-999	-999
969	-999	-0.233	0.112	-999	-999	-999
970	-999	0.125	0.083	-999	-999	-999
971	-999	0.287	0.081	-999	-999	-999
972	-999	-0.765	0.103	-999	-999	-999
973	-999	0.847	0.144	-999	-999	-999
974	-999	0.697	0.134	-999	-999	-999
975	-999	-0.594	0.069	-999	-999	-999
976	-999	-0.14	0.004	-999	-999	-999
977	-999	0.477	-0.067	-999	-999	-999
978	-999	-0.355	-0.163	-999	-999	-999
979	-999	0.031	-0.26	-999	-999	-999
980	-999	-0.874	-0.328	-999	-999	-999
981	-999	-0.596	-0.329	-999	-999	-999
982	-999	0.472	-0.279	-999	-999	-999
983	-999	-0.729	-0.219	-999	-999	-999
984	-999	-0.148	-0.13	-999	-999	-999
985	-999	0.074	-0.028	-999	-999	-999
986	-999	-0.103	0.061	-999	-999	-999
987	-999	0.573	0.113	-999	-999	-999
988	-999	0.035	0.104	-999	-999	-999
989	-999	0.287	0.052	-999	-999	-999
990	-999	-0.082	-0.015	-999	-999	-999
991	-999	-0.613	-0.049	-999	-999	-999
992	-999	0.014	-0.017	-999	-999	-999
993	-999	0.133	0.057	-999	-999	-999
994	-999	0.014	0.136	-999	-999	-999
995	-999	0.514	0.19	-999	-999	-999
996	-999	0.44	0.187	-999	-999	-999
997	-999	0.087	0.132	-999	-999	-999
998	-999	-0.268	0.063	-999	-999	-999
999	-999	-0.168	0.013	-999	-999	-999
1000	-999	0.549	-0.028	-999	-999	-999
1001	-999	-0.344	-0.081	-999	-999	-999
1002	-999	-0.2	-0.116	-999	-999	-999
1003	-999	-0.126	-0.123	-999	-999	-999
1004	-999	0.084	-0.103	-999	-999	-999
1005	-999	-0.597	-0.056	-999	-999	-999
1006	-999	0.238	0.022	-999	-999	-999
1007	-999	0.499	0.091	-999	-999	-999
1008	-999	0.316	0.13	-999	-999	-999
1009	-999	-0.479	0.169	-999	-999	-999
1010	-999	0.175	0.252	-999	-999	-999
1011	-999	0.425	0.36	-999	-999	-999
1012	-999	0.894	0.45	-999	-999	-999
1013	-999	0.311	0.493	-999	-999	-999
1014	-999	0.321	0.507	-999	-999	-999
1015	-999	0.733	0.495	-999	-999	-999
1016	-999	0.521	0.442	-999	-999	-999
1017	-999	0.679	0.358	-999	-999	-999
1018	-999	0.122	0.272	-999	-999	-999
1019	-999	-0.811	0.247	-999	-999	-999
1020	-999	0.94	0.309	-999	-999	-999
1021	-999	0.505	0.39	-999	-999	-999
1022	-999	0.119	0.46	-999	-999	-999
1023	-999	0.971	0.509	-999	-999	-999
1024	-999	0.572	0.507	-999	-999	-999
1025	-999	0.537	0.467	-999	-999	-999
1026	-999	-0.083	0.418	-999	-999	-999
1027	-999	0.648	0.39	-999	-999	-999
1028	-999	0.172	0.364	-999	-999	-999
1029	-999	0.452	0.335	-999	-999	-999
1030	-999	0.686	0.285	-999	-0.694	-0.712
1031	-999	-0.077	0.213	-999	-2.264	-0.772
1032	-999	-0.11	0.158	-999	-0.589	-0.714
1033	-999	0.28	0.129	-999	0.112	-0.616
1034	-999	0.674	0.107	-999	-0.32	-0.562
1035	-999	-0.664	0.092	-999	-0.679	-0.549
1036	-999	-0.118	0.132	-999	-0.367	-0.536
1037	-999	0.92	0.201	-999	-1.104	-0.483
1038	-999	-0.07	0.248	-999	-0.542	-0.353
1039	-999	0.391	0.282	-999	0.678	-0.173
1040	-999	0.416	0.3	-999	-0.722	0.014
1041	-999	-0.395	0.304	-999	0.032	0.233
1042	-999	1.209	0.294	-999	0.593	0.446
1043	-999	0.323	0.225	-999	1.055	0.581
1044	-999	-0.299	0.128	-999	0.486	0.587
1045	-999	0.252	0.061	-999	1.353	0.465
1046	-999	-0.566	0.043	-999	-0.059	0.239
1047	-999	0.537	0.086	-999	-0.61	0.017
1048	-999	-0.484	0.156	-999	0.204	-0.12
1049	-999	1.147	0.232	-999	-0.687	-0.154
1050	-999	-0.128	0.264	-999	-0.79	-0.061
1051	-999	0.229	0.268	-999	0.649	0.113
1052	-999	0.893	0.243	-999	1.035	0.249
1053	-999	-0.652	0.192	-999	0.105	0.283
1054	-999	0.662	0.162	-999	0.271	0.245
1055	-999	-0.024	0.139	-999	0.348	0.166
1056	-999	0.023	0.14	-999	-0.284	0.077
1057	-999	0.011	0.171	-999	0.209	0.025
1058	-999	0.686	0.219	-999	-0.118	0.024
1059	-999	-0.023	0.264	-999	-0.513	0.096
1060	-999	0.305	0.322	-999	0.222	0.237
1061	-999	0.49	0.391	-999	1.783	0.377
1062	-999	-0.138	0.461	-999	-0.171	0.462
1063	-999	1.176	0.519	-999	0.233	0.571
1064	-999	0.538	0.508	-999	-0.321	0.743
1065	-999	0.678	0.424	-999	1.187	0.937
1066	-999	0.296	0.291	-999	2.737	1
1067	-999	-0.234	0.159	-999	1.211	0.825
1068	-999	-0.276	0.076	-999	-0.179	0.497
1069	-999	0.581	0.04	-999	0.054	0.173
1070	-999	-0.008	0.015	-999	-1.158	-0.055
1071	-999	-0.596	0.015	-999	0.887	-0.154
1072	-999	0.955	0.046	-999	-0.532	-0.182
1073	-999	-0.565	0.075	-999	-0.651	-0.124
1074	-999	0.136	0.131	-999	0.493	0.009
1075	-999	0.444	0.201	-999	-0.22	0.157
1076	-999	0.157	0.26	-999	1.101	0.284
1077	-999	0.381	0.308	-999	0.589	0.353
1078	-999	0.335	0.342	-999	-1.171	0.403
1079	-999	0.047	0.363	-999	1.321	0.482
1080	-999	1.15	0.366	-999	1.035	0.501
1081	-999	-0.378	0.332	-999	0.575	0.43
1082	-999	0.843	0.297	-999	-0.017	0.321
1083	-999	-0.269	0.258	-999	0.115	0.247
1084	-999	0.958	0.239	-999	-0.174	0.244
1085	-999	-1.048	0.238	-999	0.227	0.317
1086	-999	0.587	0.283	-999	0.649	0.419
1087	-999	1.142	0.295	-999	1.323	0.493
1088	-999	0.334	0.215	-999	-0.564	0.52
1089	-999	0.168	0.082	-999	1.011	0.55
1090	-999	-0.921	-0.026	-999	0.888	0.549
1091	-999	-0.103	-0.044	-999	0.061	0.516
1092	-999	0.461	0	-999	0.932	0.483
1093	-999	-0.28	0.062	-999	-0.235	0.456
1094	-999	0.203	0.135	-999	0.292	0.457
1095	-999	0.367	0.19	-999	1.368	0.444
1096	-999	0.659	0.202	-999	0.277	0.364
1097	-999	-0.211	0.176	-999	-0.447	0.254
1098	-999	0.32	0.16	-999	0.69	0.146
1099	-999	-0.382	0.179	-999	0.068	0.015
1100	-999	0.28	0.248	-999	-0.495	-0.13
1101	-999	0.456	0.33	-999	0.74	-0.264
1102	-999	0.702	0.379	-999	-1.479	-0.378
1103	-999	0.359	0.374	-999	-0.172	-0.391
1104	-999	0.566	0.327	-999	-0.96	-0.31
1105	-999	0.153	0.265	-999	0.546	-0.161
1106	-999	-0.422	0.236	-999	0.109	-0.016
1107	-999	0.464	0.266	-999	0.063	0.116
1108	-999	0.732	0.315	-999	-0.052	0.252
1109	-999	0.016	0.355	-999	0.836	0.402
1110	-999	0.514	0.401	-999	0.668	0.552
1111	-999	0.328	0.444	-999	-0.932	0.731
1112	-999	0.831	0.476	-999	1.903	0.945
1113	-999	0.175	0.49	-999	2.196	1.057
1114	-999	0.613	0.503	-999	0.606	1.016
1115	-999	0.351	0.511	-999	0.718	0.903
1116	-999	0.627	0.512	-999	1.095	0.78
1117	-999	0.776	0.49	-999	0.504	0.689
1118	-999	0.153	0.447	-999	-0.551	0.695
1119	-999	0.296	0.406	-999	0.908	0.82
1120	-999	0.717	0.37	-999	1.454	0.952
1121	-999	0.055	0.325	-999	2.317	0.97
1122	-999	0.709	0.29	-999	0.358	0.844
1123	-999	-0.787	0.27	-999	0.116	0.682
1124	-999	1.41	0.283	-999	0.629	0.563
1125	-999	0.17	0.276	-999	0.748	0.495
1126	-999	-0.898	0.282	-999	-0.164	0.487
1127	-999	0.998	0.324	-999	0.535	0.558
1128	-999	0.682	0.315	-999	0.699	0.664
1129	-999	0.55	0.218	-999	1.295	0.745
1130	-999	0.262	0.059	-999	0.889	0.757
1131	-999	-1.237	-0.086	-999	0.314	0.717
1132	-999	0.288	-0.139	-999	0.744	0.662
1133	-999	-0.592	-0.129	-999	0.666	0.59
1134	-999	0.484	-0.08	-999	0.436	0.5
1135	-999	-0.313	-0.039	-999	0.252	0.399
1136	-999	0.262	-0.013	-999	0.467	0.287
1137	-999	0.071	-0.017	-999	0.757	0.149
1138	-999	-0.109	-0.04	-999	-0.518	0.003
1139	-999	0.222	-0.059	-999	-0.555	-0.08
1140	-999	-1.046	-0.046	-999	-0.152	-0.079
1141	-999	0.44	0.025	-999	0.228	-0.038
1142	-999	0.229	0.098	-999	0.021	-0.014
1143	-999	0.363	0.135	-999	0.449	-0.037
1144	-999	-0.036	0.129	-999	-0.334	-0.115
1145	-999	0.186	0.096	-999	-0.388	-0.209
1146	-999	-0.122	0.045	-999	0.067	-0.296
1147	-999	0.234	-0.019	-999	-0.193	-0.368
1148	-999	-0.074	-0.094	-999	-0.819	-0.377
1149	-999	0.07	-0.16	-999	-0.819	-0.261
1150	-999	-1.115	-0.179	-999	-0.742	-0.014
1151	-999	-0.309	-0.115	-999	1.137	0.282
1152	-999	0.892	-0.028	-999	1.299	0.479
1153	-999	0.035	0.004	-999	0.483	0.517
1154	-999	-0.46	-0.009	-999	0.217	0.445
1155	-999	0.511	-0.041	-999	0.161	0.322
1156	-999	-0.524	-0.096	-999	0.896	0.181
1157	-999	0.287	-0.145	-999	-0.512	0.048
1158	-999	-1.053	-0.177	-999	-0.807	0.006
1159	-999	0.639	-0.17	-999	-0.032	0.078
1160	-999	-0.241	-0.163	-999	1.016	0.183
1161	-999	-1.104	-0.132	-999	0.458	0.232
1162	-999	0.67	-0.067	-999	0.021	0.222
1163	-999	0.374	-0.044	-999	-0.031	0.193
1164	-999	-0.522	-0.073	-999	0.422	0.163
1165	-999	0.432	-0.117	-999	-0.213	0.128
1166	-999	-1.202	-0.156	-999	0.616	0.097
1167	-999	0.498	-0.155	-999	0.21	0.061
1168	-999	-0.047	-0.157	-999	-1.019	0.065
1169	-999	-0.749	-0.159	-999	0.358	0.15
1170	-999	0.183	-0.146	-999	0.534	0.257
1171	-999	0.101	-0.154	-999	0.552	0.324
1172	-999	-0.344	-0.192	-999	0.451	0.334
1173	-999	-0.027	-0.238	-999	0.499	0.299
1174	-999	-0.504	-0.274	-999	-0.081	0.257
1175	-999	-0.538	-0.271	-999	-0.028	0.262
1176	-999	0.055	-0.225	-999	0.226	0.327
1177	-999	-0.503	-0.157	-999	0.651	0.428
1178	-999	0.285	-0.075	-999	0.908	0.524
1179	-999	-0.249	-0.009	-999	0.182	0.609
1180	-999	0.382	0.037	-999	0.624	0.709
1181	-999	0.385	0.048	-999	0.787	0.814
1182	-999	-0.974	0.052	-999	1.149	0.893
1183	-999	0.511	0.091	-999	0.623	0.917
1184	-999	0.491	0.122	-999	1.345	0.875
1185	-999	0.144	0.126	-999	1.062	0.745
1186	-999	-0.582	0.136	-999	0.558	0.552
1187	-999	0.53	0.177	-999	-0.203	0.369
1188	-999	0.44	0.21	-999	-0.024	0.262
1189	-999	0.195	0.219	-999	0.032	0.229
1190	-999	0.467	0.22	-999	0.941	0.222
1191	-999	-0.601	0.239	-999	0.712	0.179
1192	-999	0.73	0.306	-999	-0.748	0.126
1193	-999	0.204	0.381	-999	0.535	0.137
1194	-999	0.721	0.442	-999	-0.713	0.22
1195	-999	0.659	0.466	-999	0.797	0.378
1196	-999	0.116	0.46	-999	1.171	0.54
1197	-999	0.807	0.448	-999	0.38	0.668
1198	-999	0.103	0.434	-999	0.424	0.793
1199	-999	-0.141	0.442	-999	0.826	0.924
1200	-999	1.502	0.454	-999	1.051	1.023
1201	-999	0.241	0.411	-999	1.658	1.03
1202	-999	-0.159	0.346	-999	1.363	0.904
1203	-999	0.974	0.283	-999	0.454	0.681
1204	-999	-0.068	0.212	-999	-0.198	0.453
1205	-999	-0.249	0.171	-999	0.479	0.288
1206	-999	0.524	0.179	-999	0.098	0.182
1207	-999	-0.083	0.211	-999	-0.211	0.132
1208	-999	0.273	0.26	-999	0.346	0.124
1209	-999	0.495	0.296	-999	0.623	0.109
1210	-999	0.393	0.291	-999	-0.143	0.07
1211	-999	0.268	0.239	-999	-0.602	0.039
1212	-999	0.124	0.15	-999	0.24	0.025
1213	-999	0.031	0.04	-999	0.652	-0.03
1214	-999	0.227	-0.078	-999	-0.309	-0.159
1215	-999	-0.55	-0.184	-999	-0.085	-0.327
1216	-999	-0.077	-0.237	-999	-0.502	-0.486
1217	-999	-0.865	-0.221	-999	-1.22	-0.568
1218	-999	-0.098	-0.13	-999	-0.584	-0.52
1219	-999	0.448	-0.021	-999	-0.345	-0.355
1220	-999	0.265	0.049	-999	-0.316	-0.114
1221	-999	-0.065	0.078	-999	-0.932	0.162
1222	-999	-0.416	0.095	-999	2.027	0.377
1223	-999	0.846	0.106	-999	0.934	0.363
1224	-999	-0.098	0.08	-999	0.041	0.108
1225	-999	-0.023	0.045	-999	0.64	-0.299
1226	-999	0.426	0.027	-999	-0.807	-0.736
1227	-999	-1.381	0.051	-999	-4.209	-0.99
1228	-999	1.17	0.145	-999	-0.307	-0.91
1229	-999	0.074	0.226	-999	0.497	-0.67
1230	-999	0.409	0.274	-999	-0.478	-0.433
1231	-999	0.39	0.285	-999	0.113	-0.225
1232	-999	0.245	0.269	-999	-0.319	-0.038
1233	-999	0.346	0.246	-999	-0.305	0.16
1234	-999	-0.117	0.243	-999	0.051	0.373
1235	-999	0.086	0.284	-999	2.116	0.536
1236	-999	0.533	0.356	-999	0.494	0.584
1237	-999	0.413	0.419	-999	-0.542	0.603
1238	-999	1.059	0.446	-999	0.131	0.681
1239	-999	0.004	0.429	-999	1.568	0.771
1240	-999	-0.051	0.416	-999	1.374	0.759
1241	-999	1.065	0.41	-999	0.771	0.617
1242	-999	0.451	0.376	-999	-0.014	0.404
1243	-999	-0.105	0.332	-999	-0.036	0.202
1244	-999	0.433	0.314	-999	0.666	0.045
1245	-999	0.574	0.315	-999	-0.949	-0.051
1246	-999	-0.537	0.336	-999	-0.266	-0.035
1247	-999	0.823	0.386	-999	0.233	0.06
1248	-999	0.631	0.401	-999	0.329	0.16
1249	-999	0.994	0.345	-999	0.33	0.205
1250	-999	-0.243	0.236	-999	-0.306	0.163
1251	-999	-0.597	0.151	-999	1.179	0.004
1252	-999	0.737	0.117	-999	0.374	-0.315
1253	-999	0.705	0.084	-999	-0.001	-0.709
1254	-999	-1.518	0.065	-999	-3.834	-0.974
1255	-999	1.111	0.113	-999	-1.879	-0.887
1256	-999	0.071	0.157	-999	0.583	-0.53
1257	-999	0.274	0.187	-999	0.75	-0.136
1258	-999	-0.421	0.214	-999	0.087	0.179
1259	-999	1.224	0.237	-999	0.345	0.414
1260	-999	-0.136	0.217	-999	0.554	0.582
1261	-999	-0.033	0.194	-999	0.899	0.685
1262	-999	0.651	0.188	-999	0.24	0.726
1263	-999	-0.577	0.201	-999	1.052	0.715
1264	-999	0.843	0.255	-999	0.87	0.629
1265	-999	0.204	0.32	-999	0.784	0.471
1266	-999	0.159	0.402	-999	-0.034	0.287
1267	-999	0.444	0.505	-999	-0.444	0.154
1268	-999	0.726	0.603	-999	0.214	0.107
1269	-999	1.006	0.662	-999	0.34	0.114
1270	-999	0.172	0.665	-999	0.313	0.144
1271	-999	1.408	0.625	-999	0.132	0.197
1272	-999	0.227	0.529	-999	-0.421	0.295
1273	-999	-0.028	0.428	-999	0.972	0.437
1274	-999	0.311	0.348	-999	0.131	0.562
1275	-999	1.071	0.26	-999	1.086	0.635
1276	-999	-0.483	0.141	-999	1.506	0.6
1277	-999	0.55	0.033	-999	-0.276	0.461
1278	-999	-0.959	-0.051	-999	-0.102	0.31
1279	-999	0.531	-0.082	-999	0.046	0.173
1280	-999	-0.495	-0.101	-999	0.866	0.012
1281	-999	0.367	-0.115	-999	0.023	-0.212
1282	-999	-0.047	-0.144	-999	0.045	-0.448
1283	-999	-1.041	-0.166	-999	-2.134	-0.584
1284	-999	0.788	-0.162	-999	-1.23	-0.492
1285	-999	-0.519	-0.172	-999	0.019	-0.212
1286	-999	-0.194	-0.172	-999	1.003	0.107
1287	-999	-0.215	-0.149	-999	0.218	0.342
1288	-999	-0.25	-0.104	-999	0.833	0.468
1289	-999	-0.147	-0.048	-999	0.669	0.479
1290	-999	0.802	-0.011	-999	0.169	0.408
1291	-999	-0.52	-0.018	-999	-0.108	0.311
1292	-999	-0.173	-0.023	-999	0.795	0.214
1293	-999	0.221	-0.016	-999	0.234	0.108
1294	-999	0.207	-0.01	-999	-0.497	0.037
1295	-999	-0.875	0.011	-999	-0.169	0.059
1296	-999	0.655	0.066	-999	0.143	0.174
1297	-999	0.136	0.104	-999	0.433	0.342
1298	-999	0.55	0.113	-999	0.719	0.52
1299	-999	-0.866	0.109	-999	0.561	0.676
1300	-999	0.682	0.132	-999	0.658	0.798
1301	-999	-0.068	0.144	-999	1.169	0.864
1302	-999	0.437	0.135	-999	1.303	0.843
1303	-999	0.128	0.094	-999	0.363	0.743
1304	-999	-0.18	0.037	-999	0.57	0.619
1305	-999	0.356	-0.014	-999	0.78	0.496
1306	-999	-0.264	-0.05	-999	-0.16	0.393
1307	-999	-0.313	-0.034	-999	0.396	0.342
1308	-999	-0.191	0.051	-999	0.611	0.325
1309	-999	0.163	0.181	-999	0.334	0.324
1310	-999	0.881	0.301	-999	0.018	0.352
1311	-999	0.047	0.36	-999	0.282	0.424
1312	-999	0.648	0.36	-999	1.151	0.512
1313	-999	0.604	0.294	-999	0.158	0.587
1314	-999	0.027	0.183	-999	0.902	0.667
1315	-999	0.241	0.085	-999	0.539	0.75
1316	-999	-1.005	0.055	-999	0.696	0.841
1317	-999	0.222	0.129	-999	1.226	0.928
1318	-999	0.682	0.242	-999	1.091	0.982
1319	-999	0.451	0.323	-999	0.444	1.008
1320	-999	0.426	0.351	-999	1.826	1.013
1321	-999	0.673	0.332	-999	0.562	0.97
1322	-999	-0.001	0.293	-999	0.651	0.912
1323	-999	-0.27	0.288	-999	1.606	0.844
1324	-999	0.304	0.338	-999	0.283	0.75
1325	-999	1.106	0.395	-999	0.491	0.679
1326	-999	0.248	0.414	-999	0.881	0.643
1327	-999	0.486	0.417	-999	0.126	0.629
1328	-999	0.078	0.429	-999	1.378	0.631
1329	-999	0.192	0.469	-999	0.861	0.619
1330	-999	1.099	0.515	-999	-0.201	0.628
1331	-999	0.526	0.521	-999	0.128	0.723
1332	-999	0.285	0.495	-999	1.09	0.867
1333	-999	0.559	0.457	-999	2.596	0.95
1334	-999	0.776	0.406	-999	0.098	0.912
1335	-999	-0.442	0.355	-999	0.664	0.846
1336	-999	0.572	0.339	-999	0.061	0.801
1337	-999	0.893	0.327	-999	1.874	0.766
1338	-999	-0.469	0.303	-999	0.357	0.677
1339	-999	0.896	0.298	-999	0.333	0.557
1340	-999	-0.078	0.294	-999	0.779	0.419
1341	-999	0.331	0.303	-999	0.227	0.254
1342	-999	0.451	0.315	-999	-0.053	0.085
1343	-999	0.07	0.319	-999	0.27	-0.065
1344	-999	0.594	0.309	-999	-0.487	-0.177
1345	-999	0.39	0.267	-999	-0.528	-0.209
1346	-999	0.346	0.2	-999	-0.402	-0.151
1347	-999	-0.569	0.14	-999	0.716	-0.042
1348	-999	0.615	0.116	-999	0.169	0.067
1349	-999	0.296	0.105	-999	-0.24	0.197
1350	-999	-0.467	0.118	-999	-0.462	0.39
1351	-999	0.144	0.186	-999	1.359	0.622
1352	-999	0.379	0.282	-999	1.067	0.789
1353	-999	0.861	0.362	-999	0.793	0.847
1354	-999	0.323	0.405	-999	1.049	0.801
1355	-999	-0.182	0.442	-999	0.646	0.663
1356	-999	0.632	0.491	-999	0.552	0.468
1357	-999	0.752	0.509	-999	0.46	0.26
1358	-999	0.811	0.455	-999	-0.78	0.095
1359	-999	0.581	0.327	-999	0.134	0.029
1360	-999	-0.426	0.176	-999	-0.217	0.036
1361	-999	0.005	0.068	-999	0.648	0.071
1362	-999	0.264	0.015	-999	-0.043	0.082
1363	-999	-0.402	0.012	-999	0.429	0.065
1364	-999	0.018	0.068	-999	-0.09	0.028
1365	-999	0.421	0.153	-999	0.017	0.011
1366	-999	0.366	0.23	-999	-0.532	0.052
1367	-999	0.058	0.291	-999	-0.441	0.169
1368	-999	0.464	0.342	-999	1.291	0.307
1369	-999	0.255	0.374	-999	0.769	0.355
1370	-999	0.788	0.38	-999	0.053	0.3
1371	-999	-0.145	0.353	-999	0.206	0.193
1372	-999	0.445	0.316	-999	0.515	0.067
1373	-999	0.537	0.251	-999	-0.408	-0.035
1374	-999	0.674	0.15	-999	-1.09	-0.034
1375	-999	-0.831	0.049	-999	0.667	0.093
1376	-999	0.046	0.025	-999	0.217	0.266
1377	-999	-0.269	0.079	-999	0.9	0.435
1378	-999	0.796	0.179	-999	-0.093	0.574
1379	-999	-0.122	0.276	-999	1.005	0.684
1380	-999	0.806	0.364	-999	1.369	0.719
1381	-999	0.206	0.425	-999	0.348	0.665
1382	-999	0.324	0.469	-999	0.273	0.577
1383	-999	0.917	0.492	-999	1.054	0.485
1384	-999	0.346	0.48	-999	0.426	0.393
1385	-999	0.105	0.456	-999	-0.48	0.36
1386	-999	0.678	0.43	-999	0.038	0.438
1387	-999	0.405	0.381	-999	0.58	0.584
1388	-999	0.761	0.302	-999	2.027	0.692
1389	-999	0.016	0.208	-999	0.471	0.678
1390	-999	-0.671	0.16	-999	0.425	0.593
1391	-999	0.394	0.186	-999	0.588	0.496
1392	-999	0.671	0.229	-999	-0.186	0.425
1393	-999	-0.047	0.244	-999	0.721	0.41
1394	-999	0.746	0.23	-999	-0.18	0.424
1395	-999	-0.081	0.179	-999	0.968	0.443
1396	-999	-0.112	0.124	-999	0.999	0.403
1397	-999	0.442	0.077	-999	-0.125	0.293
1398	-999	-0.208	0.03	-999	0.198	0.165
1399	-999	-0.066	-0.002	-999	0.427	0.048
1400	-999	0.121	-0.018	-999	-0.504	-0.031
1401	-999	0.058	-0.028	-999	-0.385	-0.013
1402	-999	-0.141	-0.028	-999	-0.098	0.109
1403	-999	-0.29	-0.002	-999	0.356	0.288
1404	-999	0.331	0.048	-999	0.828	0.445
1405	-999	0.018	0.093	-999	0.867	0.515
1406	-999	0.194	0.126	-999	0.449	0.482
1407	-999	0.106	0.141	-999	0.336	0.378
1408	-999	0.005	0.136	-999	-0.304	0.236
1409	-999	0.676	0.103	-999	0.372	0.072
1410	-999	-0.117	0.035	-999	-0.261	-0.146
1411	-999	-0.601	-0.022	-999	1.142	-0.439
1412	-999	0.783	-0.039	-999	-0.01	-0.79
1413	-999	-1.36	-0.03	-999	-4.615	-0.998
1414	-999	1.182	0.029	-999	-0.883	-0.838
1415	-999	-0.486	0.072	-999	0.489	-0.438
1416	-999	0.258	0.106	-999	0.365	-0.003
1417	-999	0.543	0.113	-999	0.65	0.368
1418	-999	-0.278	0.088	-999	0.11	0.645
1419	-999	0.049	0.065	-999	1.538	0.822
1420	-999	0.206	0.049	-999	0.938	0.866
1421	-999	-0.218	0.041	-999	0.797	0.804
1422	-999	0.176	0.049	-999	0.678	0.689
1423	-999	0.156	0.061	-999	0.376	0.576
1424	-999	0.074	0.077	-999	-0.278	0.513
1425	-999	-0.381	0.105	-999	1.34	0.507
1426	-999	0.694	0.148	-999	0.64	0.498
1427	-999	-0.031	0.169	-999	0.157	0.496
1428	-999	0.451	0.171	-999	0.594	0.539
1429	-999	0.096	0.158	-999	0.377	0.635
1430	-999	-0.081	0.154	-999	0.444	0.783
1431	-999	-0.019	0.182	-999	1.202	0.946
1432	-999	0.472	0.23	-999	1.767	1.052
1433	-999	0.273	0.266	-999	0.853	1.068
1434	-999	0.457	0.279	-999	0.963	1.033
1435	-999	0.11	0.271	-999	0.741	0.982
1436	-999	0.467	0.254	-999	0.826	0.93
1437	-999	0.171	0.238	-999	1.236	0.864
1438	-999	-0.319	0.247	-999	0.873	0.763
1439	-999	0.323	0.29	-999	0.627	0.643
1440	-999	0.764	0.314	-999	0.257	0.544
1441	-999	0.807	0.27	-999	0.079	0.497
1442	-999	-0.498	0.168	-999	0.954	0.492
1443	-999	0.168	0.068	-999	0.676	0.482
1444	-999	0.186	-0.021	-999	0.337	0.462
1445	-999	-0.374	-0.092	-999	-0.093	0.453
1446	-999	-0.438	-0.121	-999	1.282	0.457
1447	-999	0.417	-0.118	-999	0.274	0.437
1448	-999	-0.208	-0.117	-999	0.15	0.422
1449	-999	-0.245	-0.109	-999	-0.018	0.438
1450	-999	-0.484	-0.083	-999	0.699	0.47
1451	-999	0.546	-0.054	-999	0.488	0.451
1452	-999	-0.046	-0.068	-999	0.737	0.328
1453	-999	-0.008	-0.118	-999	0.931	0.069
1454	-999	-0.066	-0.177	-999	0.39	-0.293
1455	-999	-1.167	-0.202	-999	-2.62	-0.606
1456	-999	0.612	-0.162	-999	-1.095	-0.678
1457	-999	-0.954	-0.103	-999	-0.164	-0.518
1458	-999	0.923	-0.036	-999	-0.108	-0.224
1459	-999	-0.192	-0.018	-999	0.11	0.138
1460	-999	-0.03	-0.032	-999	0.33	0.521
1461	-999	-0.492	-0.053	-999	1.642	0.873
1462	-999	0.597	-0.074	-999	0.943	1.142
1463	-999	-0.089	-0.114	-999	0.951	1.345
1464	-999	-0.884	-0.134	-999	1.631	1.488
1465	-999	-0.15	-0.094	-999	1.849	1.536
1466	-999	0.391	-0.034	-999	1.77	1.465
1467	-999	0.129	-0.008	-999	1.025	1.297
1468	-999	-0.168	-0.021	-999	1.191	1.084
1469	-999	0.071	-0.059	-999	0.811	0.864
1470	-999	0.168	-0.117	-999	0.246	0.674
1471	-999	-0.683	-0.172	-999	0.428	0.54
1472	-999	0.084	-0.181	-999	0.656	0.438
1473	-999	-0.69	-0.139	-999	0.993	0.328
1474	-999	0.281	-0.042	-999	-0.977	0.205
1475	-999	-0.534	0.071	-999	1.147	0.109
1476	-999	0.916	0.166	-999	0.666	0.003
1477	-999	0.676	0.173	-999	-1.176	-0.058
1478	-999	-0.062	0.1	-999	-1.338	0.049
1479	-999	-0.313	0.018	-999	1.301	0.311
1480	-999	-0.241	-0.01	-999	0.972	0.57
1481	-999	-0.103	0.031	-999	1.143	0.742
1482	-999	0.324	0.122	-999	0.268	0.824
1483	-999	-0.118	0.229	-999	0.831	0.847
1484	-999	1.104	0.324	-999	1.323	0.798
1485	-999	0.233	0.373	-999	1.271	0.66
1486	-999	0.081	0.406	-999	-0.132	0.484
1487	-999	0.505	0.453	-999	0.01	0.385
1488	-999	0.464	0.507	-999	-0.446	0.418
1489	-999	0.545	0.556	-999	0.36	0.564
1490	-999	0.362	0.587	-999	1.877	0.695
1491	-999	1.129	0.576	-999	1.724	0.672
1492	-999	0.543	0.492	-999	-0.647	0.502
1493	-999	0.27	0.355	-999	0.746	0.3
1494	-999	0.809	0.204	-999	0.47	0.101
1495	-999	-1.412	0.086	-999	-1.677	-0.032
1496	-999	0.39	0.069	-999	0.124	-0.031
1497	-999	0.179	0.091	-999	1.284	0.015
1498	-999	1.059	0.084	-999	-0.442	0.026
1499	-999	-0.163	0.026	-999	0.119	0.042
1500	-999	-1.059	-0.009	-999	-0.381	0.091
1501	-999	0.227	0.032	-999	0.064	0.186
1502	-999	0.492	0.095	-999	1.558	0.288
1503	-999	0.186	0.126	-999	-0.545	0.366
1504	-999	0.55	0.121	-999	0.155	0.495
1505	-999	-0.22	0.104	-999	0.547	0.678
1506	-999	-0.619	0.135	-999	1.408	0.858
1507	-999	0.664	0.235	-999	1.231	0.967
1508	-999	0.29	0.344	-999	-0.072	1.001
1509	-999	0.818	0.432	-999	0.853	0.967
1510	-999	-0.058	0.48	-999	3.056	0.765
1511	-999	1.145	0.495	-999	-0.163	0.316
1512	-999	0.09	0.455	-999	0.021	-0.238
1513	-999	0.585	0.384	-999	-0.901	-0.738
1514	-999	0.774	0.286	-999	-3.041	-1.015
1515	-999	-0.422	0.193	-999	-1.431	-0.961
1516	-999	-0.141	0.175	-999	0.017	-0.698
1517	-999	0.078	0.243	-999	0.501	-0.428
1518	-999	0.292	0.356	-999	0.491	-0.268
1519	-999	1.005	0.444	-999	-0.11	-0.201
1520	-999	1.212	0.442	-999	-3.02	-0.103
1521	-999	-0.094	0.362	-999	1.854	0.101
1522	-999	-0.229	0.296	-999	0.554	0.233
1523	-999	0.14	0.298	-999	0.523	0.228
1524	-999	0.444	0.351	-999	-0.237	0.11
1525	-999	0.533	0.409	-999	0.354	-0.069
1526	-999	0.776	0.435	-999	0.216	-0.275
1527	-999	0.468	0.418	-999	-1.564	-0.424
1528	-999	-0.308	0.384	-999	-1.347	-0.402
1529	-999	0.648	0.358	-999	1.032	-0.223
1530	-999	1.021	0.3	-999	-0.712	0.001
1531	-999	0.229	0.202	-999	-0.172	0.247
1532	-999	-1.295	0.138	-999	2.73	0.441
1533	-999	0.911	0.166	-999	-0.2	0.503
1534	-999	0.082	0.218	-999	-0.859	0.566
1535	-999	0.507	0.26	-999	-0.626	0.708
1536	-999	0.343	0.27	-999	4.148	0.81
1537	-999	0.472	0.251	-999	0.268	0.661
1538	-999	-0.584	0.224	-999	-0.496	0.354
1539	-999	0.374	0.215	-999	0.767	0.004
1540	-999	1.103	0.177	-999	-0.504	-0.35
1541	-999	-0.001	0.082	-999	-1.444	-0.62
1542	-999	-1.193	-0.003	-999	-0.588	-0.731
1543	-999	0.799	-0.021	-999	-1.293	-0.697
1544	-999	-0.18	-0.024	-999	0.193	-0.553
1545	-999	0.144	-0.011	-999	-0.769	-0.374
1546	-999	-0.081	0.026	-999	0.346	-0.181
1547	-999	-0.28	0.106	-999	0.353	-0.004
1548	-999	0.589	0.23	-999	-0.859	0.18
1549	-999	-0.113	0.364	-999	0.223	0.417
1550	-999	1.216	0.492	-999	1.558	0.653
1551	-999	0.1	0.574	-999	0.508	0.806
1552	-999	0.777	0.621	-999	1.927	0.878
1553	-999	1.037	0.62	-999	-0.563	0.89
1554	-999	0.028	0.569	-999	0.255	0.927
1555	-999	0.632	0.502	-999	2.957	0.931
1556	-999	0.784	0.41	-999	0.603	0.791
1557	-999	0.101	0.293	-999	-0.221	0.585
1558	-999	-0.118	0.19	-999	0.609	0.4
1559	-999	0.201	0.12	-999	0.83	0.243
1560	-999	0.41	0.068	-999	-0.565	0.134
1561	-999	0.031	0.027	-999	-1.198	0.144
1562	-999	-0.923	0.029	-999	1.404	0.25
1563	-999	0.647	0.09	-999	1.101	0.303
1564	-999	0.531	0.142	-999	-0.259	0.258
1565	-999	0.238	0.159	-999	-0.07	0.171
1566	-999	-0.173	0.175	-999	0.216	0.059
1567	-999	-0.226	0.229	-999	0.605	-0.097
1568	-999	0.746	0.318	-999	-0.448	-0.287
1569	-999	0.063	0.392	-999	-0.798	-0.428
1570	-999	0.947	0.424	-999	-1.099	-0.445
1571	-999	0.671	0.38	-999	-0.271	-0.324
1572	-999	0.265	0.277	-999	-0.364	-0.124
1573	-999	-0.582	0.178	-999	0.856	0.074
1574	-999	0.117	0.129	-999	0.626	0.19
1575	-999	0.477	0.1	-999	-0.414	0.227
1576	-999	-0.093	0.047	-999	0.525	0.239
1577	-999	0.252	-0.037	-999	0.706	0.23
1578	-999	0.229	-0.156	-999	-1.113	0.232
1579	-999	-1.12	-0.279	-999	-0.295	0.298
1580	-999	-0.495	-0.349	-999	1.672	0.338
1581	-999	0.366	-0.388	-999	0.681	0.199
1582	-999	-0.612	-0.44	-999	0.255	-0.134
1583	-999	-0.603	-0.473	-999	1.024	-0.583
1584	-999	-0.846	-0.463	-999	-4.418	-0.975
1585	-999	-0.276	-0.408	-999	-1.589	-1.05
1586	-999	0.031	-0.351	-999	-0.076	-0.875
1587	-999	-0.433	-0.316	-999	0.16	-0.645
1588	-999	0.047	-0.292	-999	-0.357	-0.463
1589	-999	-0.588	-0.258	-999	-0.01	-0.327
1590	-999	-0.933	-0.17	-999	-1.04	-0.193
1591	-999	0.847	-0.031	-999	-0.346	-0.004
1592	-999	-0.313	0.092	-999	0.353	0.208
1593	-999	-0.066	0.193	-999	1.337	0.359
1594	-999	1.19	0.241	-999	0.505	0.393
1595	-999	0.222	0.191	-999	-0.056	0.366
1596	-999	-0.502	0.091	-999	0.107	0.359
1597	-999	0.238	0	-999	-0.076	0.403
1598	-999	-0.28	-0.076	-999	0.458	0.484
1599	-999	0.116	-0.126	-999	1.293	0.527
1600	-999	-0.69	-0.15	-999	1.074	0.463
1601	-999	0.405	-0.141	-999	-0.002	0.32
1602	-999	-0.138	-0.128	-999	-0.68	0.198
1603	-999	-0.577	-0.098	-999	0.564	0.158
1604	-999	0.344	-0.037	-999	-0.176	0.17
1605	-999	0.074	0.03	-999	0.289	0.219
1606	-999	0.109	0.104	-999	0.019	0.261
1607	-999	-0.519	0.204	-999	1.01	0.248
1608	-999	0.83	0.327	-999	0.921	0.126
1609	-999	0.542	0.414	-999	-0.614	-0.064
1610	-999	0.765	0.437	-999	-0.827	-0.194
1611	-999	0.495	0.407	-999	-0.406	-0.187
1612	-999	-0.175	0.374	-999	-0.349	-0.054
1613	-999	0.557	0.389	-999	-0.284	0.148
1614	-999	-0.182	0.456	-999	1.909	0.316
1615	-999	1.118	0.563	-999	0.098	0.334
1616	-999	0.487	0.652	-999	0.72	0.234
1617	-999	0.928	0.701	-999	-0.451	0.079
1618	-999	0.916	0.692	-999	-0.739	-0.04
1619	-999	0.089	0.631	-999	0.878	-0.088
1620	-999	0.694	0.54	-999	-0.317	-0.097
1621	-999	1.192	0.394	-999	-0.874	-0.018
1622	-999	-0.147	0.19	-999	0.351	0.176
1623	-999	-0.198	0.005	-999	0.503	0.422
1624	-999	-0.518	-0.106	-999	0.944	0.656
1625	-999	0.137	-0.126	-999	0.802	0.834
1626	-999	-0.537	-0.08	-999	0.367	0.942
1627	-999	0.409	0.009	-999	2.57	0.958
1628	-999	0.054	0.091	-999	0.709	0.837
1629	-999	0.398	0.145	-999	-0.153	0.687
1630	-999	0.524	0.16	-999	0.505	0.621
1631	-999	-0.413	0.162	-999	0.057	0.659
1632	-999	-0.451	0.206	-999	0.74	0.772
1633	-999	0.863	0.281	-999	2.685	0.864
1634	-999	0.596	0.306	-999	0.028	0.866
1635	-999	0.913	0.251	-999	0.144	0.878
1636	-999	-0.744	0.15	-999	1.347	0.94
1637	-999	0.153	0.088	-999	1.3	1.003
1638	-999	-0.089	0.077	-999	0.846	1.051
1639	-999	0.049	0.11	-999	0.252	1.104
1640	-999	0.413	0.16	-999	2.479	1.146
1641	-999	0.255	0.198	-999	0.585	1.099
1642	-999	0.186	0.22	-999	1.52	0.993
1643	-999	0.537	0.234	-999	0.245	0.85
1644	-999	-0.2	0.253	-999	1.207	0.716
1645	-999	-0.103	0.311	-999	0.425	0.604
1646	-999	1.147	0.39	-999	0.072	0.556
1647	-999	0.445	0.438	-999	0.017	0.596
1648	-999	-0.397	0.47	-999	2.628	0.677
1649	-999	1.202	0.499	-999	-0.371	0.731
1650	-999	0.632	0.469	-999	-0.257	0.848
1651	-999	0.943	0.375	-999	1.402	1.027
1652	-999	-1.167	0.264	-999	3.065	1.132
1653	-999	1.281	0.21	-999	0.036	1.088
1654	-999	-1.088	0.178	-999	-0.221	1.003
1655	-999	1.05	0.176	-999	2.766	0.894
1656	-999	0.767	0.131	-999	0.671	0.674
1657	-999	-0.574	0.045	-999	-0.101	0.416
1658	-999	-0.421	-0.009	-999	-0.141	0.23
1659	-999	0.103	-0.014	-999	-0.588	0.16
1660	-999	0.248	-0.012	-999	0.034	0.183
1661	-999	0.028	-0.033	-999	2.102	0.179
1662	-999	0.07	-0.079	-999	-0.508	0.049
1663	-999	-0.436	-0.133	-999	-0.625	-0.129
1664	-999	-0.479	-0.169	-999	0.222	-0.295
1665	-999	0.622	-0.197	-999	-0.794	-0.445
1666	-999	-0.543	-0.247	-999	-0.368	-0.539
1667	-999	-0.39	-0.278	-999	-0.738	-0.558
1668	-999	-0.445	-0.262	-999	-0.997	-0.479
1669	-999	-0.164	-0.194	-999	0.428	-0.306
1670	-999	-0.126	-0.092	-999	-0.335	-0.082
1671	-999	0.065	0.025	-999	0.02	0.205
1672	-999	-0.089	0.135	-999	0.326	0.557
1673	-999	0.771	0.215	-999	-0.333	0.941
1674	-999	0.151	0.232	-999	4.307	1.264
1675	-999	0.691	0.206	-999	0.812	1.376
1676	-999	-0.702	0.174	-999	-0.633	1.39
1677	-999	-0.167	0.197	-999	2.516	1.392
1678	-999	1.302	0.25	-999	2.139	1.27
1679	-999	-0.477	0.275	-999	-0.112	0.999
1680	-999	0.285	0.292	-999	1.503	0.645
1681	-999	0.638	0.274	-999	0.193	0.202
1682	-999	0.713	0.179	-999	-0.803	-0.274
1683	-999	0.153	0.019	-999	0.352	-0.721
1684	-999	-0.83	-0.126	-999	-0.433	-1.104
1685	-999	-0.98	-0.167	-999	-3.982	-1.271
1686	-999	0.742	-0.106	-999	-1.518	-1.046
1687	-999	-0.25	-0.024	-999	0.145	-0.528
1688	-999	0.11	0.056	-999	-0.513	0.083
1689	-999	0.082	0.115	-999	2.545	0.628
1690	-999	0.647	0.128	-999	1.392	0.954
1691	-999	-0.027	0.087	-999	-0.717	1.103
1692	-999	-0.337	0.03	-999	2.233	1.164
1693	-999	0.429	-0.012	-999	1.21	1.077
1694	-999	-0.549	-0.036	-999	1.18	0.849
1695	-999	0.255	-0.02	-999	0.643	0.536
1696	-999	-0.183	0.029	-999	-0.465	0.238
1697	-999	-0.113	0.108	-999	-0.35	0.052
1698	-999	0.343	0.198	-999	0.101	-0.002
1699	-999	0.935	0.253	-999	0.158	0.037
1700	-999	-0.524	0.253	-999	-0.47	0.133
1701	-999	0.954	0.235	-999	0.775	0.251
1702	-999	-0.292	0.19	-999	1.156	0.308
1703	-999	0.397	0.15	-999	-0.32	0.285
1704	-999	-0.417	0.126	-999	0.137	0.245
1705	-999	0.577	0.123	-999	0.375	0.212
1706	-999	0.468	0.111	-999	0.229	0.183
1707	-999	-0.547	0.101	-999	0.019	0.173
1708	-999	0.059	0.138	-999	-0.201	0.201
1709	-999	0.023	0.204	-999	0.56	0.261
1710	-999	0.94	0.254	-999	0.496	0.308
1711	-999	0.024	0.239	-999	0.738	0.325
1712	-999	0.678	0.169	-999	-0.523	0.329
1713	-999	-0.261	0.065	-999	0.711	0.367
1714	-999	-0.269	-0.013	-999	0.827	0.414
1715	-999	0.242	-0.034	-999	-0.172	0.47
1716	-999	-0.527	0.007	-999	0.893	0.572
1717	-999	0.011	0.121	-999	0.369	0.707
1718	-999	0.347	0.27	-999	0.695	0.871
1719	-999	0.636	0.391	-999	1.041	1.03
1720	-999	1.097	0.434	-999	1.759	1.12
1721	-999	0.277	0.393	-999	1.569	1.094
1722	-999	-0.496	0.334	-999	0.947	0.982
1723	-999	1.169	0.307	-999	-1.036	0.878
1724	-999	-1.128	0.295	-999	2.024	0.836
1725	-999	1.021	0.312	-999	1.494	0.742
1726	-999	1.193	0.266	-999	0.661	0.575
1727	-999	0.02	0.123	-999	-0.432	0.423
1728	-999	-0.315	-0.035	-999	0.101	0.384
1729	-999	-1.185	-0.122	-999	-0.087	0.458
1730	-999	0.449	-0.113	-999	1.235	0.583
1731	-999	0.207	-0.084	-999	1.211	0.647
1732	-999	-0.043	-0.072	-999	0.92	0.609
1733	-999	-0.36	-0.071	-999	-0.017	0.51
1734	-999	0.629	-0.069	-999	0.638	0.423
1735	-999	-1.144	-0.069	-999	0.293	0.381
1736	-999	0.612	-0.032	-999	-0.256	0.426
1737	-999	-0.132	0	-999	0.366	0.575
1738	-999	0.171	0.023	-999	1.28	0.767
1739	-999	0.074	0.038	-999	1.314	0.917
1740	-999	-0.106	0.06	-999	1.118	0.997
1741	-999	0.258	0.109	-999	0.597	1.035
1742	-999	-0.297	0.189	-999	0.814	1.074
1743	-999	0.502	0.305	-999	1.57	1.104
1744	-999	0.456	0.42	-999	1.059	1.092
1745	-999	0.28	0.505	-999	0.964	1.043
1746	-999	0.911	0.535	-999	1.235	0.971
1747	-999	1.466	0.472	-999	0.7	0.886
1748	-999	-1.317	0.338	-999	0.297	0.821
1749	-999	1.153	0.223	-999	1.069	0.78
1750	-999	-0.173	0.098	-999	1.064	0.717
1751	-999	0.007	-0.023	-999	0.754	0.612
1752	-999	-0.179	-0.126	-999	0.277	0.491
1753	-999	-0.36	-0.205	-999	0.195	0.398
1754	-999	0.236	-0.26	-999	0.254	0.355
1755	-999	-0.711	-0.297	-999	0.338	0.354
1756	-999	-0.304	-0.287	-999	0.491	0.369
1757	-999	-0.472	-0.228	-999	0.639	0.375
1758	-999	0.163	-0.139	-999	0.397	0.366
1759	-999	0.094	-0.057	-999	-0.221	0.367
1760	-999	-0.086	0.01	-999	0.681	0.398
1761	-999	-0.25	0.075	-999	1.109	0.424
1762	-999	0.655	0.138	-999	-0.346	0.446
1763	-999	0.036	0.173	-999	0.101	0.518
1764	-999	0.172	0.199	-999	1.558	0.624
1765	-999	-0.167	0.232	-999	0.438	0.704
1766	-999	1.033	0.27	-999	0.803	0.779
1767	-999	-0.422	0.292	-999	0.862	0.868
1768	-999	0.449	0.325	-999	0.914	0.985
1769	-999	0.545	0.345	-999	0.39	1.14
1770	-999	0	0.327	-999	1.121	1.319
1771	-999	1.141	0.263	-999	3.096	1.422
1772	-999	0.112	0.139	-999	0.351	1.353
1773	-999	-1.322	0.022	-999	1.995	1.156
1774	-999	0.842	-0.035	-999	1.231	0.839
1775	-999	0.035	-0.099	-999	-0.575	0.482
1776	-999	-0.343	-0.174	-999	0.483	0.197
1777	-999	-0.078	-0.232	-999	-0.348	0.005
1778	-999	-0.636	-0.259	-999	-0.061	-0.078
1779	-999	-0.043	-0.234	-999	-0.133	-0.067
1780	-999	-0.454	-0.169	-999	-0.352	0.014
1781	-999	0.268	-0.074	-999	0.996	0.126
1782	-999	-0.662	0.027	-999	0.164	0.212
1783	-999	0.98	0.12	-999	-0.271	0.295
1784	-999	0.035	0.149	-999	1.173	0.403
1785	-999	0.318	0.128	-999	-0.127	0.52
1786	-999	-0.477	0.087	-999	0.817	0.681
1787	-999	0.767	0.056	-999	1.343	0.878
1788	-999	-0.397	0.032	-999	-0.113	1.109
1789	-999	-0.321	0.058	-999	0.499	1.397
1790	-999	-0.075	0.142	-999	3.444	1.622
1791	-999	0.622	0.236	-999	3.203	1.589
1792	-999	0.869	0.27	-999	0.196	1.31
1793	-999	0.293	0.224	-999	0.119	0.985
1794	-999	-0.461	0.151	-999	0.555	0.715
1795	-999	0.098	0.111	-999	1.036	0.478
1796	-999	-0.042	0.103	-999	0.805	0.23
1797	-999	0.594	0.104	-999	-0.442	-0.006
1798	-999	-0.063	0.09	-999	-1.469	-0.144
1799	-999	-0.075	0.077	-999	1.151	-0.164
1800	-999	0.137	0.078	-999	-0.475	-0.158
1801	-999	-0.273	0.084	-999	-0.215	-0.127
1802	-999	0.631	0.081	-999	0.219	-0.07
1803	-999	0.066	0.034	-999	-0.53	0
1804	-999	0.18	-0.045	-999	0.549	0.088
1805	-999	-0.691	-0.119	-999	0.273	0.162
1806	-999	-0.319	-0.143	-999	-0.081	0.225
1807	-999	0.402	-0.127	-999	0.281	0.299
1808	-999	-0.449	-0.106	-999	0.473	0.374
1809	-999	-0.028	-0.067	-999	0.028	0.434
1810	-999	-0.012	-0.024	-999	0.977	0.461
1811	-999	0.23	0.01	-999	1.411	0.412
1812	-999	0.54	0.025	-999	-0.607	0.313
1813	-999	-1.387	0.051	-999	-0.438	0.283
1814	-999	0.502	0.138	-999	0.04	0.353
1815	-999	0.347	0.211	-999	1.314	0.445
1816	-999	0.869	0.198	-999	1.425	0.456
1817	-999	0.83	0.068	-999	-0.675	0.387
1818	-999	-1.307	-0.117	-999	0.148	0.337
1819	-999	-0.507	-0.228	-999	0.641	0.313
1820	-999	-0.358	-0.248	-999	0.264	0.285
1821	-999	0.787	-0.223	-999	0.507	0.25
1822	-999	-0.819	-0.192	-999	-0.146	0.22
1823	-999	-0.444	-0.106	-999	0.342	0.22
1824	-999	0.109	0.035	-999	-0.306	0.252
1825	-999	0.433	0.181	-999	0.641	0.302
1826	-999	0.562	0.288	-999	0.93	0.312
1827	-999	-0.129	0.346	-999	-0.366	0.262
1828	-999	1.05	0.372	-999	0.956	0.187
1829	-999	0.035	0.352	-999	-0.533	0.092
1830	-999	0.125	0.327	-999	-0.692	0.032
1831	-999	0.344	0.315	-999	0.793	-0.004
1832	-999	0.526	0.306	-999	0.232	-0.098
1833	-999	0.379	0.295	-999	-0.207	-0.257
1834	-999	-0.031	0.3	-999	-0.942	-0.434
1835	-999	0.305	0.346	-999	-0.117	-0.582
1836	-999	0.382	0.427	-999	-0.882	-0.69
1837	-999	0.455	0.52	-999	-1.353	-0.721
1838	-999	0.814	0.595	-999	-0.667	-0.658
1839	-999	0.556	0.621	-999	-0.379	-0.559
1840	-999	0.933	0.587	-999	0.131	-0.493
1841	-999	0.811	0.487	-999	-1.153	-0.493
1842	-999	-0.742	0.36	-999	0.527	-0.541
1843	-999	0.998	0.258	-999	-0.842	-0.644
1844	-999	0.344	0.147	-999	-1.18	-0.72
1845	-999	-0.355	0.046	-999	-1.028	-0.69
1846	-999	0.199	0.004	-999	-0.778	-0.54
1847	-999	-1.182	0.037	-999	-0.132	-0.306
1848	-999	1.127	0.14	-999	-0.222	-0.055
1849	-999	0.496	0.213	-999	1.063	0.153
1850	-999	0.581	0.233	-999	-0.013	0.272
1851	-999	-0.991	0.241	-999	0.014	0.336
1852	-999	0.87	0.29	-999	0.652	0.365
1853	-999	0.647	0.33	-999	-0.075	0.346
1854	-999	-0.258	0.345	-999	1.483	0.276
1855	-999	0.572	0.354	-999	-0.617	0.149
1856	-999	0.725	0.325	-999	-0.605	0.051
1857	-999	-0.094	0.246	-999	0.572	0.004
1858	-999	0.635	0.141	-999	0.497	-0.043
1859	-999	-0.268	0.023	-999	-0.646	-0.086
1860	-999	0.112	-0.06	-999	0.41	-0.064
1861	-999	-1.255	-0.073	-999	-1.239	0.053
1862	-999	1.116	-0.002	-999	0.418	0.295
1863	-999	0.221	0.079	-999	1.462	0.573
1864	-999	-0.991	0.184	-999	0.893	0.8
1865	-999	0.793	0.339	-999	0.921	0.99
1866	-999	0.671	0.467	-999	1.007	1.184
1867	-999	0.768	0.51	-999	-0.197	1.416
1868	-999	0.366	0.45	-999	3.291	1.658
1869	-999	1.361	0.3	-999	0.335	1.75
1870	-999	-1.027	0.097	-999	4.596	1.626
1871	-999	-0.105	-0.041	-999	1.096	1.19
1872	-999	-0.472	-0.09	-999	-0.298	0.617
1873	-999	0.309	-0.069	-999	-0.55	0.125
1874	-999	0.075	-0.029	-999	-0.315	-0.183
1875	-999	0.024	0.011	-999	-0.696	-0.302
1876	-999	-0.603	0.05	-999	-0.595	-0.267
1877	-999	1.185	0.079	-999	0.366	-0.166
1878	-999	-0.223	0.047	-999	0.806	-0.12
1879	-999	-0.235	-0.006	-999	-0.334	-0.175
1880	-999	0.007	-0.043	-999	-0.171	-0.275
1881	-999	0.103	-0.06	-999	-1.066	-0.351
1882	-999	-0.296	-0.047	-999	-0.476	-0.348
1883	-999	-0.461	0.017	-999	-0.179	-0.284
1884	-999	0.554	0.12	-999	-0.025	-0.207
1885	-999	0.508	0.203	-999	0.01	-0.154
1886	-999	0.258	0.249	-999	-0.272	-0.135
1887	-999	-0.514	0.284	-999	0.501	-0.141
1888	-999	1.08	0.322	-999	-0.885	-0.157
1889	-999	0.11	0.315	-999	-0.534	-0.124
1890	-999	0.343	0.266	-999	0.357	-0.052
1891	-999	0.269	0.179	-999	0.118	-0.003
1892	-999	0.29	0.064	-999	0.449	-0.003
1893	-999	-0.378	-0.052	-999	-0.273	-0.042
1894	-999	-0.457	-0.125	-999	-0.356	-0.068
1895	-0.04	0.075	-0.149	0.17	-0.416	-0.048
1896	-0.48	-0.491	-0.153	-0.31	-0.417	0.005
1897	0.92	0.425	-0.161	0.14	0.983	0.023
1898	0.4	0.17	-0.21	0.67	0.844	-0.092
1899	-0.4	-1.134	-0.278	0.6	-0.557	-0.325
1900	-0.44	-0.015	-0.308	-0.84	-1.225	-0.544
1901	-0.36	0.176	-0.314	-0.57	-0.445	-0.635
1902	-0.71	-1.197	-0.291	-0.51	-1.807	-0.556
1903	0.38	0.648	-0.198	0.5	0.258	-0.295
1904	-0.78	-1.13	-0.053	0.12	-0.515	0.049
1905	0.88	0.49	0.162	0.67	1.089	0.388
1906	0.65	0.367	0.382	0.16	1.178	0.605
1907	0.73	1.076	0.551	0.62	1.525	0.661
1908	0.23	0.756	0.631	0.28	-0.292	0.614
1909	0.7	0.574	0.641	0.26	-0.135	0.602
1910	-0.05	0.285	0.627	-0.14	-0.145	0.675
1911	0.63	0.569	0.621	2.78	2.483	0.76
1912	0.32	1.244	0.617	1.06	1.131	0.726
1913	-0.47	-0.515	0.611	-0.37	-0.308	0.607
1914	0.79	1.259	0.633	2.04	0.545	0.503
1915	0.83	0.818	0.629	0.48	0.507	0.43
1916	0.49	0.568	0.585	0.41	0.655	0.386
1917	0.07	0.968	0.523	-0.18	-1.575	0.385
1918	-0.31	-0.907	0.48	0.17	2.109	0.422
1919	0.13	1.04	0.503	0.7	1.138	0.336
1920	0.69	0.772	0.519	0.12	0.122	0.113
1921	0.17	0.863	0.483	1.46	-0.127	-0.132
1922	0.31	0.433	0.399	-0.49	-1.402	-0.265
1923	-0.18	-0.323	0.318	0.02	-0.742	-0.18
1924	0.45	0.533	0.289	-0.36	-0.193	0.098
1925	-0.25	-0.227	0.3	0.56	0.535	0.447
1926	1	0.975	0.334	0.12	1.552	0.703
1927	0.26	0.164	0.344	1.62	2.789	0.726
1928	0.2	0.613	0.329	-0.82	-0.612	0.519
1929	0.03	-0.138	0.295	0.39	-0.521	0.293
1930	-0.38	0.475	0.261	1.09	0.119	0.174
1931	-0.36	0.063	0.213	0.05	-0.637	0.171
1932	0.47	0.828	0.147	0.11	0.916	0.248
1933	-0.18	-0.243	0.063	0.56	1.229	0.299
1934	-0.62	-0.638	0.022	-1.1	0.016	0.291
1935	0.33	0.455	0.054	-1	-0.312	0.297
1936	-0.44	-0.255	0.122	-1.08	-0.367	0.372
1937	0.86	0.647	0.204	0.72	1.127	0.479
1938	0.83	0.479	0.262	0.43	1.758	0.507
1939	0.24	-0.106	0.297	-1.28	-0.096	0.424
1940	-0.12	-0.083	0.336	-0.22	-0.611	0.332
1941	1.4	1.036	0.358	0.62	0.776	0.287
1942	0.9	0.537	0.307	-1.06	0.384	0.247
1943	0.14	0.075	0.189	-0.64	0.201	0.198
1944	0.27	0.036	0.054	-0.16	0.222	0.155
1945	0.18	-0.215	-0.06	-0.05	-0.155	0.137
1946	-0.4	-0.585	-0.121	0.13	0.073	0.165
1947	-0.08	0.049	-0.124	-0.7	0.27	0.225
1948	-0.04	0.065	-0.116	0.28	0.134	0.291
1949	0.47	0.405	-0.129	1.46	0.87	0.332
1950	-0.42	-0.678	-0.16	-0.19	0.146	0.319
1951	-0.67	-0.641	-0.16	-0.96	0.006	0.267
1952	0.58	0.565	-0.131	0.17	0.843	0.182
1953	-0.34	-0.194	-0.121	0.52	-0.021	0.056
1954	-0.42	-0.182	-0.121	0.62	-0.379	-0.06
1955	0.03	-0.222	-0.11	0.66	-0.463	-0.114
1956	-0.61	-0.288	-0.082	-0.64	-0.591	-0.098
1957	0.56	0.182	-0.048	1.75	1.537	-0.062
1958	0.22	0.527	-0.035	-0.75	-0.712	-0.074
1959	-0.57	-1.147	-0.041	-0.57	-0.653	-0.064
1960	0.27	0.841	-0.026	-0.84	0.313	-0.005
1961	0.07	-0.118	-0.027	-1.1	0.459	0.062
1962	0.18	-0.206	-0.024	-0.9	-0.128	0.125
1963	-0.19	-0.23	0.013	-0.34	0.146	0.214
1964	-0.11	-0.134	0.086	-0.46	-0.117	0.34
1965	0.58	0.831	0.16	1.09	0.974	0.491
1966	0.15	0.3	0.191	0.01	0.595	0.616
1967	-0.45	-0.451	0.2	0.54	0.94	0.703
1968	-0.25	0.545	0.219	-0.26	-0.279	0.756
1969	0.16	0.157	0.225	2.86	1.582	0.776
1970	-0.12	0.49	0.212	0.82	1.693	0.685
1971	0.23	0.078	0.178	-0.92	-0.56	0.486
1972	-0.46	-0.391	0.15	-0.31	0.189	0.282
1973	1.12	0.974	0.136	0.24	0.317	0.09
1974	-0.5	-0.542	0.106	0.38	0.049	-0.104
1975	0.76	0.706	0.088	0.57	0.283	-0.288
1976	-0.3	0.023	0.079	-0.16	-0.918	-0.413
1977	-0.71	-1.106	0.122	-0.68	-1.706	-0.382
1978	0.63	1.01	0.241	-0.84	0.154	-0.168
1979	1.13	0.777	0.347	-0.32	0.541	0.112
1980	0.74	0.433	0.412	-1.3	0.061	0.354
1981	-0.49	-0.296	0.475	0.44	1.741	0.497
1982	0.1	0.936	0.565	0.12	0.013	0.493
1983	0.99	0.923	0.644	0.74	0.828	0.404
1984	-0.12	0.253	0.698	0.08	-0.477	0.285
1985	0.93	0.777	0.739	-0.06	0.076	0.203
1986	0.87	0.959	0.745	1.51	0.673	0.153
1987	0.91	0.974	0.687	0.01	-0.563	0.112
1988	0.2	0.851	0.57	-0.1	0.389	0.088
1989	-0.47	-0.054	0.442	-0.16	0.313	0.041
1990	-0.23	-0.012	0.372	0.41	-0.006	-0.046
1991	0.02	0.07	0.377	0.73	-0.085	-0.155
1992	0.96	1.036	0.412	0.65	-0.134	-0.256
1993	0.9	0.717	0.409	-0.48	-0.637	-0.306
1994	0.4	0.061	0.361	-0.66	-1.548	-0.255
1995	0.91	0.613	0.304	0.84	0.874	-0.119
1996	-0.63	-0.91	0.258	0.26	0.814	-0.033
1997	0.96	1.286	0.238	0.54	-0.918	-0.036
1998	0.48	0.046	0.173	0.18	-0.178	-0.081
1999	0.24	0.264	0.064	1.43	1.056	-0.19
2000	-0.51	-0.004	-0.064	-0.9	-0.62	-0.386
2001	-0.08	-0.425	-0.171	-0.9	-0.709	-0.572
2002	-0.98	-0.839	-0.21	-1.01	-1.737	-0.646
2003	0.24	0.164	-0.175	-1.12	-0.583	-0.555
2004	0.03	0.152	-0.124	-0.4	-0.138	-0.363
2005	0.95	0.087	-0.089	-0.41	0.372	-0.16
2006	-0.26	-0.527	-0.06	-0.31	-0.167	0
2007	0.3	0.049	-0.013	-0.23	0.012	0.121
2008	0.44	0.203	0.034	0.32	0.45	0.2
2009	-0.1	0.024	0.059	-0.28	0.246	0.224
2010	0.25	0.273	0.062	-0.08	0.212	0.207
2011	0.17	-0.199	0.047	-0.22	0.027	0.167
