# Mesa Verde, Colorado 1,300 Year Moisture Balance Reconstructions
#----------------------------------------------------------------------- 
#                World Data Service for Paleoclimatology, Boulder 
#                                  and 
#                     NOAA Paleoclimatology Program 
#             National Centers for Environmental Information (NCEI)
#----------------------------------------------------------------------- 
# 
# NOTE: Please cite Publication, and Online_Resource and date accessed when using these data. 
# If there is no publication information, please cite Investigators, Title, and Online_Resource and date accessed. 
#
# Online_Resource: https://www.ncdc.noaa.gov/paleo/study/19059 
# Online_Resource: http://www1.ncdc.noaa.gov/pub/data/paleo/treering/reconstructions/northamerica/usa/colorado/mesaverde2015ewcrn.txt
#
# Original_Source_URL: 
# 
# Description/Documentation lines begin with #
# Data lines have no #
#
# Archive: Climate Reconstructions
#
# Parameter_Keywords: 
---------------------
# Contribution_Date
#	Date: 2015-07-21
#--------------------
# Title
#	Study_Name: Mesa Verde, Colorado 1,300 Year Moisture Balance Reconstructions
#--------------------
# Investigators
# 	Investigators: Stahle, D.W.; Edmondson, J.R.; Burns, J.N.; Stahle, D.K.; Burnette, D.J.; Kvamme, E.; Lequesne, C.; Therrell, M.D.
#--------------------
# Description_and_Notes
#	Description: Reconstructions of effective moisture index (difference between total monthly precipitation and potential evapotranspiration, P-PE) 
#	at the Mesa Verde National Park headquarters station for 722 - 2011 AD.  Separate reconstructions of P-PE were computed for cool season (Sept-May) 
#	and early warm season (June-July).  Reconstructions are based on living and remnant wood Douglas-fir tree-ring chronologies from the Mancos River 
#	site.  Total ring width, earlywood width, and latewood width raw measurements are archived in the International Tree-Ring Data Bank, site code CO651. 
#	Chronologies generated with Program  RCSigFree, ER Cook, PJ Krusic, T. Melvin, 3/16/2014
#	Col 10 (SsfStb) is the Signal Free EW width chronology calculated as residuals:
#	AGE-DEPENDENT SPLINE SMOOTHING AND START:  OPT    8   50
#	TUKEY ROBUST BIWEIGHT MEAN CHRONOLOGY CALCULATED, COOK CONVERGENCE CRITERIA USED
#	CONSTANT ADDED TO ALL MEASUREMENTS TO AID CONVERGENCE(?):       0.000
#	THE MEAN ADAPTIVE POWER TRANSFORM POWER APPLIED IS:             0.797
#
#--------------------
# Publication 
#	Authors: Stahle, D.W., J.R. Edmondson, J.N. Burns, D.K. Stahle, D.J. Burnette, E. Kvamme, C. Lequesne, and M.D. Therrell 
#	Published_Date_or_Year: 2015-07-01
#	Published_Title: Bridging the Gap with Subfossil Douglas-fir at Mesa Verde, Colorado
#	Journal_Name: Tree-Ring Research
#	Volume: 71
#	Edition: 
#	Issue: 2
#	Pages: 
#	Report_Number: 
#	DOI: 
#	Online_Resource: 
#	Full_Citation: 
#	Abstract: Old Rocky Mountain Douglas-fir (Pseudotsuga menziesii) trees and remnant "subfossil" logs have been found on the outcrop of a mafic igneous intrusion above the Mancos River Valley near Mesa Verde National Park. These trees and logs have been used to develop earlywood (EW), latewood (LW), and total ring width (TRW) chronologies dating from AD 722-2011. The new chronologies include good series replication during the former chronological "gap" from AD 1250 to 1400, which was so problematic for the initial development of the "Central Pueblo" chronology by A. E. Douglas. Discrete reconstructions of the cool-season (September-May) and early warm-season (June-July) moisture balance for Mesa Verde have been derived from the EW and adjusted LW width chronologies from the Mancos Valley. Cool-season drought is estimated to have been more severe and sustained than early warm-season conditions during the "Great Drought" of the late-13th Century when southwestern Colorado was depopulated. The combined archaeological, subfossil, and living tree chronologies of EW, LW, and TRW for the Mancos River and Mesa Verde Douglas-fir now date from AD 480-2011.
#------------------
# Funding_Agency 
#	Funding_Agency_Name: US National Science Foundation
#	Grant: AGS-1266014
#------------------
# Funding_Agency 
#	Funding_Agency_Name: US National Oceanic and Atmospheric Administration
#	Grant: NA08OAR4310727, DEB-0816400
#------------------
# Site_Information 
#	Site_Name: Mesa Verde
#	Location: North America>United States Of America>Colorado
#	Country: United States Of America
#	Northernmost_Latitude: 37.2
#	Southernmost_Latitude: 37.2
#	Easternmost_Longitude: -108.5
#	Westernmost_Longitude: -108.5
#	Elevation: 2139 m  
#------------------
# Data_Collection   
#	Collection_Name: MesaVerde2015EW
#	Earliest_Year: 722
#	Most_Recent_Year: 2011 
#	Time_Unit:  AD
#	Core_Length: m
#	Notes: 
#------------------
# Species 
#	Species_Name: Pseudotsuga menziesii
#	Common_Name: Douglas-fir
#	Tree_Species_Code: PSME
#------------------
# Chronology_Information
#	Chronology: 
# 	
#----------------	
# Variables 
#
# Data variables follow are preceded by "##" in columns one and two.
# Data line variables format:  Variables list, one per line, shortname-tab-longname-tab-longname components (9 components: what, material, error, units, seasonality, archive, detail, method, C or N for Character or Numeric data) 
#
## age_AD	age, , , AD, , , , ,N
## trsgi.spd	Tree Ring Standardized Growth Index Sample Depth, , , , , tree ring, , ,N 
## trsgi	Tree Ring Standardized Growth Index, , , , , tree ring, , RCSigFree,N 
## SsfCrn	SsfCrn Tree Ring Index, , , , , tree ring, , RCSigFree,N 
## StdSig	StdSig Tree Ring Index, , , , , tree ring, , RCSigFree,N 
## SsfSig	SsfSig Tree Ring Index, , , , , tree ring, , RCSigFree,N 
## StdSee	StdSee Tree Ring Index, , , , , tree ring, , RCSigFree,N 
## SsfSee	SsfSee Tree Ring Index, , , , , tree ring, , RCSigFree,N 
## StdStb	StdStb Tree Ring Index, , , , , tree ring, , RCSigFree,N 
## SsfStb	SsfStb Tree Ring Index, , , , , tree ring, , RCSigFree,N 
#
#----------------
# Data:
# Data lines follow (have no #)
# Data line format - tab-delimited text, variable short name as header
# Missing Values: 
# Mancos River earlywood signal-free chronologies
#
age_AD	trsgi.spd	trsgi	SsfCrn	StdSig	SsfSig	StdSee	SsfSee	StdStb	SsfStb
722	2	0.910	1.073	0.083	0.076	0.058	0.054	0.958	1.051
723	2	1.046	1.207	0.062	0.058	0.044	0.041	1.022	1.122
724	2	0.002	0.036	0.000	0.024	0.000	0.017	0.528	0.497
725	2	1.192	1.354	0.077	0.074	0.054	0.052	1.091	1.201
726	2	0.356	0.554	0.282	0.282	0.200	0.199	0.695	0.773
727	3	1.054	1.288	0.090	0.127	0.052	0.073	1.026	1.170
728	3	1.268	1.438	0.067	0.262	0.039	0.151	1.131	1.253
729	3	1.690	1.851	0.084	0.068	0.048	0.039	1.337	1.481
730	3	1.772	1.933	0.002	0.012	0.001	0.007	1.377	1.526
731	3	1.519	1.789	0.056	0.001	0.032	0.001	1.254	1.447
732	3	1.000	1.260	0.104	0.043	0.060	0.025	1.000	1.156
733	3	1.510	1.769	0.026	0.149	0.015	0.086	1.250	1.437
734	3	0.762	1.049	0.130	0.233	0.075	0.134	0.884	1.039
735	3	1.462	1.646	0.375	0.260	0.216	0.150	1.227	1.370
736	3	1.136	1.339	0.102	0.013	0.059	0.008	1.067	1.200
737	3	0.947	1.210	0.253	0.170	0.146	0.098	0.974	1.128
738	3	0.002	0.020	0.000	0.000	0.000	0.000	0.510	0.466
739	3	0.607	0.833	0.075	0.007	0.044	0.004	0.807	0.919
740	3	0.689	0.943	0.010	0.031	0.006	0.018	0.847	0.980
741	3	1.280	1.490	0.167	0.162	0.096	0.094	1.138	1.286
742	3	0.518	0.779	0.247	0.219	0.143	0.126	0.763	0.888
743	3	1.560	1.762	0.124	0.127	0.072	0.073	1.276	1.438
744	3	1.902	2.100	0.140	0.119	0.081	0.068	1.445	1.628
745	3	1.132	1.357	0.189	0.185	0.109	0.107	1.066	1.212
746	3	1.929	2.130	0.055	0.044	0.032	0.026	1.459	1.647
747	3	1.684	1.876	0.106	0.122	0.061	0.070	1.338	1.504
748	3	0.142	0.425	0.095	0.060	0.055	0.035	0.576	0.688
749	3	1.246	1.456	0.253	0.275	0.146	0.159	1.122	1.269
750	3	1.245	1.480	0.291	0.238	0.168	0.137	1.122	1.283
751	3	0.002	0.020	0.000	0.000	0.000	0.000	0.506	0.458
752	3	2.077	2.289	0.161	0.136	0.093	0.078	1.535	1.740
753	3	1.893	2.113	0.068	0.129	0.039	0.074	1.444	1.642
754	3	0.917	1.178	0.206	0.154	0.119	0.089	0.959	1.113
755	3	0.886	1.110	0.065	0.122	0.037	0.070	0.944	1.075
756	3	0.662	0.940	0.177	0.190	0.102	0.110	0.832	0.978
757	3	0.002	0.184	0.000	0.151	0.000	0.087	0.503	0.548
758	3	0.900	1.162	0.185	0.163	0.107	0.094	0.950	1.104
759	3	0.564	0.838	0.144	0.115	0.083	0.066	0.783	0.920
760	3	0.515	0.771	0.016	0.034	0.009	0.019	0.758	0.881
761	3	1.157	1.422	0.289	0.287	0.167	0.166	1.079	1.253
762	3	0.839	1.072	0.147	0.122	0.085	0.071	0.920	1.053
763	3	0.597	0.842	0.182	0.122	0.105	0.071	0.798	0.921
764	3	0.812	1.089	0.028	0.042	0.016	0.025	0.906	1.063
765	3	1.426	1.685	0.041	0.039	0.024	0.022	1.214	1.405
766	3	1.492	1.750	0.334	0.394	0.193	0.227	1.247	1.443
767	3	0.554	0.858	0.264	0.233	0.152	0.134	0.776	0.930
768	3	1.496	1.756	0.631	0.612	0.364	0.353	1.250	1.447
769	3	0.960	1.247	0.096	0.167	0.055	0.097	0.980	1.154
770	3	0.489	0.800	0.132	0.203	0.076	0.117	0.743	0.897
771	3	0.509	0.820	0.213	0.280	0.123	0.161	0.753	0.908
772	3	0.824	1.070	0.193	0.108	0.111	0.063	0.911	1.052
773	3	0.886	1.130	0.252	0.168	0.145	0.097	0.943	1.087
774	3	0.257	0.582	0.099	0.169	0.057	0.098	0.624	0.770
775	3	0.002	0.020	0.000	0.000	0.000	0.000	0.495	0.443
776	3	0.574	0.835	0.104	0.026	0.060	0.015	0.784	0.916
777	3	1.039	1.318	0.018	0.028	0.010	0.016	1.020	1.197
778	3	0.002	0.079	0.000	0.083	0.000	0.048	0.493	0.475
779	3	0.450	0.764	0.096	0.161	0.056	0.093	0.720	0.874
780	3	0.310	0.618	0.008	0.017	0.005	0.010	0.649	0.789
781	3	0.727	1.012	0.138	0.112	0.079	0.065	0.861	1.019
782	3	0.328	0.644	0.038	0.008	0.022	0.005	0.657	0.803
783	3	0.408	0.718	0.020	0.084	0.012	0.049	0.698	0.847
784	3	0.674	0.956	0.032	0.011	0.019	0.006	0.834	0.986
785	3	2.150	2.382	0.003	0.075	0.002	0.043	1.589	1.824
786	3	1.712	1.953	0.060	0.116	0.035	0.067	1.366	1.572
787	3	1.850	2.081	0.012	0.068	0.007	0.039	1.437	1.649
788	3	1.238	1.458	0.064	0.004	0.037	0.002	1.123	1.282
789	3	2.591	2.780	0.269	0.291	0.155	0.168	1.819	2.063
790	3	1.165	1.416	0.093	0.094	0.053	0.054	1.085	1.258
791	3	2.214	2.415	0.059	0.006	0.034	0.003	1.627	1.849
792	3	1.747	1.932	0.028	0.067	0.016	0.039	1.386	1.564
793	3	1.694	1.912	0.331	0.266	0.191	0.153	1.359	1.553
794	3	2.515	2.709	0.343	0.251	0.198	0.145	1.785	2.027
795	3	0.604	0.854	0.233	0.192	0.135	0.111	0.795	0.925
796	3	1.766	1.937	0.293	0.267	0.169	0.154	1.398	1.570
797	3	0.002	0.074	0.000	0.047	0.000	0.027	0.481	0.460
798	3	2.007	2.199	0.140	0.193	0.081	0.111	1.524	1.727
799	3	1.881	2.035	0.019	0.060	0.011	0.034	1.460	1.630
800	3	2.650	2.764	0.404	0.423	0.233	0.244	1.862	2.067
801	3	0.781	1.005	0.136	0.088	0.078	0.051	0.886	1.015
802	3	2.358	2.501	0.104	0.063	0.060	0.036	1.712	1.912
803	3	3.508	3.589	0.081	0.044	0.047	0.025	2.316	2.566
804	3	2.642	2.759	0.094	0.056	0.054	0.032	1.862	2.069
805	3	2.246	2.394	0.053	0.107	0.031	0.062	1.656	1.851
806	3	1.911	2.052	0.407	0.412	0.235	0.238	1.480	1.646
807	3	0.829	1.016	0.085	0.047	0.049	0.027	0.910	1.022
808	3	0.526	0.700	0.072	0.102	0.042	0.059	0.750	0.831
809	3	0.002	0.020	0.000	0.000	0.000	0.000	0.473	0.419
810	3	2.190	2.274	0.231	0.247	0.133	0.143	1.631	1.783
811	3	0.891	1.031	0.078	0.098	0.045	0.057	0.943	1.031
812	3	1.454	1.580	0.034	0.005	0.020	0.003	1.242	1.364
813	3	1.499	1.616	0.106	0.075	0.061	0.043	1.266	1.387
814	3	2.155	2.218	0.198	0.211	0.114	0.122	1.616	1.753
815	3	1.401	1.510	0.363	0.322	0.210	0.186	1.215	1.323
816	3	1.272	1.365	0.048	0.068	0.028	0.040	1.146	1.235
817	3	0.398	0.543	0.263	0.226	0.152	0.131	0.678	0.733
818	3	0.530	0.662	0.072	0.082	0.041	0.048	0.748	0.805
819	3	0.002	0.020	0.000	0.000	0.000	0.000	0.464	0.412
820	3	1.955	2.004	0.157	0.132	0.091	0.076	1.514	1.628
821	3	2.419	2.439	0.214	0.188	0.123	0.109	1.765	1.895
822	3	1.559	1.604	0.145	0.141	0.084	0.082	1.302	1.383
823	3	0.002	0.020	0.000	0.000	0.000	0.000	0.461	0.409
824	3	0.515	0.604	0.005	0.006	0.003	0.003	0.737	0.768
825	3	0.243	0.332	0.071	0.069	0.041	0.040	0.590	0.600
826	3	0.982	1.030	0.051	0.035	0.029	0.020	0.990	1.031
827	3	0.644	0.708	0.066	0.055	0.038	0.032	0.806	0.831
828	3	1.368	1.388	0.092	0.065	0.053	0.037	1.201	1.252
829	3	0.122	0.203	0.034	0.045	0.020	0.026	0.521	0.518
830	3	0.454	0.512	0.113	0.119	0.065	0.068	0.701	0.709
831	3	0.896	0.921	0.102	0.088	0.059	0.051	0.943	0.963
832	3	1.274	1.276	0.180	0.179	0.104	0.103	1.151	1.184
833	3	0.582	0.617	0.236	0.217	0.136	0.125	0.770	0.773
834	3	0.703	0.725	0.092	0.086	0.053	0.050	0.837	0.840
835	3	0.285	0.318	0.029	0.023	0.017	0.013	0.605	0.586
836	3	0.987	0.982	0.035	0.045	0.020	0.026	0.993	1.001
837	3	0.197	0.224	0.077	0.068	0.045	0.039	0.555	0.526
838	3	0.904	0.899	0.133	0.124	0.077	0.071	0.947	0.948
839	3	0.838	0.827	0.045	0.046	0.026	0.026	0.910	0.903
840	3	0.158	0.173	0.087	0.073	0.050	0.042	0.531	0.492
841	3	0.911	0.886	0.060	0.058	0.034	0.033	0.951	0.940
842	3	0.172	0.178	0.001	0.014	0.001	0.008	0.537	0.494
843	3	1.008	0.969	0.126	0.119	0.073	0.069	1.005	0.992
844	3	0.435	0.416	0.003	0.002	0.002	0.001	0.683	0.643
845	3	1.059	1.015	0.049	0.057	0.028	0.033	1.033	1.021
846	3	0.984	0.938	0.127	0.115	0.073	0.066	0.991	0.972
847	3	0.236	0.217	0.102	0.086	0.059	0.050	0.569	0.515
848	3	1.080	1.017	0.126	0.124	0.073	0.072	1.046	1.023
849	3	0.389	0.348	0.076	0.082	0.044	0.047	0.654	0.598
850	3	0.922	0.861	0.050	0.056	0.029	0.032	0.956	0.924
851	3	0.845	0.783	0.055	0.052	0.032	0.030	0.912	0.873
852	3	1.726	1.618	0.063	0.052	0.037	0.030	1.415	1.407
853	3	1.641	1.529	0.001	0.027	0.000	0.016	1.367	1.350
854	3	1.528	1.423	0.044	0.027	0.025	0.016	1.303	1.282
855	3	1.299	1.201	0.148	0.134	0.086	0.077	1.172	1.141
856	3	1.642	1.537	0.204	0.212	0.118	0.122	1.369	1.356
857	3	0.354	0.286	0.026	0.020	0.015	0.012	0.628	0.553
858	3	1.504	1.387	0.205	0.183	0.118	0.106	1.291	1.261
859	3	0.765	0.677	0.070	0.060	0.041	0.035	0.864	0.804
860	3	1.198	1.094	0.068	0.047	0.039	0.027	1.115	1.072
861	3	1.064	0.956	0.008	0.005	0.004	0.003	1.038	0.983
862	3	1.684	1.539	0.057	0.087	0.033	0.050	1.398	1.360
863	3	0.298	0.217	0.091	0.084	0.053	0.048	0.591	0.505
864	3	0.775	0.669	0.038	0.044	0.022	0.026	0.869	0.797
865	3	1.196	1.066	0.096	0.112	0.056	0.065	1.115	1.055
866	3	1.003	0.890	0.201	0.177	0.116	0.102	1.002	0.940
867	3	0.190	0.113	0.058	0.035	0.033	0.020	0.524	0.435
868	3	0.638	0.532	0.063	0.050	0.036	0.029	0.787	0.707
869	3	1.134	0.998	0.072	0.088	0.042	0.051	1.079	1.011
870	3	0.380	0.289	0.048	0.061	0.028	0.035	0.633	0.548
871	3	0.682	0.576	0.105	0.116	0.061	0.067	0.812	0.734
872	3	0.760	0.643	0.068	0.056	0.039	0.032	0.858	0.778
873	3	0.569	0.455	0.030	0.033	0.018	0.019	0.743	0.655
874	3	0.738	0.624	0.034	0.032	0.020	0.019	0.844	0.765
875	3	0.725	0.598	0.045	0.052	0.026	0.030	0.836	0.747
876	3	0.971	0.830	0.005	0.019	0.003	0.011	0.983	0.900
877	3	0.170	0.067	0.007	0.017	0.004	0.010	0.502	0.397
878	3	0.242	0.134	0.101	0.078	0.058	0.045	0.544	0.440
879	3	0.932	0.789	0.144	0.139	0.083	0.080	0.959	0.873
880	3	0.024	0.020	0.033	0.000	0.019	0.000	0.411	0.363
881	3	0.583	0.458	0.016	0.010	0.009	0.006	0.748	0.653
882	3	0.411	0.303	0.003	0.022	0.001	0.013	0.643	0.549
883	3	0.522	0.409	0.076	0.093	0.044	0.054	0.710	0.619
884	3	0.045	0.020	0.007	0.000	0.004	0.000	0.418	0.360
885	3	0.725	0.586	0.141	0.113	0.081	0.065	0.832	0.736
886	3	0.754	0.613	0.144	0.149	0.083	0.086	0.850	0.754
887	3	0.753	0.611	0.155	0.126	0.089	0.073	0.849	0.752
888	3	0.761	0.618	0.081	0.055	0.047	0.032	0.853	0.757
889	3	0.985	0.836	0.016	0.008	0.009	0.004	0.991	0.902
890	3	1.063	0.904	0.073	0.088	0.042	0.051	1.039	0.948
891	3	0.824	0.677	0.172	0.143	0.099	0.082	0.891	0.795
892	3	0.760	0.630	0.010	0.033	0.006	0.019	0.851	0.764
893	3	0.747	0.609	0.018	0.030	0.010	0.017	0.843	0.749
894	3	0.460	0.344	0.092	0.069	0.053	0.040	0.664	0.570
895	3	0.963	0.808	0.072	0.045	0.042	0.026	0.977	0.882
896	3	1.791	1.613	0.186	0.202	0.107	0.117	1.495	1.426
897	3	1.407	1.230	0.240	0.204	0.139	0.118	1.255	1.167
898	3	1.037	0.878	0.049	0.023	0.028	0.013	1.023	0.929
899	3	1.472	1.292	0.159	0.182	0.092	0.105	1.297	1.210
900	3	1.639	1.450	0.017	0.049	0.010	0.028	1.403	1.318
901	3	0.455	0.340	0.026	0.048	0.015	0.028	0.656	0.563
902	3	1.518	1.353	0.053	0.076	0.031	0.044	1.329	1.252
903	3	1.217	1.066	0.029	0.003	0.017	0.002	1.138	1.057
904	3	0.889	0.754	0.029	0.003	0.017	0.002	0.930	0.844
905	3	1.374	1.199	0.132	0.145	0.076	0.084	1.238	1.148
906	3	0.214	0.111	0.052	0.023	0.030	0.014	0.498	0.403
907	7	0.002	0.020	0.000	0.000	0.000	0.000	0.368	0.348
908	7	0.819	0.788	0.531	0.415	0.201	0.157	0.885	0.868
909	7	1.086	1.042	0.303	0.207	0.114	0.078	1.055	1.040
910	7	1.316	1.344	0.161	0.039	0.061	0.015	1.202	1.246
911	7	1.608	1.548	0.382	0.489	0.144	0.185	1.389	1.385
912	7	1.539	1.487	0.064	0.100	0.024	0.038	1.345	1.344
913	7	1.122	0.984	0.020	0.038	0.008	0.014	1.078	1.001
914	7	1.489	1.427	0.110	0.094	0.042	0.035	1.315	1.304
915	7	1.313	1.313	0.180	0.285	0.068	0.108	1.202	1.226
916	7	1.313	1.264	0.321	0.477	0.121	0.180	1.202	1.193
917	7	1.560	1.485	0.154	0.185	0.058	0.070	1.363	1.345
918	7	1.213	1.154	0.152	0.142	0.058	0.054	1.138	1.118
919	7	0.997	0.948	0.132	0.095	0.050	0.036	0.998	0.976
920	7	0.727	0.681	0.187	0.276	0.071	0.104	0.822	0.792
921	7	1.025	1.035	0.096	0.125	0.036	0.047	1.016	1.036
922	7	0.927	0.869	0.168	0.241	0.064	0.091	0.952	0.922
923	7	0.484	0.442	0.163	0.235	0.061	0.089	0.662	0.626
924	7	0.457	0.404	0.108	0.118	0.041	0.045	0.643	0.599
925	7	0.854	0.735	0.145	0.154	0.055	0.058	0.904	0.828
926	7	1.320	1.235	0.242	0.262	0.091	0.099	1.212	1.175
927	7	1.044	0.988	0.234	0.223	0.089	0.084	1.030	1.004
928	7	1.291	1.208	0.184	0.157	0.070	0.059	1.193	1.157
929	7	1.393	1.302	0.210	0.267	0.079	0.101	1.262	1.222
930	7	0.683	0.617	0.170	0.216	0.064	0.082	0.789	0.745
931	7	1.049	0.977	0.149	0.171	0.056	0.065	1.033	0.996
932	7	1.092	1.006	0.348	0.438	0.131	0.165	1.062	1.016
933	7	1.076	0.996	0.365	0.418	0.138	0.158	1.051	1.009
934	7	1.204	1.116	0.416	0.463	0.157	0.175	1.137	1.093
935	7	1.267	1.173	0.315	0.338	0.119	0.128	1.180	1.134
936	7	1.165	1.083	0.292	0.354	0.110	0.134	1.112	1.070
937	7	0.815	0.735	0.262	0.297	0.099	0.112	0.875	0.825
938	7	1.266	1.161	0.160	0.173	0.060	0.065	1.180	1.126
939	7	0.741	0.660	0.103	0.095	0.039	0.036	0.825	0.772
940	7	0.698	0.631	0.098	0.078	0.037	0.029	0.795	0.751
941	7	0.998	0.891	0.090	0.117	0.034	0.044	0.999	0.935
942	7	0.745	0.658	0.258	0.236	0.097	0.089	0.826	0.769
943	7	0.845	0.755	0.285	0.271	0.108	0.102	0.895	0.838
944	7	1.127	1.030	0.653	0.574	0.247	0.217	1.088	1.033
945	7	0.969	0.881	0.452	0.389	0.171	0.147	0.979	0.927
946	7	1.085	0.988	0.396	0.359	0.150	0.136	1.059	1.003
947	7	1.090	1.001	0.565	0.483	0.214	0.183	1.062	1.012
948	7	1.039	0.942	0.316	0.290	0.120	0.110	1.027	0.970
949	7	0.949	0.856	0.212	0.195	0.080	0.074	0.965	0.909
950	7	0.906	0.813	0.321	0.294	0.121	0.111	0.935	0.878
951	7	0.825	0.734	0.244	0.231	0.092	0.087	0.879	0.821
952	7	1.014	0.946	0.664	0.500	0.251	0.189	1.010	0.973
953	7	0.737	0.653	0.171	0.157	0.065	0.059	0.817	0.762
954	7	0.793	0.705	0.190	0.176	0.072	0.067	0.856	0.799
955	7	0.426	0.352	0.086	0.078	0.032	0.029	0.598	0.544
956	7	0.968	0.888	0.438	0.367	0.166	0.139	0.978	0.931
957	7	0.734	0.647	0.169	0.163	0.064	0.062	0.813	0.757
958	7	0.893	0.807	0.206	0.202	0.078	0.076	0.925	0.872
959	7	1.027	0.934	0.376	0.387	0.142	0.146	1.019	0.964
960	7	1.389	1.284	0.267	0.267	0.101	0.101	1.275	1.218
961	7	1.065	0.980	0.237	0.233	0.090	0.088	1.046	0.997
962	7	1.519	1.404	0.159	0.111	0.060	0.042	1.369	1.306
963	7	1.380	1.278	0.211	0.199	0.080	0.075	1.271	1.215
964	7	1.355	1.249	0.219	0.222	0.083	0.084	1.253	1.194
965	7	0.695	0.610	0.158	0.161	0.060	0.061	0.782	0.727
966	7	1.528	1.315	0.500	0.097	0.189	0.037	1.378	1.242
967	7	1.463	1.372	0.128	0.056	0.048	0.021	1.332	1.285
968	7	1.272	1.168	0.248	0.221	0.094	0.084	1.196	1.136
969	7	0.850	0.762	0.253	0.241	0.096	0.091	0.892	0.837
970	7	0.954	0.865	0.249	0.103	0.094	0.039	0.967	0.913
971	7	1.109	1.035	0.410	0.374	0.155	0.141	1.079	1.038
972	7	0.359	0.293	0.188	0.194	0.071	0.073	0.536	0.490
973	7	1.334	1.220	0.473	0.454	0.179	0.172	1.242	1.175
974	7	1.594	1.505	0.415	0.407	0.157	0.154	1.431	1.386
975	7	0.704	0.631	0.180	0.166	0.068	0.063	0.785	0.739
976	7	0.679	0.604	0.126	0.118	0.048	0.045	0.766	0.718
977	7	1.083	1.067	0.104	0.279	0.039	0.105	1.061	1.062
978	7	0.694	0.627	0.140	0.137	0.053	0.052	0.777	0.735
979	7	0.808	0.735	0.184	0.170	0.070	0.064	0.859	0.814
980	7	0.129	0.087	0.100	0.054	0.038	0.020	0.361	0.331
981	7	0.002	0.020	0.000	0.000	0.000	0.000	0.267	0.280
982	7	0.882	0.809	0.343	0.328	0.130	0.124	0.913	0.869
983	7	0.187	0.234	0.029	0.272	0.011	0.103	0.400	0.438
984	7	0.472	0.427	0.272	0.246	0.103	0.093	0.610	0.582
985	7	0.707	0.681	0.442	0.382	0.167	0.144	0.783	0.772
986	7	0.718	0.656	0.246	0.239	0.093	0.090	0.791	0.753
987	10	1.261	1.159	0.260	0.231	0.082	0.073	1.195	1.132
988	10	1.055	0.969	0.315	0.280	0.100	0.088	1.041	0.989
989	10	1.161	1.078	0.197	0.225	0.062	0.071	1.121	1.071
990	10	0.928	0.846	0.231	0.218	0.073	0.069	0.947	0.895
991	10	0.401	0.346	0.253	0.262	0.080	0.083	0.550	0.515
992	10	0.673	0.601	0.272	0.271	0.086	0.086	0.754	0.709
993	10	0.849	0.802	0.221	0.223	0.070	0.070	0.886	0.861
994	10	0.865	0.799	0.240	0.245	0.076	0.077	0.899	0.859
995	10	1.247	1.173	0.313	0.314	0.099	0.099	1.187	1.144
996	10	1.352	1.280	0.274	0.281	0.087	0.089	1.267	1.226
997	14	1.154	1.062	0.312	0.316	0.083	0.084	1.118	1.060
998	14	0.773	0.705	0.213	0.225	0.057	0.060	0.826	0.784
999	14	0.687	0.625	0.312	0.328	0.084	0.088	0.760	0.722
1000	14	1.186	1.120	0.289	0.296	0.077	0.079	1.143	1.105
1001	14	0.729	0.675	0.270	0.259	0.072	0.069	0.792	0.760
1002	14	0.627	0.588	0.277	0.266	0.074	0.071	0.713	0.692
1003	14	0.639	0.607	0.265	0.255	0.071	0.068	0.721	0.706
1004	14	0.799	0.770	0.203	0.196	0.054	0.053	0.845	0.832
1005	14	0.349	0.338	0.310	0.308	0.083	0.082	0.496	0.496
1006	14	0.808	0.765	0.203	0.174	0.054	0.047	0.851	0.829
1007	14	1.166	1.142	0.247	0.265	0.066	0.071	1.129	1.123
1008	14	1.193	1.172	0.322	0.340	0.086	0.091	1.150	1.146
1009	14	0.604	0.603	0.262	0.277	0.070	0.074	0.691	0.701
1010	14	0.824	0.834	0.253	0.254	0.068	0.068	0.863	0.882
1011	14	1.120	1.116	0.368	0.396	0.098	0.106	1.094	1.103
1012	14	1.569	1.579	0.333	0.365	0.089	0.098	1.446	1.468
1013	14	1.333	1.357	0.376	0.405	0.100	0.108	1.262	1.293
1014	14	1.227	1.267	0.288	0.322	0.077	0.086	1.179	1.223
1015	14	1.495	1.527	0.329	0.350	0.088	0.093	1.390	1.428
1016	14	1.458	1.484	0.281	0.297	0.075	0.079	1.361	1.395
1017	14	1.577	1.581	0.316	0.342	0.084	0.091	1.456	1.472
1018	14	1.182	1.220	0.234	0.212	0.062	0.057	1.144	1.186
1019	14	0.326	0.391	0.241	0.256	0.064	0.069	0.467	0.528
1020	14	1.297	1.292	0.569	0.535	0.152	0.143	1.236	1.244
1021	14	1.333	1.369	0.396	0.402	0.106	0.107	1.265	1.306
1022	14	1.082	1.126	0.248	0.225	0.066	0.060	1.065	1.112
1023	14	1.600	1.631	0.283	0.290	0.076	0.077	1.479	1.516
1024	14	1.525	1.564	0.456	0.461	0.122	0.123	1.419	1.462
1025	14	1.434	1.509	0.197	0.227	0.053	0.061	1.347	1.419
1026	14	1.003	1.041	0.380	0.350	0.102	0.094	1.002	1.045
1027	14	1.318	1.361	0.345	0.313	0.092	0.084	1.255	1.302
1028	14	1.113	1.162	0.408	0.375	0.109	0.100	1.091	1.142
1029	14	1.231	1.273	0.477	0.432	0.127	0.115	1.186	1.232
1030	14	1.396	1.487	0.527	0.414	0.141	0.111	1.320	1.405
1031	14	0.982	1.039	0.455	0.416	0.121	0.111	0.986	1.043
1032	14	0.774	0.821	0.294	0.264	0.079	0.070	0.817	0.867
1033	14	0.957	1.003	0.359	0.351	0.096	0.094	0.966	1.014
1034	14	1.319	1.359	0.515	0.444	0.138	0.119	1.259	1.303
1035	14	0.517	0.569	0.223	0.186	0.060	0.050	0.608	0.663
1036	14	0.556	0.611	0.231	0.182	0.062	0.049	0.639	0.697
1037	14	1.307	1.363	0.245	0.223	0.066	0.060	1.250	1.307
1038	14	0.969	0.992	0.233	0.220	0.062	0.059	0.975	1.005
1039	14	1.113	1.155	0.280	0.309	0.075	0.083	1.092	1.138
1040	14	1.209	1.241	0.318	0.346	0.085	0.092	1.171	1.209
1041	14	0.660	0.712	0.264	0.278	0.071	0.074	0.722	0.776
1042	14	1.565	1.604	0.260	0.308	0.070	0.082	1.464	1.506
1043	14	1.336	1.371	0.443	0.457	0.118	0.122	1.277	1.316
1044	14	0.790	0.837	0.307	0.323	0.082	0.086	0.827	0.878
1045	14	0.939	0.988	0.324	0.341	0.087	0.091	0.950	1.002
1046	14	0.438	0.485	0.136	0.135	0.036	0.036	0.537	0.588
1047	14	0.977	1.033	0.234	0.257	0.063	0.069	0.981	1.039
1048	14	0.515	0.562	0.159	0.174	0.042	0.047	0.599	0.651
1049	14	1.457	1.491	0.525	0.555	0.140	0.148	1.379	1.417
1050	14	0.968	1.009	0.204	0.221	0.054	0.059	0.974	1.019
1051	14	1.006	1.048	0.310	0.327	0.083	0.087	1.006	1.051
1052	14	1.495	1.522	0.413	0.415	0.111	0.111	1.413	1.445
1053	14	0.618	0.662	0.251	0.262	0.067	0.070	0.682	0.732
1054	14	1.166	1.195	0.314	0.309	0.084	0.082	1.139	1.174
1055	14	0.936	0.954	0.285	0.298	0.076	0.080	0.947	0.973
1056	14	0.851	0.882	0.291	0.256	0.078	0.068	0.875	0.913
1057	14	0.807	0.842	0.254	0.234	0.068	0.063	0.838	0.880
1058	14	1.256	1.287	0.285	0.274	0.076	0.073	1.215	1.252
1059	14	0.962	0.995	0.273	0.255	0.073	0.068	0.968	1.008
1060	14	1.061	1.094	0.170	0.162	0.045	0.043	1.052	1.090
1061	14	1.226	1.260	0.129	0.140	0.035	0.037	1.191	1.230
1062	14	0.870	0.904	0.200	0.203	0.054	0.054	0.890	0.932
1063	14	1.618	1.646	0.271	0.254	0.073	0.068	1.523	1.555
1064	14	1.506	1.533	0.252	0.235	0.067	0.063	1.429	1.460
1065	14	1.556	1.578	0.314	0.284	0.084	0.076	1.472	1.499
1066	14	1.314	1.338	0.266	0.260	0.071	0.070	1.267	1.297
1067	14	0.844	0.875	0.236	0.237	0.063	0.063	0.868	0.906
1068	14	0.613	0.646	0.224	0.208	0.060	0.056	0.671	0.713
1069	14	1.101	1.128	0.235	0.219	0.063	0.059	1.086	1.120
1070	14	0.901	0.938	0.307	0.268	0.082	0.072	0.916	0.959
1071	14	0.416	0.459	0.228	0.211	0.061	0.056	0.501	0.553
1072	14	1.280	1.296	0.344	0.306	0.092	0.082	1.240	1.264
1073	14	0.599	0.637	0.252	0.245	0.067	0.065	0.656	0.703
1074	14	0.793	0.821	0.306	0.277	0.082	0.074	0.822	0.860
1075	14	1.085	1.109	0.348	0.306	0.093	0.082	1.073	1.105
1076	14	1.015	1.041	0.299	0.262	0.080	0.070	1.013	1.047
1077	14	1.137	1.161	0.231	0.201	0.062	0.054	1.119	1.150
1078	14	1.159	1.184	0.274	0.238	0.073	0.064	1.137	1.169
1079	14	0.970	1.000	0.248	0.224	0.066	0.060	0.974	1.012
1080	14	1.640	1.657	0.307	0.268	0.082	0.072	1.553	1.575
1081	14	0.892	0.922	0.192	0.180	0.051	0.048	0.907	0.945
1082	14	1.398	1.418	0.202	0.206	0.054	0.055	1.346	1.371
1083	14	0.872	0.892	0.183	0.145	0.049	0.039	0.889	0.919
1084	14	1.463	1.478	0.216	0.201	0.058	0.054	1.403	1.424
1085	14	0.371	0.402	0.126	0.112	0.034	0.030	0.453	0.496
1086	14	1.005	1.020	0.192	0.187	0.051	0.050	1.005	1.029
1087	14	1.635	1.654	0.249	0.255	0.067	0.068	1.554	1.578
1088	14	1.368	1.394	0.251	0.259	0.067	0.069	1.322	1.353
1089	14	1.143	1.172	0.174	0.177	0.047	0.047	1.125	1.161
1090	14	0.330	0.357	0.082	0.109	0.022	0.029	0.413	0.454
1091	14	0.504	0.544	0.143	0.127	0.038	0.034	0.566	0.615
1092	14	0.971	0.996	0.165	0.164	0.044	0.044	0.975	1.008
1093	14	0.669	0.705	0.128	0.122	0.034	0.033	0.709	0.755
1094	14	0.853	0.896	0.163	0.154	0.044	0.041	0.871	0.921
1095	14	1.049	1.086	0.251	0.283	0.067	0.076	1.044	1.087
1096	14	1.329	1.359	0.247	0.264	0.066	0.070	1.290	1.326
1097	14	0.879	0.908	0.105	0.108	0.028	0.029	0.894	0.932
1098	14	1.037	1.061	0.093	0.146	0.025	0.039	1.033	1.065
1099	14	0.636	0.669	0.122	0.118	0.033	0.031	0.678	0.721
1100	14	0.905	0.929	0.151	0.151	0.040	0.040	0.916	0.950
1101	14	1.140	1.159	0.169	0.167	0.045	0.045	1.125	1.151
1102	14	1.391	1.417	0.170	0.177	0.045	0.047	1.348	1.379
1103	14	1.284	1.306	0.149	0.148	0.040	0.039	1.253	1.282
1104	14	1.373	1.392	0.164	0.157	0.044	0.042	1.332	1.358
1105	14	1.140	1.161	0.192	0.187	0.051	0.050	1.125	1.155
1106	14	0.654	0.689	0.155	0.154	0.041	0.041	0.691	0.737
1107	14	1.045	1.058	0.108	0.097	0.029	0.026	1.041	1.063
1108	14	1.382	1.390	0.209	0.237	0.056	0.063	1.342	1.358
1109	14	1.048	1.072	0.142	0.165	0.038	0.044	1.043	1.076
1110	14	1.246	1.254	0.220	0.227	0.059	0.061	1.221	1.238
1111	14	1.204	1.214	0.144	0.144	0.038	0.039	1.183	1.203
1112	14	1.518	1.520	0.221	0.224	0.059	0.060	1.466	1.476
1113	14	1.225	1.231	0.164	0.180	0.044	0.048	1.203	1.218
1114	14	1.383	1.386	0.138	0.145	0.037	0.039	1.346	1.357
1115	14	1.273	1.285	0.154	0.158	0.041	0.042	1.246	1.267
1116	14	1.457	1.418	0.198	0.150	0.053	0.040	1.413	1.386
1117	14	1.602	1.570	0.223	0.161	0.060	0.043	1.545	1.523
1118	14	1.230	1.240	0.267	0.245	0.071	0.066	1.208	1.227
1119	14	1.183	1.186	0.181	0.172	0.048	0.046	1.166	1.179
1120	14	1.411	1.430	0.211	0.203	0.056	0.054	1.373	1.399
1121	14	1.133	1.117	0.177	0.161	0.047	0.043	1.121	1.117
1122	14	1.409	1.394	0.258	0.251	0.069	0.067	1.372	1.368
1123	14	0.572	0.567	0.114	0.097	0.030	0.026	0.611	0.621
1124	14	1.617	1.599	0.266	0.257	0.071	0.069	1.563	1.554
1125	14	1.289	1.262	0.208	0.188	0.056	0.050	1.264	1.249
1126	14	0.435	0.442	0.155	0.157	0.041	0.042	0.484	0.506
1127	14	1.285	1.282	0.204	0.188	0.055	0.050	1.261	1.268
1128	14	1.437	1.447	0.227	0.243	0.061	0.065	1.401	1.418
1129	14	1.452	1.435	0.196	0.196	0.052	0.052	1.414	1.408
1130	14	1.260	1.250	0.136	0.133	0.036	0.035	1.239	1.239
1131	14	0.223	0.227	0.114	0.119	0.030	0.032	0.286	0.307
1132	14	0.732	0.740	0.125	0.092	0.033	0.025	0.754	0.775
1133	14	0.405	0.412	0.108	0.104	0.029	0.028	0.452	0.475
1134	14	0.948	0.944	0.111	0.099	0.030	0.026	0.952	0.960
1135	14	0.679	0.676	0.126	0.129	0.034	0.034	0.704	0.715
1136	14	0.925	0.920	0.113	0.093	0.030	0.025	0.931	0.938
1137	14	0.911	0.905	0.170	0.154	0.045	0.041	0.918	0.925
1138	14	0.787	0.788	0.097	0.079	0.026	0.021	0.803	0.817
1139	14	0.952	0.943	0.145	0.139	0.039	0.037	0.956	0.959
1140	14	0.222	0.222	0.154	0.157	0.041	0.042	0.279	0.295
1141	14	0.839	0.832	0.148	0.143	0.040	0.038	0.851	0.857
1142	14	0.978	0.965	0.130	0.119	0.035	0.032	0.980	0.980
1143	14	1.127	1.108	0.115	0.113	0.031	0.030	1.119	1.111
1144	14	0.927	0.922	0.132	0.101	0.035	0.027	0.933	0.939
1145	14	0.996	0.977	0.162	0.149	0.043	0.040	0.997	0.991
1146	14	0.830	0.811	0.084	0.080	0.022	0.022	0.842	0.837
1147	14	0.975	0.961	0.112	0.098	0.030	0.026	0.977	0.975
1148	14	0.854	0.836	0.164	0.155	0.044	0.041	0.864	0.859
1149	16	0.899	0.870	0.136	0.149	0.034	0.037	0.905	0.890
1150	18	0.216	0.161	0.135	0.090	0.032	0.021	0.261	0.226
1151	18	0.407	0.346	0.170	0.102	0.040	0.024	0.441	0.398
1152	18	1.231	1.157	0.164	0.113	0.039	0.027	1.218	1.160
1153	18	1.066	0.988	0.166	0.164	0.039	0.039	1.063	1.001
1154	18	0.683	0.615	0.228	0.199	0.054	0.047	0.700	0.649
1155	18	1.105	1.042	0.350	0.260	0.083	0.061	1.099	1.052
1156	18	0.671	0.599	0.267	0.233	0.063	0.055	0.688	0.634
1157	20	0.982	0.898	0.209	0.215	0.047	0.048	0.983	0.916
1158	19	0.277	0.218	0.290	0.168	0.067	0.038	0.314	0.272
1159	19	0.998	0.946	0.190	0.122	0.044	0.028	0.998	0.961
1160	19	0.843	0.730	0.206	0.163	0.047	0.037	0.851	0.756
1161	19	0.152	0.115	0.115	0.113	0.026	0.026	0.193	0.173
1162	19	0.979	0.919	0.297	0.243	0.068	0.056	0.981	0.935
1163	19	1.150	1.090	0.368	0.299	0.084	0.069	1.144	1.097
1164	19	0.706	0.625	0.208	0.220	0.048	0.050	0.720	0.655
1165	19	1.074	0.997	0.301	0.230	0.069	0.053	1.071	1.009
1166	19	0.208	0.176	0.128	0.143	0.029	0.033	0.243	0.227
1167	19	0.912	0.842	0.257	0.186	0.059	0.043	0.916	0.861
1168	19	0.870	0.803	0.359	0.287	0.082	0.066	0.875	0.824
1169	19	0.434	0.367	0.260	0.209	0.060	0.048	0.458	0.406
1170	19	0.798	0.734	0.135	0.145	0.031	0.033	0.807	0.758
1171	19	0.910	0.846	0.314	0.266	0.072	0.061	0.914	0.864
1172	19	0.692	0.628	0.189	0.184	0.043	0.042	0.704	0.655
1173	19	0.785	0.724	0.172	0.140	0.039	0.032	0.794	0.747
1174	19	0.531	0.482	0.187	0.188	0.043	0.043	0.548	0.513
1175	19	0.396	0.357	0.172	0.149	0.040	0.034	0.418	0.392
1176	19	0.703	0.655	0.195	0.174	0.045	0.040	0.714	0.679
1177	19	0.486	0.452	0.203	0.195	0.047	0.045	0.504	0.484
1178	19	0.878	0.832	0.165	0.155	0.038	0.036	0.882	0.850
1179	19	0.716	0.682	0.144	0.146	0.033	0.033	0.726	0.704
1180	19	1.035	0.989	0.171	0.147	0.039	0.034	1.034	1.002
1181	19	1.166	1.124	0.208	0.187	0.048	0.043	1.161	1.132
1182	19	0.402	0.381	0.220	0.215	0.050	0.049	0.421	0.412
1183	19	0.973	0.935	0.134	0.109	0.031	0.025	0.974	0.949
1184	19	1.188	1.162	0.257	0.251	0.059	0.058	1.182	1.170
1185	19	1.092	1.057	0.194	0.196	0.044	0.045	1.089	1.067
1186	19	0.596	0.584	0.169	0.170	0.039	0.039	0.608	0.607
1187	19	1.048	1.033	0.143	0.138	0.033	0.032	1.047	1.044
1188	19	1.188	1.175	0.158	0.161	0.036	0.037	1.184	1.183
1189	19	1.115	1.093	0.109	0.121	0.025	0.028	1.112	1.103
1190	19	1.243	1.216	0.138	0.154	0.032	0.035	1.238	1.223
1191	19	0.657	0.644	0.206	0.196	0.047	0.045	0.665	0.664
1192	19	1.193	1.174	0.166	0.156	0.038	0.036	1.188	1.183
1193	19	1.111	1.097	0.140	0.143	0.032	0.033	1.109	1.108
1194	19	1.361	1.366	0.359	0.380	0.082	0.087	1.353	1.371
1195	19	1.459	1.446	0.376	0.402	0.086	0.092	1.450	1.450
1196	19	1.150	1.164	0.209	0.243	0.048	0.056	1.148	1.173
1197	19	1.482	1.444	0.447	0.423	0.103	0.097	1.473	1.449
1198	19	1.154	1.155	0.137	0.162	0.031	0.037	1.151	1.165
1199	19	0.895	0.889	0.161	0.157	0.037	0.036	0.897	0.902
1200	20	1.767	1.726	0.560	0.580	0.125	0.130	1.756	1.729
1201	20	1.377	1.358	0.193	0.214	0.043	0.048	1.372	1.366
1202	20	0.968	0.967	0.160	0.172	0.036	0.039	0.969	0.979
1203	20	1.467	1.451	0.262	0.271	0.059	0.061	1.461	1.459
1204	20	1.062	1.061	0.226	0.224	0.051	0.050	1.062	1.072
1205	20	0.779	0.787	0.202	0.199	0.045	0.045	0.782	0.801
1206	20	1.113	1.113	0.276	0.259	0.062	0.058	1.112	1.125
1207	20	0.901	0.905	0.221	0.192	0.049	0.043	0.902	0.918
1208	20	1.016	1.021	0.246	0.219	0.055	0.049	1.016	1.032
1209	20	1.189	1.197	0.096	0.070	0.021	0.016	1.187	1.208
1210	20	1.204	1.216	0.173	0.127	0.039	0.028	1.203	1.227
1211	20	1.151	1.151	0.154	0.133	0.034	0.030	1.150	1.163
1212	20	1.033	1.042	0.230	0.194	0.051	0.043	1.033	1.053
1213	20	0.933	0.941	0.177	0.177	0.040	0.040	0.933	0.952
1214	20	0.999	1.009	0.207	0.207	0.046	0.046	0.999	1.021
1215	20	0.580	0.595	0.192	0.175	0.043	0.039	0.582	0.606
1216	20	0.678	0.685	0.207	0.185	0.046	0.041	0.679	0.696
1217	20	0.264	0.275	0.160	0.153	0.036	0.034	0.267	0.284
1218	20	0.520	0.535	0.211	0.182	0.047	0.041	0.521	0.544
1219	20	0.951	0.957	0.220	0.215	0.049	0.048	0.951	0.969
1220	20	1.031	1.038	0.183	0.156	0.041	0.035	1.031	1.050
1221	20	0.877	0.885	0.161	0.139	0.036	0.031	0.877	0.896
1222	20	0.605	0.619	0.183	0.164	0.041	0.037	0.605	0.628
1223	20	1.218	1.220	0.177	0.178	0.040	0.040	1.218	1.234
1224	20	0.929	0.946	0.114	0.120	0.025	0.027	0.929	0.957
1225	20	0.860	0.869	0.175	0.172	0.039	0.038	0.860	0.880
1226	20	1.088	1.090	0.133	0.129	0.030	0.029	1.088	1.103
1227	20	0.149	0.165	0.108	0.110	0.024	0.025	0.147	0.165
1228	20	1.195	1.204	0.201	0.219	0.045	0.049	1.196	1.219
1229	20	1.027	1.036	0.107	0.122	0.024	0.027	1.027	1.049
1230	20	1.140	1.153	0.137	0.157	0.031	0.035	1.141	1.167
1231	20	1.178	1.192	0.178	0.187	0.040	0.042	1.180	1.207
1232	20	1.112	1.127	0.152	0.162	0.034	0.036	1.113	1.141
1233	20	1.144	1.156	0.181	0.201	0.041	0.045	1.146	1.171
1234	20	0.894	0.909	0.160	0.184	0.036	0.041	0.893	0.919
1235	20	0.899	0.915	0.136	0.139	0.030	0.031	0.899	0.925
1236	20	1.153	1.168	0.181	0.191	0.040	0.043	1.154	1.184
1237	20	1.197	1.211	0.167	0.187	0.037	0.042	1.199	1.227
1238	20	1.564	1.590	0.454	0.491	0.102	0.110	1.570	1.616
1239	20	1.149	1.165	0.181	0.201	0.040	0.045	1.151	1.181
1240	20	0.932	0.951	0.209	0.218	0.047	0.049	0.931	0.961
1241	20	1.462	1.479	0.213	0.231	0.048	0.052	1.467	1.504
1242	20	1.348	1.367	0.110	0.115	0.025	0.026	1.352	1.388
1243	20	0.992	1.008	0.162	0.168	0.036	0.038	0.992	1.020
1244	20	1.131	1.152	0.129	0.135	0.029	0.030	1.133	1.168
1245	20	1.269	1.292	0.147	0.147	0.033	0.033	1.273	1.313
1246	20	0.714	0.736	0.172	0.173	0.038	0.039	0.710	0.740
1247	20	1.235	1.249	0.126	0.143	0.028	0.032	1.239	1.269
1248	20	1.356	1.365	0.250	0.265	0.056	0.059	1.362	1.389
1249	20	1.591	1.617	0.209	0.224	0.047	0.050	1.601	1.649
1250	20	1.014	1.041	0.136	0.139	0.030	0.031	1.014	1.054
1251	20	0.575	0.595	0.143	0.141	0.032	0.031	0.567	0.593
1252	20	1.124	1.140	0.105	0.114	0.024	0.026	1.127	1.157
1253	20	1.343	1.358	0.176	0.179	0.039	0.040	1.350	1.383
1254	20	0.214	0.226	0.132	0.131	0.030	0.029	0.199	0.209
1255	20	1.169	1.185	0.176	0.175	0.039	0.039	1.172	1.204
1256	20	1.016	1.028	0.200	0.195	0.045	0.044	1.016	1.041
1257	20	1.052	1.071	0.186	0.179	0.042	0.040	1.053	1.086
1258	20	0.686	0.708	0.202	0.191	0.045	0.043	0.679	0.708
1259	20	1.439	1.455	0.304	0.269	0.068	0.060	1.449	1.486
1260	20	1.023	1.031	0.203	0.202	0.045	0.045	1.023	1.044
1261	20	0.887	0.905	0.163	0.149	0.036	0.033	0.885	0.912
1262	20	1.209	1.224	0.190	0.178	0.043	0.040	1.215	1.246
1263	20	0.670	0.690	0.251	0.245	0.056	0.055	0.662	0.688
1264	20	1.229	1.236	0.235	0.213	0.052	0.048	1.234	1.259
1265	20	1.107	1.123	0.177	0.171	0.039	0.038	1.110	1.141
1266	20	1.053	1.049	0.300	0.290	0.067	0.065	1.055	1.064
1267	20	1.167	1.172	0.134	0.172	0.030	0.038	1.172	1.193
1268	20	1.381	1.380	0.166	0.162	0.037	0.036	1.391	1.411
1269	20	1.625	1.622	0.161	0.160	0.036	0.036	1.642	1.666
1270	20	1.262	1.274	0.175	0.178	0.039	0.040	1.270	1.300
1271	20	1.795	1.795	0.245	0.247	0.055	0.055	1.818	1.848
1272	20	1.386	1.378	0.239	0.231	0.053	0.052	1.398	1.410
1273	20	1.046	1.058	0.131	0.127	0.029	0.028	1.047	1.073
1274	20	1.091	1.104	0.336	0.330	0.075	0.074	1.094	1.121
1275	20	1.545	1.536	0.252	0.271	0.056	0.061	1.561	1.577
1276	20	0.861	0.881	0.369	0.366	0.082	0.082	0.857	0.886
1277	20	1.144	1.156	0.101	0.127	0.023	0.028	1.149	1.177
1278	20	0.431	0.458	0.159	0.155	0.036	0.035	0.413	0.439
1279	20	0.947	0.963	0.152	0.161	0.034	0.036	0.946	0.972
1280	20	0.601	0.626	0.259	0.257	0.058	0.057	0.589	0.616
1281	20	0.938	0.947	0.194	0.196	0.043	0.044	0.936	0.955
1282	20	0.845	0.861	0.262	0.254	0.059	0.057	0.840	0.865
1283	20	0.263	0.289	0.197	0.195	0.044	0.044	0.238	0.257
1284	20	1.014	1.026	0.186	0.184	0.042	0.041	1.014	1.040
1285	20	0.626	0.643	0.175	0.171	0.039	0.038	0.614	0.632
1286	20	0.627	0.651	0.212	0.217	0.048	0.049	0.614	0.641
1287	20	0.619	0.644	0.118	0.112	0.026	0.025	0.605	0.632
1288	20	0.596	0.622	0.137	0.106	0.031	0.024	0.582	0.609
1289	20	0.652	0.668	0.173	0.154	0.039	0.034	0.639	0.658
1290	20	1.191	1.197	0.180	0.170	0.040	0.038	1.199	1.222
1291	20	0.692	0.717	0.156	0.149	0.035	0.033	0.680	0.710
1292	20	0.677	0.695	0.172	0.165	0.038	0.037	0.665	0.686
1293	20	0.873	0.896	0.094	0.097	0.021	0.022	0.869	0.901
1294	20	0.959	0.977	0.142	0.140	0.032	0.031	0.957	0.987
1295	20	0.391	0.433	0.219	0.228	0.049	0.051	0.367	0.405
1296	20	0.997	1.015	0.158	0.141	0.035	0.031	0.997	1.028
1297	20	0.978	0.991	0.110	0.106	0.025	0.024	0.977	1.002
1298	20	1.184	1.200	0.118	0.127	0.026	0.028	1.192	1.227
1299	20	0.517	0.537	0.106	0.116	0.024	0.026	0.498	0.514
1300	20	1.059	1.072	0.114	0.121	0.025	0.027	1.062	1.090
1301	20	0.891	0.906	0.104	0.087	0.023	0.019	0.886	0.911
1302	20	1.094	1.103	0.113	0.111	0.025	0.025	1.098	1.123
1303	19	1.006	1.025	0.100	0.095	0.023	0.022	1.006	1.038
1304	19	0.802	0.826	0.128	0.136	0.029	0.031	0.794	0.825
1305	19	1.007	1.025	0.115	0.132	0.026	0.030	1.008	1.039
1306	19	0.756	0.782	0.117	0.125	0.027	0.029	0.746	0.777
1307	19	0.626	0.652	0.136	0.136	0.031	0.031	0.610	0.636
1308	19	0.632	0.660	0.246	0.251	0.056	0.057	0.616	0.644
1309	19	0.825	0.850	0.116	0.122	0.027	0.028	0.818	0.850
1310	19	1.284	1.313	0.175	0.188	0.040	0.043	1.297	1.350
1311	19	1.012	1.072	0.164	0.128	0.038	0.029	1.013	1.090
1312	19	1.247	1.285	0.254	0.272	0.058	0.062	1.258	1.321
1313	19	1.339	1.355	0.215	0.222	0.049	0.051	1.355	1.397
1314	19	1.045	1.080	0.130	0.173	0.030	0.040	1.048	1.099
1315	19	1.040	1.074	0.163	0.180	0.037	0.041	1.042	1.092
1316	18	0.381	0.413	0.185	0.178	0.044	0.042	0.354	0.376
1317	18	0.762	0.774	0.134	0.122	0.032	0.029	0.751	0.767
1318	18	1.143	1.173	0.198	0.196	0.047	0.046	1.150	1.200
1319	18	1.209	1.225	0.191	0.195	0.045	0.046	1.219	1.256
1320	18	1.204	1.234	0.272	0.264	0.064	0.062	1.213	1.267
1321	18	1.350	1.368	0.303	0.293	0.071	0.069	1.366	1.412
1322	18	1.025	1.071	0.165	0.186	0.039	0.044	1.027	1.089
1323	18	0.772	0.801	0.119	0.120	0.028	0.028	0.762	0.795
1324	18	0.957	0.985	0.136	0.144	0.032	0.034	0.955	0.996
1325	18	1.415	1.487	0.438	0.409	0.103	0.096	1.435	1.543
1326	18	1.227	1.254	0.254	0.251	0.060	0.059	1.238	1.289
1327	18	1.241	1.277	0.162	0.170	0.038	0.040	1.253	1.315
1328	18	1.047	1.074	0.166	0.164	0.039	0.039	1.049	1.093
1329	18	1.023	1.046	0.157	0.152	0.037	0.036	1.024	1.062
1330	18	1.476	1.508	0.346	0.332	0.082	0.078	1.500	1.567
1331	18	1.388	1.409	0.298	0.282	0.070	0.066	1.407	1.459
1332	18	1.183	1.239	0.244	0.243	0.057	0.057	1.192	1.274
1333	18	1.289	1.309	0.255	0.255	0.060	0.060	1.303	1.350
1334	18	1.433	1.452	0.274	0.272	0.065	0.064	1.455	1.507
1335	18	0.854	0.879	0.124	0.114	0.029	0.027	0.847	0.879
1336	18	1.138	1.159	0.244	0.250	0.057	0.059	1.145	1.186
1337	18	1.431	1.448	0.347	0.339	0.082	0.080	1.453	1.503
1338	18	0.850	0.862	0.153	0.178	0.036	0.042	0.842	0.861
1339	18	1.293	1.320	0.231	0.198	0.055	0.047	1.309	1.364
1340	18	0.984	1.011	0.149	0.138	0.035	0.033	0.984	1.024
1341	18	1.065	1.090	0.150	0.122	0.035	0.029	1.068	1.111
1342	18	1.171	1.187	0.158	0.124	0.037	0.029	1.180	1.218
1343	18	1.004	1.031	0.148	0.130	0.035	0.031	1.004	1.046
1344	18	1.208	1.235	0.208	0.201	0.049	0.047	1.219	1.271
1345	18	1.186	1.218	0.140	0.128	0.033	0.030	1.197	1.252
1346	21	1.160	1.188	0.237	0.221	0.052	0.048	1.169	1.219
1347	21	0.666	0.700	0.260	0.252	0.057	0.055	0.649	0.681
1348	21	1.071	1.103	0.227	0.222	0.050	0.048	1.075	1.125
1349	21	1.077	1.112	0.189	0.196	0.041	0.043	1.081	1.135
1350	21	0.718	0.720	0.285	0.287	0.062	0.063	0.704	0.703
1351	21	0.836	0.866	0.183	0.173	0.040	0.038	0.827	0.864
1352	21	1.021	1.051	0.165	0.166	0.036	0.036	1.022	1.069
1353	21	1.350	1.382	0.323	0.314	0.070	0.069	1.369	1.434
1354	21	1.236	1.247	0.325	0.324	0.071	0.071	1.249	1.285
1355	22	0.881	0.927	0.194	0.187	0.041	0.040	0.875	0.931
1356	22	1.185	1.209	0.303	0.284	0.065	0.060	1.195	1.243
1357	22	1.374	1.393	0.341	0.327	0.073	0.070	1.395	1.447
1358	22	1.497	1.503	0.468	0.450	0.100	0.096	1.525	1.570
1359	22	1.417	1.433	0.420	0.417	0.089	0.089	1.441	1.492
1360	22	0.852	0.882	0.113	0.099	0.024	0.021	0.844	0.881
1361	22	0.835	0.866	0.198	0.182	0.042	0.039	0.826	0.863
1362	22	0.965	0.992	0.257	0.240	0.055	0.051	0.963	1.003
1363	22	0.670	0.704	0.190	0.177	0.040	0.038	0.651	0.683
1364	22	0.763	0.795	0.192	0.167	0.041	0.036	0.749	0.784
1365	22	1.017	1.043	0.232	0.210	0.049	0.045	1.018	1.059
1366	22	1.095	1.120	0.293	0.276	0.062	0.059	1.101	1.146
1367	22	0.974	0.996	0.236	0.227	0.050	0.048	0.973	1.008
1368	22	1.128	1.152	0.147	0.137	0.031	0.029	1.136	1.181
1369	22	1.078	1.111	0.205	0.171	0.044	0.036	1.082	1.136
1370	22	1.357	1.367	0.297	0.276	0.063	0.059	1.378	1.421
1371	22	0.977	0.999	0.201	0.184	0.043	0.039	0.976	1.011
1372	22	1.120	1.142	0.162	0.177	0.035	0.038	1.127	1.171
1373	21	1.225	1.252	0.122	0.144	0.027	0.032	1.239	1.293
1374	21	1.344	1.370	0.271	0.273	0.059	0.060	1.364	1.425
1375	21	0.619	0.649	0.213	0.198	0.046	0.043	0.596	0.620
1376	21	0.762	0.785	0.160	0.144	0.035	0.031	0.748	0.772
1377	21	0.654	0.683	0.201	0.192	0.044	0.042	0.633	0.658
1378	21	1.176	1.185	0.236	0.240	0.052	0.052	1.187	1.219
1379	21	0.908	0.933	0.146	0.152	0.032	0.033	0.903	0.937
1380	21	1.312	1.298	0.246	0.262	0.054	0.057	1.331	1.345
1381	20	1.119	1.149	0.123	0.144	0.028	0.032	1.126	1.179
1382	20	1.199	1.146	0.223	0.147	0.050	0.033	1.211	1.175
1383	20	1.428	1.445	0.280	0.294	0.063	0.066	1.455	1.512
1384	20	1.263	1.285	0.196	0.181	0.044	0.040	1.280	1.332
1385	20	1.078	1.093	0.162	0.176	0.036	0.039	1.083	1.116
1386	20	1.288	1.301	0.320	0.311	0.072	0.069	1.306	1.350
1387	20	1.239	1.252	0.145	0.148	0.032	0.033	1.254	1.295
1388	20	1.418	1.413	0.253	0.239	0.056	0.053	1.445	1.476
1389	20	1.079	1.102	0.173	0.184	0.039	0.041	1.084	1.127
1390	20	0.589	0.618	0.286	0.288	0.064	0.064	0.564	0.583
1391	20	0.930	0.950	0.220	0.227	0.049	0.051	0.926	0.956
1392	20	1.222	1.235	0.160	0.173	0.036	0.039	1.236	1.276
1393	20	0.976	0.993	0.076	0.095	0.017	0.021	0.975	1.004
1394	20	1.282	1.292	0.095	0.115	0.021	0.026	1.300	1.340
1395	19	0.989	1.001	0.145	0.148	0.033	0.034	0.988	1.013
1396	19	0.844	0.859	0.119	0.129	0.027	0.030	0.834	0.853
1397	19	1.051	1.079	0.092	0.110	0.021	0.025	1.054	1.101
1398	19	0.836	0.844	0.139	0.142	0.032	0.033	0.825	0.836
1399	19	0.804	0.814	0.113	0.125	0.026	0.029	0.792	0.802
1400	19	0.893	0.895	0.179	0.175	0.041	0.040	0.886	0.894
1401	19	0.887	0.900	0.184	0.193	0.042	0.044	0.880	0.898
1402	19	0.793	0.800	0.184	0.189	0.042	0.043	0.780	0.786
1403	19	0.673	0.681	0.212	0.212	0.049	0.049	0.652	0.652
1404	19	0.936	0.945	0.106	0.112	0.024	0.026	0.932	0.949
1405	19	0.900	0.900	0.154	0.154	0.035	0.035	0.894	0.899
1406	19	0.978	0.971	0.141	0.159	0.032	0.036	0.977	0.979
1407	19	0.959	0.957	0.220	0.221	0.051	0.051	0.957	0.963
1408	19	0.898	0.899	0.151	0.163	0.035	0.037	0.892	0.898
1409	19	1.215	1.214	0.167	0.139	0.038	0.032	1.229	1.254
1410	19	0.956	0.950	0.170	0.163	0.039	0.037	0.953	0.955
1411	19	0.584	0.590	0.200	0.209	0.046	0.048	0.557	0.548
1412	19	1.144	1.134	0.215	0.181	0.049	0.042	1.154	1.163
1413	17	0.286	0.286	0.154	0.166	0.037	0.040	0.240	0.204
1414	17	1.218	1.205	0.110	0.110	0.027	0.027	1.232	1.243
1415	17	0.763	0.759	0.122	0.134	0.030	0.032	0.748	0.739
1416	17	0.946	0.942	0.099	0.102	0.024	0.025	0.943	0.946
1417	17	1.181	1.165	0.206	0.187	0.050	0.045	1.193	1.199
1418	17	0.852	0.848	0.162	0.180	0.039	0.044	0.843	0.839
1419	17	0.864	0.874	0.107	0.108	0.026	0.026	0.855	0.869
1420	17	0.980	0.965	0.077	0.074	0.019	0.018	0.979	0.973
1421	17	0.806	0.791	0.145	0.146	0.035	0.036	0.794	0.775
1422	17	0.923	0.915	0.117	0.136	0.028	0.033	0.918	0.915
1423	17	0.973	0.957	0.148	0.158	0.036	0.038	0.972	0.963
1424	17	0.952	0.934	0.097	0.094	0.024	0.023	0.950	0.937
1425	17	0.712	0.695	0.132	0.154	0.032	0.037	0.694	0.666
1426	17	1.144	1.133	0.149	0.128	0.036	0.031	1.153	1.163
1427	17	0.970	0.958	0.128	0.134	0.031	0.033	0.968	0.964
1428	17	1.145	1.125	0.147	0.129	0.036	0.031	1.155	1.154
1429	17	1.046	1.019	0.174	0.147	0.042	0.036	1.049	1.033
1430	17	0.900	0.884	0.122	0.130	0.030	0.032	0.894	0.880
1431	17	0.875	0.856	0.152	0.132	0.037	0.032	0.867	0.848
1432	17	1.119	1.091	0.307	0.264	0.074	0.064	1.127	1.115
1433	17	1.115	1.093	0.218	0.198	0.053	0.048	1.122	1.117
1434	17	1.203	1.186	0.226	0.187	0.055	0.045	1.217	1.224
1435	17	1.053	1.053	0.196	0.169	0.048	0.041	1.056	1.072
1436	17	1.178	1.174	0.233	0.183	0.056	0.045	1.191	1.210
1437	17	1.091	1.079	0.186	0.140	0.045	0.034	1.097	1.101
1438	17	0.801	0.790	0.195	0.166	0.047	0.040	0.788	0.773
1439	17	1.011	0.988	0.158	0.127	0.038	0.031	1.012	0.998
1440	17	1.313	1.295	0.200	0.156	0.048	0.038	1.334	1.348
1441	17	1.470	1.450	0.312	0.271	0.076	0.066	1.502	1.525
1442	16	0.889	0.861	0.103	0.129	0.026	0.032	0.882	0.854
1443	15	0.960	0.940	0.134	0.120	0.034	0.031	0.958	0.944
1444	15	1.002	0.983	0.126	0.111	0.032	0.029	1.002	0.993
1445	15	0.731	0.720	0.123	0.117	0.032	0.030	0.714	0.694
1446	15	0.590	0.574	0.160	0.174	0.041	0.045	0.563	0.528
1447	15	0.970	0.941	0.163	0.190	0.042	0.049	0.968	0.945
1448	15	0.810	0.786	0.163	0.182	0.042	0.047	0.798	0.769
1449	15	0.717	0.700	0.151	0.147	0.039	0.038	0.699	0.671
1450	15	0.559	0.543	0.189	0.194	0.049	0.050	0.530	0.492
1451	15	1.016	0.993	0.202	0.223	0.052	0.058	1.018	1.004
1452	13	0.912	0.890	0.143	0.155	0.040	0.043	0.907	0.887
1453	13	0.883	0.864	0.167	0.169	0.046	0.047	0.876	0.857
1454	13	0.847	0.823	0.131	0.144	0.036	0.040	0.837	0.811
1455	10	0.229	0.248	0.222	0.273	0.070	0.086	0.184	0.161
1456	10	0.921	0.899	0.146	0.166	0.046	0.052	0.917	0.897
1457	10	0.402	0.389	0.095	0.103	0.030	0.033	0.367	0.321
1458	10	1.165	1.117	0.213	0.236	0.067	0.075	1.175	1.145
1459	10	0.882	0.869	0.114	0.119	0.036	0.038	0.875	0.864
1460	10	0.867	0.843	0.097	0.117	0.031	0.037	0.859	0.835
1461	10	0.617	0.599	0.128	0.134	0.040	0.042	0.594	0.558
1462	10	1.066	1.043	0.083	0.101	0.026	0.032	1.070	1.061
1463	11	0.927	0.891	0.122	0.150	0.037	0.045	0.922	0.887
1464	11	0.421	0.426	0.157	0.171	0.047	0.052	0.381	0.356
1465	11	0.579	0.592	0.313	0.313	0.095	0.094	0.550	0.546
1466	11	0.912	0.935	0.179	0.238	0.054	0.072	0.906	0.938
1467	11	1.004	0.953	0.114	0.103	0.034	0.031	1.005	0.958
1468	11	0.848	0.812	0.132	0.144	0.040	0.043	0.838	0.797
1469	11	0.908	0.870	0.165	0.124	0.050	0.037	0.902	0.864
1470	11	0.970	0.944	0.166	0.125	0.050	0.038	0.969	0.948
1471	10	0.584	0.551	0.206	0.178	0.065	0.056	0.556	0.498
1472	10	0.800	0.763	0.038	0.045	0.012	0.014	0.786	0.741
1473	11	0.505	0.468	0.139	0.092	0.042	0.028	0.471	0.404
1474	11	0.856	0.827	0.124	0.140	0.037	0.042	0.846	0.814
1475	11	0.594	0.574	0.074	0.146	0.022	0.044	0.567	0.525
1476	11	1.222	1.190	0.164	0.164	0.049	0.050	1.238	1.229
1477	11	1.380	1.338	0.311	0.293	0.094	0.088	1.407	1.398
1478	11	1.051	1.032	0.164	0.143	0.050	0.043	1.055	1.049
1479	11	0.787	0.774	0.192	0.152	0.058	0.046	0.772	0.754
1480	11	0.707	0.698	0.254	0.238	0.077	0.072	0.687	0.667
1481	11	0.741	0.734	0.170	0.145	0.051	0.044	0.723	0.708
1482	11	0.975	0.964	0.120	0.085	0.036	0.026	0.973	0.971
1483	11	0.844	0.842	0.121	0.102	0.036	0.031	0.833	0.831
1484	11	1.427	1.400	0.135	0.100	0.041	0.030	1.457	1.470
1485	11	1.241	1.207	0.250	0.194	0.075	0.058	1.258	1.249
1486	11	1.056	1.047	0.203	0.188	0.061	0.057	1.060	1.066
1487	11	1.204	1.190	0.221	0.227	0.067	0.068	1.218	1.229
1488	11	1.247	1.232	0.330	0.293	0.100	0.088	1.264	1.277
1489	11	1.299	1.290	0.243	0.241	0.073	0.073	1.320	1.344
1490	11	1.233	1.224	0.214	0.218	0.065	0.066	1.250	1.268
1491	11	1.601	1.579	0.235	0.241	0.071	0.073	1.643	1.674
1492	11	1.465	1.440	0.173	0.203	0.052	0.061	1.498	1.515
1493	11	1.308	1.243	0.187	0.200	0.056	0.060	1.329	1.290
1494	14	1.408	1.429	0.285	0.303	0.076	0.081	1.435	1.500
1495	14	0.370	0.394	0.248	0.252	0.066	0.067	0.328	0.321
1496	14	0.844	0.849	0.262	0.251	0.070	0.067	0.834	0.840
1497	14	0.902	0.941	0.241	0.182	0.064	0.049	0.896	0.944
1498	14	1.450	1.422	0.184	0.123	0.049	0.033	1.480	1.493
1499	14	1.011	1.019	0.218	0.235	0.058	0.063	1.012	1.033
1500	14	0.358	0.393	0.169	0.166	0.045	0.044	0.315	0.320
1501	14	0.755	0.767	0.105	0.141	0.028	0.038	0.739	0.746
1502	14	1.053	1.063	0.136	0.172	0.036	0.046	1.057	1.083
1503	14	1.035	1.036	0.136	0.181	0.036	0.048	1.038	1.053
1504	14	1.198	1.208	0.205	0.196	0.055	0.052	1.211	1.249
1505	14	0.881	0.897	0.188	0.200	0.050	0.053	0.874	0.894
1506	14	0.527	0.560	0.156	0.173	0.042	0.046	0.496	0.511
1507	14	1.052	1.059	0.262	0.238	0.070	0.064	1.056	1.079
1508	14	1.077	1.088	0.181	0.179	0.048	0.048	1.082	1.112
1509	14	1.377	1.365	0.138	0.180	0.037	0.048	1.402	1.428
1510	14	1.044	1.046	0.183	0.201	0.049	0.054	1.047	1.064
1511	13	1.513	1.508	0.329	0.316	0.091	0.088	1.550	1.594
1512	13	1.193	1.183	0.136	0.131	0.038	0.036	1.207	1.221
1513	13	1.324	1.288	0.203	0.222	0.056	0.062	1.348	1.342
1514	13	1.433	1.429	0.203	0.216	0.056	0.060	1.464	1.503
1515	13	0.885	0.892	0.076	0.106	0.021	0.029	0.877	0.888
1516	13	0.750	0.799	0.202	0.223	0.056	0.062	0.732	0.782
1517	13	0.841	0.869	0.214	0.223	0.059	0.062	0.829	0.862
1518	13	0.997	1.005	0.132	0.136	0.036	0.038	0.997	1.018
1519	13	1.416	1.422	0.193	0.196	0.054	0.054	1.446	1.494
1520	13	1.636	1.707	0.237	0.335	0.066	0.093	1.682	1.820
1521	13	1.220	1.177	0.250	0.146	0.069	0.040	1.237	1.214
1522	13	0.843	0.879	0.315	0.326	0.087	0.090	0.832	0.873
1523	13	0.900	0.933	0.215	0.216	0.060	0.060	0.893	0.936
1524	13	1.137	1.110	0.174	0.253	0.048	0.070	1.147	1.138
1525	13	1.215	1.231	0.240	0.248	0.066	0.069	1.231	1.276
1526	14	1.390	1.405	0.188	0.198	0.050	0.053	1.418	1.475
1527	14	1.298	1.327	0.188	0.216	0.050	0.058	1.320	1.386
1528	14	0.851	0.905	0.156	0.193	0.042	0.051	0.841	0.903
1529	14	1.179	1.199	0.186	0.181	0.050	0.048	1.192	1.240
1530	14	1.504	1.515	0.225	0.226	0.060	0.060	1.541	1.600
1531	14	1.234	1.255	0.286	0.284	0.076	0.076	1.251	1.303
1532	14	0.315	0.378	0.194	0.208	0.052	0.056	0.266	0.302
1533	14	1.063	1.103	0.213	0.242	0.057	0.065	1.068	1.129
1534	14	0.967	1.002	0.120	0.147	0.032	0.039	0.965	1.014
1535	14	1.144	1.171	0.139	0.148	0.037	0.040	1.154	1.207
1536	14	1.137	1.162	0.150	0.164	0.040	0.044	1.147	1.197
1537	14	1.185	1.224	0.192	0.231	0.051	0.062	1.198	1.267
1538	14	0.690	0.720	0.217	0.234	0.058	0.063	0.668	0.693
1539	14	0.959	0.983	0.220	0.214	0.059	0.057	0.956	0.992
1540	13	1.470	1.462	0.102	0.097	0.028	0.027	1.504	1.539
1541	13	1.109	1.115	0.248	0.240	0.069	0.067	1.117	1.144
1542	13	0.302	0.368	0.267	0.259	0.074	0.072	0.252	0.291
1543	13	1.034	1.043	0.204	0.211	0.057	0.059	1.036	1.060
1544	13	0.822	0.843	0.170	0.168	0.047	0.047	0.810	0.834
1545	13	0.904	0.920	0.140	0.135	0.039	0.038	0.897	0.921
1546	14	0.817	0.842	0.182	0.182	0.049	0.049	0.804	0.831
1547	14	0.669	0.707	0.272	0.253	0.073	0.068	0.645	0.678
1548	14	1.078	1.085	0.206	0.194	0.055	0.052	1.084	1.109
1549	14	0.860	0.897	0.242	0.237	0.065	0.063	0.850	0.894
1550	14	1.485	1.481	0.205	0.205	0.055	0.055	1.521	1.561
1551	14	1.179	1.175	0.267	0.256	0.071	0.068	1.193	1.212
1552	14	1.390	1.382	0.235	0.237	0.063	0.063	1.419	1.448
1553	14	1.613	1.603	0.232	0.215	0.062	0.057	1.659	1.700
1554	14	1.190	1.192	0.384	0.384	0.103	0.103	1.204	1.231
1555	14	1.290	1.318	0.182	0.185	0.049	0.049	1.312	1.374
1556	14	1.460	1.448	0.296	0.264	0.079	0.071	1.495	1.523
1557	14	1.165	1.162	0.142	0.107	0.038	0.029	1.177	1.197
1558	14	0.921	0.928	0.167	0.138	0.045	0.037	0.915	0.929
1559	14	0.979	0.986	0.164	0.131	0.044	0.035	0.978	0.996
1560	14	1.129	1.117	0.150	0.113	0.040	0.030	1.139	1.145
1561	12	0.993	0.982	0.134	0.131	0.039	0.038	0.992	0.992
1562	12	0.426	0.446	0.230	0.222	0.066	0.064	0.383	0.380
1563	12	0.998	1.000	0.229	0.211	0.066	0.061	0.998	1.012
1564	12	1.202	1.184	0.256	0.248	0.074	0.072	1.217	1.221
1565	12	1.133	1.115	0.172	0.199	0.050	0.057	1.143	1.143
1566	12	0.880	0.880	0.090	0.048	0.026	0.014	0.871	0.875
1567	12	0.762	0.751	0.178	0.179	0.052	0.052	0.744	0.728
1568	12	1.243	1.183	0.120	0.162	0.035	0.047	1.261	1.220
1569	12	1.035	1.027	0.107	0.122	0.031	0.035	1.038	1.043
1570	12	1.442	1.404	0.128	0.149	0.037	0.043	1.476	1.472
1571	12	1.498	1.429	0.219	0.221	0.063	0.064	1.535	1.500
1572	11	1.290	1.236	0.149	0.130	0.045	0.039	1.312	1.281
1573	11	0.741	0.726	0.091	0.106	0.028	0.032	0.722	0.700
1574	11	0.886	0.856	0.168	0.147	0.051	0.044	0.878	0.848
1575	11	1.126	1.093	0.128	0.137	0.039	0.041	1.136	1.118
1576	11	0.942	0.910	0.119	0.143	0.036	0.043	0.937	0.910
1577	11	1.035	1.004	0.174	0.185	0.052	0.056	1.037	1.016
1578	11	1.079	1.033	0.177	0.155	0.053	0.047	1.085	1.049
1579	11	0.376	0.366	0.156	0.147	0.047	0.044	0.331	0.292
1580	11	0.403	0.391	0.253	0.259	0.076	0.078	0.359	0.321
1581	10	0.869	0.836	0.164	0.174	0.052	0.055	0.860	0.826
1582	10	0.570	0.536	0.062	0.099	0.020	0.031	0.539	0.486
1583	10	0.433	0.410	0.122	0.123	0.039	0.039	0.391	0.343
1584	10	0.174	0.167	0.123	0.119	0.039	0.038	0.113	0.142
1585	10	0.455	0.443	0.370	0.372	0.117	0.118	0.415	0.381
1586	10	0.723	0.691	0.157	0.162	0.050	0.051	0.703	0.661
1587	10	0.590	0.562	0.205	0.233	0.065	0.074	0.560	0.516
1588	10	0.773	0.749	0.193	0.219	0.061	0.069	0.757	0.728
1589	10	0.531	0.510	0.221	0.219	0.070	0.069	0.497	0.457
1590	10	0.210	0.204	0.116	0.114	0.037	0.036	0.152	0.142
1591	10	1.038	1.010	0.161	0.194	0.051	0.061	1.042	1.024
1592	10	0.787	0.762	0.127	0.150	0.040	0.048	0.771	0.743
1593	10	0.808	0.779	0.081	0.101	0.026	0.032	0.794	0.762
1594	10	1.412	1.422	0.121	0.076	0.038	0.024	1.443	1.489
1595	10	1.242	1.211	0.204	0.264	0.065	0.084	1.260	1.251
1596	11	0.807	0.754	0.108	0.149	0.033	0.045	0.792	0.733
1597	12	0.945	0.929	0.066	0.077	0.019	0.022	0.941	0.931
1598	12	0.774	0.743	0.152	0.205	0.044	0.059	0.757	0.721
1599	12	0.872	0.862	0.155	0.195	0.045	0.056	0.862	0.856
1600	13	0.497	0.507	0.195	0.193	0.054	0.053	0.459	0.454
1601	13	0.949	0.907	0.092	0.119	0.025	0.033	0.946	0.906
1602	13	0.813	0.805	0.059	0.061	0.016	0.017	0.799	0.792
1603	13	0.547	0.539	0.296	0.294	0.082	0.082	0.513	0.491
1604	13	0.927	0.890	0.200	0.250	0.055	0.069	0.922	0.887
1605	13	0.944	0.904	0.222	0.272	0.061	0.075	0.940	0.904
1606	13	0.983	0.929	0.171	0.165	0.047	0.046	0.982	0.932
1607	13	0.646	0.622	0.178	0.161	0.049	0.045	0.619	0.585
1608	13	1.257	1.172	0.182	0.193	0.051	0.053	1.277	1.206
1609	13	1.330	1.265	0.247	0.296	0.068	0.082	1.355	1.311
1610	13	1.442	1.418	0.151	0.161	0.042	0.045	1.475	1.484
1611	13	1.344	1.348	0.230	0.249	0.064	0.069	1.371	1.405
1612	13	1.021	0.978	0.128	0.182	0.036	0.051	1.022	0.987
1613	13	1.244	1.189	0.214	0.173	0.059	0.048	1.262	1.225
1614	14	0.964	0.905	0.297	0.338	0.079	0.090	0.962	0.905
1615	14	1.415	1.444	0.261	0.326	0.070	0.087	1.445	1.510
1616	14	1.438	1.356	0.274	0.258	0.073	0.069	1.469	1.412
1617	14	1.548	1.542	0.199	0.209	0.053	0.056	1.587	1.621
1618	14	1.587	1.617	0.112	0.210	0.030	0.056	1.629	1.705
1619	14	1.230	1.229	0.266	0.283	0.071	0.076	1.247	1.269
1620	14	1.401	1.369	0.236	0.201	0.063	0.054	1.430	1.425
1621	14	1.727	1.683	0.242	0.255	0.065	0.068	1.779	1.778
1622	14	1.201	1.137	0.225	0.292	0.060	0.078	1.216	1.165
1623	14	0.901	0.873	0.393	0.364	0.105	0.097	0.894	0.870
1624	16	0.606	0.595	0.375	0.341	0.094	0.085	0.579	0.559
1625	16	0.826	0.809	0.297	0.275	0.074	0.069	0.814	0.799
1626	16	0.567	0.556	0.250	0.219	0.062	0.055	0.538	0.517
1627	16	0.984	0.932	0.302	0.159	0.076	0.040	0.984	0.936
1628	16	0.913	0.913	0.154	0.186	0.039	0.046	0.908	0.915
1629	16	1.075	1.081	0.251	0.215	0.063	0.054	1.081	1.102
1630	16	1.217	1.219	0.234	0.183	0.059	0.046	1.232	1.256
1631	16	0.841	0.798	0.223	0.199	0.056	0.050	0.831	0.787
1632	16	0.600	0.596	0.377	0.347	0.094	0.087	0.573	0.561
1633	17	1.231	1.182	0.122	0.149	0.030	0.036	1.247	1.215
1634	18	1.328	1.299	0.164	0.171	0.039	0.040	1.352	1.346
1635	18	1.549	1.513	0.442	0.437	0.104	0.103	1.589	1.585
1636	18	0.789	0.755	0.138	0.178	0.033	0.042	0.774	0.739
1637	18	0.895	0.887	0.294	0.289	0.069	0.068	0.888	0.886
1638	18	0.814	0.820	0.275	0.238	0.065	0.056	0.801	0.811
1639	18	0.856	0.861	0.152	0.227	0.036	0.053	0.846	0.857
1640	18	1.062	1.065	0.214	0.216	0.050	0.051	1.067	1.085
1641	19	1.095	1.073	0.218	0.247	0.050	0.057	1.102	1.094
1642	19	1.029	1.042	0.264	0.279	0.061	0.064	1.031	1.058
1643	19	1.205	1.208	0.227	0.203	0.052	0.047	1.220	1.244
1644	19	0.924	0.901	0.318	0.301	0.073	0.069	0.918	0.902
1645	19	0.818	0.819	0.166	0.135	0.038	0.031	0.805	0.810
1646	19	1.457	1.426	0.309	0.362	0.071	0.083	1.491	1.486
1647	19	1.350	1.328	0.235	0.236	0.054	0.054	1.376	1.377
1648	19	0.859	0.853	0.221	0.181	0.051	0.042	0.849	0.848
1649	20	1.469	1.468	0.312	0.325	0.070	0.073	1.503	1.533
1650	20	1.465	1.443	0.303	0.299	0.068	0.067	1.499	1.505
1651	20	1.662	1.593	0.455	0.423	0.102	0.095	1.710	1.671
1652	21	0.587	0.571	0.312	0.312	0.068	0.068	0.558	0.535
1653	21	1.505	1.388	0.338	0.149	0.074	0.032	1.541	1.442
1654	21	0.529	0.521	0.390	0.403	0.085	0.088	0.496	0.480
1655	20	1.287	1.248	0.187	0.181	0.042	0.041	1.307	1.287
1656	20	1.506	1.418	0.281	0.247	0.063	0.055	1.541	1.475
1657	21	0.837	0.799	0.153	0.135	0.033	0.029	0.826	0.789
1658	21	0.653	0.609	0.274	0.250	0.060	0.054	0.629	0.579
1659	21	0.843	0.798	0.207	0.157	0.045	0.034	0.833	0.788
1660	21	0.994	0.954	0.265	0.231	0.058	0.050	0.994	0.961
1661	21	0.950	0.908	0.172	0.208	0.038	0.045	0.946	0.910
1662	21	0.977	0.910	0.158	0.171	0.035	0.037	0.975	0.912
1663	21	0.703	0.649	0.173	0.178	0.038	0.039	0.682	0.624
1664	21	0.559	0.513	0.284	0.287	0.062	0.063	0.528	0.474
1665	21	1.064	1.025	0.212	0.185	0.046	0.040	1.068	1.039
1666	21	0.689	0.643	0.263	0.259	0.057	0.057	0.668	0.617
1667	21	0.602	0.557	0.240	0.239	0.052	0.052	0.575	0.522
1668	21	0.539	0.490	0.217	0.208	0.047	0.045	0.507	0.449
1669	21	0.666	0.607	0.190	0.191	0.041	0.042	0.643	0.578
1670	22	0.731	0.678	0.220	0.246	0.047	0.052	0.712	0.656
1671	22	0.870	0.807	0.179	0.200	0.038	0.043	0.861	0.799
1672	22	0.835	0.784	0.195	0.213	0.042	0.045	0.823	0.773
1673	22	1.272	1.220	0.263	0.246	0.056	0.052	1.291	1.254
1674	21	1.146	1.087	0.203	0.234	0.044	0.051	1.156	1.108
1675	20	1.401	1.311	0.402	0.403	0.090	0.090	1.429	1.354
1676	20	0.710	0.683	0.159	0.214	0.036	0.048	0.691	0.663
1677	20	0.729	0.689	0.279	0.298	0.062	0.067	0.710	0.670
1678	20	1.545	1.456	0.789	0.669	0.176	0.150	1.583	1.513
1679	20	0.914	0.862	0.256	0.212	0.057	0.047	0.909	0.861
1680	20	1.071	1.002	0.261	0.239	0.058	0.053	1.076	1.014
1681	20	1.336	1.246	0.314	0.316	0.070	0.071	1.360	1.282
1682	20	1.477	1.392	0.233	0.245	0.052	0.055	1.510	1.442
1683	21	1.246	1.164	0.297	0.272	0.065	0.059	1.263	1.191
1684	21	0.596	0.550	0.368	0.363	0.080	0.079	0.568	0.519
1685	21	0.002	0.020	0.000	0.000	0.000	0.000	0.000	0.142
1686	21	1.009	0.956	0.207	0.243	0.045	0.053	1.010	0.964
1687	21	0.822	0.764	0.141	0.133	0.031	0.029	0.810	0.753
1688	21	0.920	0.868	0.219	0.261	0.048	0.057	0.915	0.867
1689	21	0.951	0.898	0.235	0.258	0.051	0.056	0.948	0.901
1690	21	1.255	1.207	0.216	0.323	0.047	0.070	1.273	1.238
1691	21	1.052	0.990	0.146	0.181	0.032	0.039	1.056	1.000
1692	21	0.770	0.731	0.187	0.216	0.041	0.047	0.755	0.718
1693	21	1.097	1.021	0.180	0.200	0.039	0.044	1.104	1.035
1694	21	0.671	0.635	0.219	0.230	0.048	0.050	0.649	0.613
1695	20	0.944	0.887	0.161	0.165	0.036	0.037	0.940	0.889
1696	21	0.810	0.767	0.261	0.253	0.057	0.055	0.796	0.758
1697	21	0.816	0.752	0.126	0.140	0.028	0.031	0.804	0.741
1698	21	1.039	0.984	0.150	0.140	0.033	0.031	1.042	0.995
1699	21	1.464	1.395	0.271	0.315	0.059	0.069	1.497	1.444
1700	21	0.840	0.810	0.183	0.198	0.040	0.043	0.829	0.804
1701	21	1.392	1.330	0.223	0.230	0.049	0.050	1.420	1.372
1702	22	0.922	0.903	0.225	0.225	0.048	0.048	0.917	0.906
1703	22	1.128	1.079	0.194	0.202	0.041	0.043	1.138	1.098
1704	22	0.768	0.728	0.166	0.187	0.035	0.040	0.751	0.715
1705	22	1.149	1.097	0.158	0.172	0.034	0.037	1.161	1.118
1706	23	1.236	1.200	0.176	0.178	0.037	0.037	1.254	1.231
1707	23	0.737	0.714	0.196	0.219	0.041	0.046	0.717	0.699
1708	23	0.860	0.820	0.197	0.206	0.041	0.043	0.850	0.815
1709	23	0.885	0.846	0.176	0.151	0.037	0.032	0.876	0.844
1710	23	1.395	1.339	0.206	0.224	0.043	0.047	1.425	1.382
1711	23	1.122	1.072	0.164	0.148	0.034	0.031	1.131	1.091
1712	23	1.329	1.300	0.256	0.277	0.053	0.058	1.355	1.339
1713	23	0.934	0.907	0.179	0.183	0.037	0.038	0.929	0.910
1714	23	0.752	0.731	0.155	0.181	0.032	0.038	0.734	0.718
1715	23	0.967	0.923	0.223	0.206	0.046	0.043	0.965	0.928
1716	23	0.627	0.602	0.200	0.202	0.042	0.042	0.599	0.578
1717	23	0.777	0.745	0.164	0.166	0.034	0.035	0.760	0.734
1718	23	1.003	0.984	0.156	0.159	0.033	0.033	1.004	0.995
1719	23	1.270	1.240	0.384	0.415	0.080	0.086	1.291	1.273
1720	23	1.662	1.594	0.356	0.399	0.074	0.083	1.712	1.658
1721	24	1.360	1.316	0.309	0.355	0.063	0.072	1.388	1.356
1722	24	0.808	0.789	0.219	0.230	0.045	0.047	0.793	0.782
1723	24	1.486	1.435	0.243	0.312	0.050	0.064	1.524	1.486
1724	24	0.533	0.508	0.108	0.128	0.022	0.026	0.497	0.476
1725	24	1.294	1.235	0.215	0.251	0.044	0.051	1.317	1.268
1726	24	1.681	1.642	0.274	0.374	0.056	0.076	1.734	1.711
1727	24	1.258	1.203	0.216	0.238	0.044	0.049	1.278	1.232
1728	24	0.870	0.835	0.238	0.233	0.049	0.048	0.860	0.832
1729	24	0.223	0.216	0.208	0.200	0.042	0.041	0.163	0.160
1730	24	0.851	0.808	0.141	0.169	0.029	0.034	0.840	0.804
1731	24	0.970	0.939	0.108	0.114	0.022	0.023	0.968	0.945
1732	24	0.899	0.863	0.150	0.184	0.031	0.038	0.891	0.863
1733	24	0.695	0.663	0.257	0.260	0.052	0.053	0.672	0.646
1734	24	1.155	1.098	0.162	0.188	0.033	0.038	1.168	1.118
1735	24	0.375	0.351	0.260	0.268	0.053	0.055	0.327	0.308
1736	24	1.013	0.953	0.252	0.262	0.051	0.054	1.014	0.961
1737	24	0.869	0.821	0.136	0.146	0.028	0.030	0.859	0.819
1738	24	0.978	0.926	0.153	0.182	0.031	0.037	0.977	0.931
1739	24	0.969	0.918	0.220	0.246	0.045	0.050	0.967	0.923
1740	24	0.868	0.820	0.192	0.229	0.039	0.047	0.858	0.817
1741	24	1.027	0.970	0.169	0.200	0.034	0.041	1.029	0.980
1742	24	0.791	0.742	0.128	0.162	0.026	0.033	0.775	0.733
1743	24	1.122	1.065	0.111	0.164	0.023	0.033	1.132	1.082
1744	24	1.240	1.181	0.211	0.262	0.043	0.054	1.259	1.208
1745	25	1.195	1.139	0.215	0.252	0.043	0.050	1.211	1.162
1746	25	1.567	1.454	0.327	0.313	0.065	0.063	1.611	1.503
1747	26	2.012	1.886	0.489	0.509	0.096	0.100	2.091	1.969
1748	27	0.649	0.598	0.205	0.233	0.040	0.045	0.621	0.578
1749	27	1.451	1.349	0.304	0.300	0.059	0.058	1.486	1.388
1750	27	1.021	0.971	0.187	0.169	0.036	0.033	1.023	0.981
1751	25	0.967	0.903	0.207	0.228	0.041	0.046	0.965	0.907
1752	25	0.838	0.774	0.180	0.196	0.036	0.039	0.825	0.769
1753	25	0.677	0.623	0.184	0.195	0.037	0.039	0.652	0.605
1754	25	0.922	0.873	0.106	0.149	0.021	0.030	0.916	0.875
1755	25	0.520	0.478	0.300	0.312	0.060	0.062	0.483	0.450
1756	25	0.575	0.523	0.235	0.266	0.047	0.053	0.542	0.499
1757	25	0.498	0.453	0.225	0.231	0.045	0.046	0.460	0.424
1758	25	0.847	0.760	0.138	0.202	0.028	0.040	0.835	0.754
1759	25	0.935	0.858	0.152	0.160	0.030	0.032	0.930	0.859
1760	25	0.872	0.804	0.142	0.139	0.028	0.028	0.863	0.801
1761	25	0.760	0.693	0.251	0.266	0.050	0.053	0.741	0.682
1762	25	1.211	1.127	0.181	0.194	0.036	0.039	1.227	1.148
1763	26	1.055	0.986	0.173	0.194	0.034	0.038	1.060	0.997
1764	26	1.078	0.997	0.197	0.194	0.039	0.038	1.085	1.009
1765	26	0.889	0.821	0.189	0.223	0.037	0.044	0.881	0.820
1766	27	1.483	1.385	0.312	0.303	0.060	0.058	1.521	1.424
1767	27	0.914	0.852	0.230	0.244	0.044	0.047	0.908	0.854
1768	27	1.133	1.087	0.203	0.227	0.039	0.044	1.144	1.105
1769	27	1.311	1.240	0.227	0.251	0.044	0.048	1.336	1.269
1770	27	1.084	1.015	0.154	0.154	0.030	0.030	1.091	1.028
1771	26	1.619	1.529	0.264	0.288	0.052	0.056	1.668	1.577
1772	25	1.299	1.201	0.254	0.263	0.051	0.053	1.322	1.226
1773	25	0.346	0.288	0.134	0.143	0.027	0.029	0.297	0.253
1774	24	1.133	1.054	0.155	0.145	0.032	0.030	1.143	1.069
1775	24	1.031	0.952	0.139	0.190	0.028	0.039	1.033	0.961
1776	24	0.778	0.705	0.120	0.143	0.025	0.029	0.761	0.698
1777	24	0.824	0.740	0.140	0.151	0.029	0.031	0.811	0.735
1778	24	0.505	0.454	0.155	0.183	0.032	0.037	0.468	0.432
1779	24	0.726	0.650	0.130	0.142	0.027	0.029	0.706	0.640
1780	25	0.584	0.513	0.149	0.171	0.030	0.034	0.553	0.495
1781	25	0.923	0.842	0.172	0.187	0.034	0.037	0.918	0.845
1782	25	0.559	0.484	0.159	0.157	0.032	0.031	0.527	0.465
1783	25	1.338	1.215	0.286	0.244	0.057	0.049	1.363	1.240
1784	25	1.055	1.022	0.176	0.238	0.035	0.048	1.059	1.036
1785	25	1.172	1.092	0.195	0.186	0.039	0.037	1.186	1.109
1786	25	0.763	0.693	0.209	0.228	0.042	0.046	0.745	0.686
1787	25	1.270	1.191	0.200	0.189	0.040	0.038	1.290	1.214
1788	26	0.856	0.778	0.192	0.206	0.038	0.040	0.846	0.777
1789	26	0.711	0.640	0.135	0.145	0.026	0.028	0.689	0.631
1790	26	0.782	0.712	0.205	0.196	0.040	0.039	0.766	0.708
1791	27	1.199	1.122	0.220	0.216	0.042	0.042	1.214	1.141
1792	27	1.524	1.433	0.263	0.259	0.051	0.050	1.564	1.470
1793	27	1.329	1.257	0.228	0.224	0.044	0.043	1.354	1.284
1794	27	0.850	0.772	0.286	0.287	0.055	0.055	0.839	0.771
1795	27	0.936	0.864	0.190	0.219	0.037	0.042	0.931	0.868
1796	28	0.895	0.828	0.124	0.155	0.023	0.029	0.887	0.830
1797	28	1.251	1.158	0.278	0.270	0.053	0.051	1.270	1.178
1798	28	1.014	0.944	0.150	0.168	0.028	0.032	1.015	0.953
1799	28	0.901	0.844	0.214	0.230	0.040	0.044	0.894	0.848
1800	28	0.986	0.916	0.116	0.133	0.022	0.025	0.985	0.924
1801	29	0.792	0.724	0.167	0.160	0.031	0.030	0.776	0.722
1802	29	1.201	1.133	0.208	0.222	0.039	0.041	1.217	1.152
1803	29	1.065	1.003	0.143	0.164	0.027	0.031	1.070	1.015
1804	29	1.070	1.009	0.218	0.234	0.040	0.043	1.076	1.021
1805	29	0.590	0.537	0.182	0.192	0.034	0.036	0.560	0.525
1806	29	0.561	0.535	0.120	0.170	0.022	0.032	0.528	0.523
1807	28	0.995	0.926	0.273	0.275	0.052	0.052	0.995	0.934
1808	28	0.691	0.632	0.173	0.176	0.033	0.033	0.668	0.626
1809	28	0.791	0.734	0.187	0.168	0.035	0.032	0.775	0.733
1810	28	0.837	0.787	0.182	0.177	0.034	0.033	0.825	0.788
1811	28	0.987	0.942	0.184	0.164	0.035	0.031	0.987	0.951
1812	28	1.248	1.179	0.248	0.258	0.047	0.049	1.267	1.199
1813	28	0.257	0.227	0.186	0.169	0.035	0.032	0.202	0.204
1814	28	0.898	0.848	0.169	0.179	0.032	0.034	0.891	0.853
1815	28	1.079	1.034	0.140	0.142	0.026	0.027	1.085	1.047
1816	28	1.468	1.399	0.245	0.248	0.046	0.047	1.503	1.429
1817	28	1.591	1.538	0.366	0.411	0.069	0.078	1.635	1.573
1818	30	0.453	0.427	0.211	0.194	0.039	0.035	0.411	0.412
1819	30	0.426	0.382	0.200	0.190	0.036	0.035	0.382	0.366
1820	30	0.480	0.444	0.178	0.186	0.033	0.034	0.441	0.431
1821	30	1.126	1.098	0.325	0.340	0.059	0.062	1.135	1.114
1822	30	0.536	0.502	0.179	0.184	0.033	0.034	0.501	0.492
1823	30	0.469	0.449	0.205	0.193	0.037	0.035	0.429	0.437
1824	30	0.759	0.729	0.177	0.187	0.032	0.034	0.741	0.729
1825	30	1.058	1.029	0.220	0.252	0.040	0.046	1.062	1.042
1826	30	1.234	1.231	0.247	0.278	0.045	0.051	1.252	1.252
1827	30	0.950	0.938	0.196	0.224	0.036	0.041	0.946	0.947
1828	30	1.470	1.458	0.318	0.365	0.058	0.067	1.506	1.489
1829	31	1.151	1.127	0.259	0.288	0.047	0.052	1.163	1.144
1830	33	1.036	1.033	0.252	0.259	0.044	0.045	1.039	1.046
1831	33	1.106	1.112	0.244	0.260	0.042	0.045	1.115	1.128
1832	34	1.232	1.247	0.329	0.344	0.056	0.059	1.250	1.268
1833	34	1.215	1.224	0.244	0.270	0.042	0.046	1.231	1.245
1834	34	0.948	0.989	0.187	0.215	0.032	0.037	0.944	1.000
1835	34	1.050	1.072	0.237	0.256	0.041	0.044	1.054	1.086
1836	34	1.127	1.151	0.195	0.218	0.033	0.037	1.137	1.168
1837	34	1.194	1.224	0.235	0.233	0.040	0.040	1.209	1.244
1838	34	1.439	1.455	0.256	0.295	0.044	0.051	1.473	1.483
1839	34	1.400	1.412	0.234	0.271	0.040	0.047	1.430	1.439
1840	34	1.585	1.603	0.356	0.380	0.061	0.065	1.630	1.636
1841	34	1.626	1.619	0.297	0.274	0.051	0.047	1.674	1.652
1842	36	0.757	0.766	0.166	0.159	0.028	0.026	0.739	0.770
1843	36	1.353	1.359	0.275	0.281	0.046	0.047	1.380	1.383
1844	37	1.243	1.254	0.253	0.243	0.042	0.040	1.261	1.275
1845	37	0.813	0.822	0.264	0.229	0.043	0.038	0.799	0.828
1846	37	0.919	0.941	0.214	0.196	0.035	0.032	0.913	0.951
1847	37	0.205	0.225	0.171	0.166	0.028	0.027	0.145	0.213
1848	37	1.173	1.197	0.227	0.239	0.037	0.039	1.186	1.215
1849	37	1.235	1.269	0.204	0.257	0.034	0.042	1.253	1.289
1850	37	1.327	1.347	0.205	0.245	0.034	0.040	1.351	1.370
1851	39	0.489	0.508	0.231	0.232	0.037	0.037	0.450	0.505
1852	39	1.165	1.176	0.238	0.241	0.038	0.039	1.178	1.194
1853	39	1.334	1.344	0.257	0.271	0.041	0.043	1.359	1.366
1854	39	0.899	0.913	0.220	0.232	0.035	0.037	0.891	0.922
1855	39	1.178	1.188	0.217	0.228	0.035	0.037	1.192	1.205
1856	39	1.391	1.392	0.209	0.246	0.033	0.039	1.421	1.415
1857	39	1.022	1.026	0.303	0.301	0.048	0.048	1.024	1.038
1858	39	1.275	1.272	0.231	0.254	0.037	0.041	1.296	1.291
1859	39	0.878	0.876	0.219	0.208	0.035	0.033	0.869	0.885
1860	39	0.909	0.915	0.203	0.202	0.033	0.032	0.902	0.925
1861	40	0.156	0.171	0.178	0.171	0.028	0.027	0.091	0.161
1862	40	1.161	1.170	0.250	0.275	0.040	0.043	1.174	1.186
1863	40	1.102	1.104	0.264	0.283	0.042	0.045	1.110	1.118
1864	40	0.381	0.399	0.199	0.203	0.031	0.032	0.334	0.396
1865	40	1.100	1.089	0.250	0.263	0.039	0.042	1.108	1.103
1866	41	1.331	1.320	0.222	0.248	0.035	0.039	1.357	1.340
1867	41	1.475	1.475	0.308	0.367	0.048	0.057	1.512	1.499
1868	42	1.324	1.318	0.212	0.231	0.033	0.036	1.349	1.337
1869	42	1.822	1.807	0.377	0.391	0.058	0.060	1.885	1.837
1870	43	0.689	0.682	0.224	0.210	0.034	0.032	0.665	0.687
1871	43	0.734	0.710	0.234	0.211	0.036	0.032	0.713	0.715
1872	43	0.517	0.516	0.185	0.160	0.028	0.024	0.480	0.518
1873	43	0.879	0.870	0.195	0.188	0.030	0.029	0.870	0.879
1874	43	0.909	0.893	0.154	0.168	0.023	0.026	0.902	0.902
1875	43	0.886	0.873	0.185	0.201	0.028	0.031	0.877	0.883
1876	43	0.513	0.514	0.173	0.173	0.026	0.026	0.475	0.516
1877	42	1.405	1.360	0.341	0.346	0.053	0.053	1.437	1.379
1878	42	0.956	0.938	0.209	0.197	0.032	0.030	0.953	0.948
1879	42	0.762	0.747	0.199	0.177	0.031	0.027	0.744	0.754
1880	42	0.823	0.801	0.192	0.192	0.030	0.030	0.810	0.809
1881	42	0.903	0.877	0.199	0.188	0.031	0.029	0.896	0.887
1882	42	0.689	0.686	0.200	0.199	0.031	0.031	0.665	0.693
1883	42	0.502	0.510	0.189	0.194	0.029	0.030	0.463	0.514
1884	42	1.017	1.005	0.142	0.186	0.022	0.029	1.019	1.017
1885	42	1.209	1.195	0.248	0.252	0.038	0.039	1.225	1.210
1886	43	1.136	1.137	0.231	0.237	0.035	0.036	1.147	1.151
1887	43	0.673	0.675	0.241	0.229	0.037	0.035	0.648	0.683
1888	43	1.398	1.375	0.252	0.271	0.038	0.041	1.430	1.392
1889	43	1.152	1.131	0.201	0.186	0.031	0.028	1.164	1.145
1890	43	1.151	1.156	0.210	0.222	0.032	0.034	1.163	1.170
1891	44	1.117	1.125	0.225	0.234	0.034	0.035	1.126	1.139
1892	44	1.113	1.124	0.230	0.254	0.035	0.038	1.122	1.138
1893	44	0.745	0.747	0.230	0.230	0.035	0.035	0.726	0.755
1894	44	0.533	0.537	0.186	0.183	0.028	0.028	0.497	0.543
1895	44	0.737	0.747	0.168	0.176	0.025	0.026	0.717	0.756
1896	44	0.510	0.517	0.194	0.201	0.029	0.030	0.472	0.524
1897	45	0.941	0.936	0.188	0.190	0.028	0.028	0.937	0.948
1898	45	0.982	0.974	0.229	0.210	0.034	0.031	0.981	0.986
1899	45	0.236	0.252	0.188	0.194	0.028	0.029	0.177	0.256
1900	45	0.569	0.572	0.189	0.179	0.028	0.027	0.535	0.580
1901	45	0.811	0.819	0.135	0.129	0.020	0.019	0.797	0.830
1902	45	0.121	0.149	0.126	0.137	0.019	0.020	0.052	0.153
1903	46	0.900	0.904	0.177	0.181	0.026	0.027	0.892	0.915
1904	46	0.198	0.221	0.162	0.163	0.024	0.024	0.136	0.227
1905	46	0.840	0.845	0.176	0.180	0.026	0.026	0.828	0.856
1906	46	1.006	1.047	0.265	0.320	0.039	0.047	1.006	1.059
1907	46	1.506	1.538	0.482	0.538	0.071	0.079	1.545	1.553
1908	46	1.567	1.570	0.499	0.522	0.074	0.077	1.611	1.585
1909	46	1.440	1.479	0.493	0.523	0.073	0.077	1.474	1.494
1910	46	1.269	1.276	0.335	0.328	0.049	0.048	1.290	1.289
1911	46	1.335	1.350	0.350	0.358	0.052	0.053	1.362	1.363
1912	49	1.725	1.766	0.406	0.348	0.058	0.050	1.782	1.781
1913	49	0.899	0.945	0.260	0.218	0.037	0.031	0.891	0.956
1914	49	1.558	1.599	0.407	0.369	0.058	0.053	1.602	1.613
1915	49	1.612	1.632	0.407	0.382	0.058	0.055	1.659	1.646
1916	49	1.484	1.504	0.389	0.379	0.056	0.054	1.521	1.517
1917	52	1.652	1.677	0.328	0.332	0.046	0.046	1.703	1.690
1918	52	0.626	0.681	0.266	0.212	0.037	0.029	0.597	0.692
1919	52	1.326	1.361	0.354	0.334	0.049	0.046	1.352	1.373
1920	52	1.480	1.503	0.343	0.327	0.048	0.045	1.518	1.515
1921	52	1.593	1.617	0.358	0.376	0.050	0.052	1.639	1.629
1922	52	1.393	1.421	0.284	0.274	0.039	0.038	1.424	1.433
1923	52	0.863	0.902	0.220	0.191	0.031	0.026	0.852	0.914
1924	52	1.127	1.167	0.233	0.233	0.032	0.032	1.137	1.179
1925	52	0.797	0.847	0.220	0.213	0.031	0.030	0.781	0.859
1926	52	1.375	1.397	0.325	0.325	0.045	0.045	1.404	1.408
1927	52	1.143	1.172	0.286	0.298	0.040	0.041	1.154	1.183
1928	52	1.309	1.332	0.260	0.253	0.036	0.035	1.333	1.342
1929	52	0.953	0.969	0.250	0.212	0.035	0.029	0.949	0.981
1930	52	1.154	1.164	0.295	0.290	0.041	0.040	1.166	1.175
1931	52	0.989	1.011	0.215	0.222	0.030	0.031	0.989	1.023
1932	52	1.373	1.385	0.304	0.323	0.042	0.045	1.402	1.395
1933	52	0.916	0.932	0.292	0.274	0.040	0.038	0.910	0.944
1934	52	0.488	0.507	0.247	0.233	0.034	0.032	0.449	0.522
1935	52	0.937	0.951	0.195	0.171	0.027	0.024	0.932	0.964
1936	51	0.713	0.736	0.188	0.188	0.026	0.026	0.691	0.750
1937	51	1.153	1.162	0.227	0.208	0.032	0.029	1.165	1.173
1938	51	1.243	1.251	0.236	0.237	0.033	0.033	1.262	1.261
1939	50	0.943	0.952	0.232	0.227	0.033	0.032	0.939	0.964
1940	50	0.836	0.834	0.171	0.165	0.024	0.023	0.823	0.848
1941	48	1.424	1.431	0.318	0.342	0.046	0.049	1.457	1.438
1942	48	1.414	1.402	0.307	0.304	0.044	0.044	1.446	1.409
1943	48	1.140	1.121	0.276	0.277	0.040	0.040	1.150	1.132
1944	48	0.984	0.977	0.187	0.178	0.027	0.026	0.983	0.990
1945	48	0.776	0.770	0.167	0.157	0.024	0.023	0.759	0.784
1946	48	0.459	0.465	0.149	0.159	0.021	0.023	0.418	0.483
1947	48	0.711	0.700	0.175	0.170	0.025	0.024	0.689	0.715
1948	48	0.820	0.811	0.196	0.202	0.028	0.029	0.806	0.825
1949	50	1.080	1.056	0.280	0.299	0.040	0.042	1.086	1.067
1950	51	0.547	0.533	0.203	0.216	0.028	0.030	0.512	0.552
1951	51	0.323	0.329	0.184	0.192	0.026	0.027	0.272	0.350
1952	51	0.976	0.940	0.182	0.201	0.025	0.028	0.974	0.952
1953	51	0.789	0.765	0.167	0.171	0.023	0.024	0.773	0.780
1954	52	0.723	0.695	0.186	0.185	0.026	0.026	0.701	0.712
1955	52	0.668	0.641	0.205	0.190	0.028	0.026	0.643	0.659
1956	51	0.592	0.580	0.164	0.168	0.023	0.024	0.561	0.598
1957	51	0.847	0.826	0.246	0.210	0.034	0.029	0.835	0.841
1958	50	1.151	1.135	0.194	0.183	0.027	0.026	1.163	1.144
1959	50	0.292	0.293	0.160	0.161	0.023	0.023	0.237	0.317
1960	50	1.102	1.086	0.226	0.222	0.032	0.031	1.110	1.096
1961	50	0.881	0.870	0.175	0.161	0.025	0.023	0.872	0.885
1962	50	0.738	0.727	0.180	0.174	0.025	0.025	0.718	0.743
1963	50	0.660	0.650	0.174	0.182	0.025	0.026	0.634	0.668
1964	50	0.682	0.672	0.127	0.153	0.018	0.022	0.657	0.690
1965	50	1.257	1.246	0.210	0.236	0.030	0.033	1.278	1.253
1966	52	1.190	1.185	0.218	0.222	0.030	0.031	1.205	1.193
1967	52	0.723	0.719	0.215	0.216	0.030	0.030	0.702	0.737
1968	52	1.110	1.099	0.235	0.241	0.033	0.033	1.119	1.109
1969	52	1.042	1.038	0.184	0.200	0.025	0.028	1.045	1.049
1970	52	1.214	1.206	0.256	0.246	0.035	0.034	1.231	1.213
1971	52	1.042	1.038	0.245	0.234	0.034	0.032	1.045	1.049
1972	52	0.682	0.690	0.196	0.200	0.027	0.028	0.657	0.709
1973	52	1.339	1.338	0.220	0.254	0.030	0.035	1.365	1.342
1974	52	0.723	0.732	0.190	0.194	0.026	0.027	0.702	0.750
1975	52	1.186	1.200	0.195	0.213	0.027	0.030	1.200	1.207
1976	50	0.995	1.002	0.234	0.223	0.033	0.031	0.995	1.014
1977	50	0.220	0.254	0.173	0.176	0.024	0.025	0.160	0.284
1978	50	1.152	1.170	0.218	0.229	0.031	0.032	1.164	1.178
1979	50	1.418	1.433	0.254	0.279	0.036	0.039	1.451	1.434
1980	50	1.339	1.345	0.335	0.316	0.047	0.045	1.365	1.348
1981	50	0.866	0.879	0.235	0.220	0.033	0.031	0.856	0.894
1982	50	1.374	1.400	0.254	0.245	0.036	0.035	1.403	1.401
1983	50	1.618	1.619	0.397	0.381	0.056	0.054	1.667	1.614
1984	50	1.290	1.320	0.290	0.264	0.041	0.037	1.313	1.323
1985	50	1.458	1.499	0.271	0.247	0.038	0.035	1.494	1.497
1986	50	1.658	1.683	0.360	0.348	0.051	0.049	1.710	1.676
1987	50	1.745	1.773	0.347	0.324	0.049	0.046	1.803	1.762
1988	50	1.728	1.739	0.315	0.310	0.045	0.044	1.785	1.729
1989	50	1.162	1.191	0.203	0.205	0.029	0.029	1.175	1.197
1990	50	0.961	0.978	0.237	0.246	0.033	0.035	0.958	0.990
1991	50	0.929	0.933	0.248	0.222	0.035	0.031	0.924	0.947
1992	50	1.456	1.484	0.277	0.308	0.039	0.044	1.492	1.481
1993	50	1.518	1.535	0.276	0.274	0.039	0.039	1.558	1.530
1994	50	1.149	1.170	0.194	0.233	0.027	0.033	1.161	1.177
1995	50	1.315	1.338	0.221	0.266	0.031	0.038	1.340	1.339
1996	50	0.482	0.510	0.195	0.205	0.028	0.029	0.443	0.538
1997	50	1.447	1.450	0.288	0.310	0.041	0.044	1.482	1.447
1998	50	1.112	1.124	0.193	0.202	0.027	0.029	1.121	1.132
1999	50	1.095	1.112	0.273	0.289	0.039	0.041	1.102	1.120
2000	50	0.928	0.949	0.190	0.217	0.027	0.031	0.923	0.962
2001	50	0.606	0.628	0.117	0.131	0.017	0.019	0.575	0.652
2002	50	0.218	0.241	0.149	0.158	0.021	0.022	0.158	0.280
2003	50	0.675	0.670	0.204	0.175	0.029	0.025	0.651	0.693
2004	50	0.848	0.847	0.220	0.221	0.031	0.031	0.836	0.865
2005	50	0.897	0.887	0.167	0.162	0.024	0.023	0.889	0.903
2006	50	0.544	0.538	0.235	0.233	0.033	0.033	0.509	0.567
2007	50	0.732	0.729	0.175	0.178	0.025	0.025	0.712	0.751
2008	50	0.931	0.904	0.221	0.191	0.031	0.027	0.926	0.919
2009	50	0.892	0.873	0.229	0.199	0.032	0.028	0.884	0.890
2010	46	1.022	1.008	0.234	0.246	0.034	0.036	1.024	1.020
2011	36	0.823	0.785	0.273	0.264	0.046	0.044	0.810	0.806
