# Mesa Verde, Colorado 1,300 Year Moisture Balance Reconstructions
#----------------------------------------------------------------------- 
#                World Data Service for Paleoclimatology, Boulder 
#                                  and 
#                     NOAA Paleoclimatology Program 
#             National Centers for Environmental Information (NCEI)
#----------------------------------------------------------------------- 
# 
# NOTE: Please cite Publication, and Online_Resource and date accessed when using these data. 
# If there is no publication information, please cite Investigators, Title, and Online_Resource and date accessed. 
#
# Online_Resource: https://www.ncdc.noaa.gov/paleo/study/19059 
# Online_Resource: http://www1.ncdc.noaa.gov/pub/data/paleo/treering/reconstructions/northamerica/usa/colorado/mesaverde2015lwcrn.txt
#
# Original_Source_URL: 
# 
# Description/Documentation lines begin with #
# Data lines have no #
#
# Archive: Climate Reconstructions
#
# Parameter_Keywords: 
---------------------
# Contribution_Date
#	Date: 2015-07-21
#--------------------
# Title
#	Study_Name: Mesa Verde, Colorado 1,300 Year Moisture Balance Reconstructions
#--------------------
# Investigators
# 	Investigators: Stahle, D.W.; Edmondson, J.R.; Burns, J.N.; Stahle, D.K.; Burnette, D.J.; Kvamme, E.; Lequesne, C.; Therrell, M.D.
#--------------------
# Description_and_Notes
#	Description: Reconstructions of effective moisture index (difference between total monthly precipitation and potential evapotranspiration, P-PE) 
#	at the Mesa Verde National Park headquarters station for 722 - 2011 AD.  Separate reconstructions of P-PE were computed for cool season (Sept-May) 
#	and early warm season (June-July).  Reconstructions are based on living and remnant wood Douglas-fir tree-ring chronologies from the Mancos River 
#	site.  Total ring width, earlywood width, and latewood width raw measurements are archived in the International Tree-Ring Data Bank, site code CO651. 
#	Chronologies generated with Program  RCSigFree, ER Cook, PJ Krusic, T. Melvin, 3/16/2014
#	Col 10 (SsfStb) is the Signal Free LW width chronology calculated as residuals:
#	AGE-DEPENDENT SPLINE SMOOTHING AND START:  OPT    8   50
#	TUKEY ROBUST BIWEIGHT MEAN CHRONOLOGY CALCULATED, COOK CONVERGENCE CRITERIA USED
#	CONSTANT ADDED TO ALL MEASUREMENTS TO AID CONVERGENCE(?):       0.000
#	THE MEAN ADAPTIVE POWER TRANSFORM POWER APPLIED IS:             0.306
#
#--------------------
# Publication 
#	Authors: Stahle, D.W., J.R. Edmondson, J.N. Burns, D.K. Stahle, D.J. Burnette, E. Kvamme, C. Lequesne, and M.D. Therrell 
#	Published_Date_or_Year: 2015-07-01
#	Published_Title: Bridging the Gap with Subfossil Douglas-fir at Mesa Verde, Colorado
#	Journal_Name: Tree-Ring Research
#	Volume: 71
#	Edition: 
#	Issue: 2
#	Pages: 
#	Report_Number: 
#	DOI: 
#	Online_Resource: 
#	Full_Citation: 
#	Abstract: Old Rocky Mountain Douglas-fir (Pseudotsuga menziesii) trees and remnant "subfossil" logs have been found on the outcrop of a mafic igneous intrusion above the Mancos River Valley near Mesa Verde National Park. These trees and logs have been used to develop earlywood (EW), latewood (LW), and total ring width (TRW) chronologies dating from AD 722-2011. The new chronologies include good series replication during the former chronological "gap" from AD 1250 to 1400, which was so problematic for the initial development of the "Central Pueblo" chronology by A. E. Douglas. Discrete reconstructions of the cool-season (September-May) and early warm-season (June-July) moisture balance for Mesa Verde have been derived from the EW and adjusted LW width chronologies from the Mancos Valley. Cool-season drought is estimated to have been more severe and sustained than early warm-season conditions during the "Great Drought" of the late-13th Century when southwestern Colorado was depopulated. The combined archaeological, subfossil, and living tree chronologies of EW, LW, and TRW for the Mancos River and Mesa Verde Douglas-fir now date from AD 480-2011.
#------------------
# Funding_Agency 
#	Funding_Agency_Name: US National Science Foundation
#	Grant: AGS-1266014
#------------------
# Funding_Agency 
#	Funding_Agency_Name: US National Oceanic and Atmospheric Administration
#	Grant: NA08OAR4310727, DEB-0816400
#------------------
# Site_Information 
#	Site_Name: Mesa Verde
#	Location: North America>United States Of America>Colorado
#	Country: United States Of America
#	Northernmost_Latitude: 37.2
#	Southernmost_Latitude: 37.2
#	Easternmost_Longitude: -108.5
#	Westernmost_Longitude: -108.5
#	Elevation: 2139 m  
#------------------
# Data_Collection   
#	Collection_Name: MesaVerde2015LW
#	Earliest_Year: 722
#	Most_Recent_Year: 2011 
#	Time_Unit:  AD
#	Core_Length: m
#	Notes: 
#------------------
# Species 
#	Species_Name: Pseudotsuga menziesii
#	Common_Name: Douglas-fir
#	Tree_Species_Code: PSME
#------------------
# Chronology_Information
#	Chronology: 
# 	
#----------------	
# Variables 
#
# Data variables follow are preceded by "##" in columns one and two.
# Data line variables format:  Variables list, one per line, shortname-tab-longname-tab-longname components (9 components: what, material, error, units, seasonality, archive, detail, method, C or N for Character or Numeric data) 
#
## age_AD	age, , , AD, , , , ,N
## trsgi.spd	Tree Ring Standardized Growth Index Sample Depth, , , , , tree ring, , ,N 
## trsgi	Tree Ring Standardized Growth Index, , , , , tree ring, , RCSigFree,N 
## SsfCrn	SsfCrn Tree Ring Index, , , , , tree ring, , RCSigFree,N 
## StdSig	StdSig Tree Ring Index, , , , , tree ring, , RCSigFree,N 
## SsfSig	SsfSig Tree Ring Index, , , , , tree ring, , RCSigFree,N 
## StdSee	StdSee Tree Ring Index, , , , , tree ring, , RCSigFree,N 
## SsfSee	SsfSee Tree Ring Index, , , , , tree ring, , RCSigFree,N 
## StdStb	StdStb Tree Ring Index, , , , , tree ring, , RCSigFree,N 
## SsfStb	SsfStb Tree Ring Index, , , , , tree ring, , RCSigFree,N 
#
#----------------
# Data:
# Data lines follow (have no #)
# Data line format - tab-delimited text, variable short name as header
# Missing Values: 
# Mancos River latewood signal-free chronologies
#
age_AD	trsgi.spd	trsgi	SsfCrn	StdSig	SsfSig	StdSee	SsfSee	StdStb	SsfStb
722	2	0.881	0.852	0.109	0.112	0.077	0.079	0.942	0.885
723	2	0.950	0.922	0.193	0.196	0.137	0.138	0.976	0.938
724	2	0.544	0.519	0.026	0.024	0.019	0.017	0.776	0.629
725	2	0.760	0.736	0.243	0.245	0.172	0.173	0.882	0.795
726	2	0.881	0.858	0.024	0.027	0.017	0.019	0.942	0.889
727	3	0.985	0.965	0.071	0.100	0.041	0.058	0.993	0.969
728	3	0.936	0.914	0.053	0.049	0.031	0.028	0.967	0.928
729	3	0.816	0.796	0.038	0.034	0.022	0.019	0.904	0.831
730	3	1.140	1.123	0.030	0.034	0.017	0.020	1.074	1.098
731	3	1.210	1.210	0.043	0.065	0.025	0.038	1.111	1.169
732	3	1.113	1.113	0.143	0.122	0.083	0.070	1.060	1.090
733	3	1.156	1.141	0.035	0.012	0.020	0.007	1.082	1.113
734	3	0.816	0.805	0.127	0.109	0.074	0.063	0.903	0.838
735	3	1.013	1.003	0.099	0.083	0.057	0.048	1.007	1.000
736	3	1.164	1.164	0.187	0.204	0.108	0.118	1.087	1.132
737	3	1.084	1.085	0.038	0.023	0.022	0.013	1.045	1.067
738	3	0.627	0.629	0.041	0.053	0.024	0.030	0.803	0.693
739	3	0.831	0.832	0.369	0.380	0.213	0.219	0.911	0.860
740	3	0.941	0.943	0.110	0.120	0.064	0.069	0.969	0.951
741	3	1.288	1.289	0.118	0.126	0.068	0.073	1.153	1.236
742	3	0.820	0.823	0.032	0.039	0.018	0.023	0.905	0.852
743	3	1.191	1.188	0.133	0.126	0.077	0.073	1.102	1.153
744	3	0.955	0.954	0.050	0.044	0.029	0.026	0.976	0.960
745	3	0.994	0.997	0.062	0.066	0.036	0.038	0.997	0.995
746	3	1.491	1.493	0.293	0.296	0.169	0.171	1.262	1.405
747	3	1.035	1.039	0.157	0.153	0.091	0.089	1.019	1.030
748	3	0.819	0.822	0.058	0.060	0.034	0.035	0.904	0.850
749	3	1.069	1.071	0.002	0.002	0.001	0.001	1.037	1.057
750	3	1.074	1.078	0.175	0.175	0.101	0.101	1.040	1.063
751	3	0.588	0.593	0.035	0.035	0.020	0.020	0.779	0.660
752	3	1.179	1.183	0.037	0.038	0.021	0.022	1.096	1.150
753	3	1.368	1.373	0.112	0.113	0.064	0.065	1.198	1.308
754	3	1.032	1.037	0.085	0.085	0.049	0.049	1.017	1.029
755	3	0.995	1.001	0.046	0.047	0.026	0.027	0.998	0.999
756	3	1.057	1.064	0.215	0.216	0.124	0.125	1.031	1.051
757	3	0.604	0.612	0.103	0.099	0.059	0.057	0.787	0.674
758	3	1.028	1.037	0.101	0.102	0.058	0.059	1.015	1.028
759	3	0.961	0.969	0.077	0.073	0.044	0.042	0.979	0.972
760	3	0.805	0.815	0.091	0.089	0.053	0.051	0.895	0.843
761	3	1.089	1.097	0.189	0.184	0.109	0.106	1.049	1.079
762	3	1.081	1.089	0.232	0.226	0.134	0.131	1.044	1.073
763	3	0.775	0.789	0.095	0.092	0.055	0.053	0.878	0.820
764	3	1.125	1.134	0.048	0.051	0.027	0.029	1.068	1.111
765	3	1.053	1.062	0.206	0.209	0.119	0.121	1.029	1.050
766	3	1.438	1.450	0.015	0.017	0.009	0.010	1.239	1.376
767	3	0.807	0.818	0.013	0.007	0.008	0.004	0.895	0.845
768	3	1.041	1.056	0.361	0.357	0.208	0.206	1.023	1.045
769	3	1.157	1.173	0.008	0.014	0.004	0.008	1.086	1.143
770	3	0.708	0.720	0.020	0.013	0.011	0.008	0.841	0.762
771	3	0.875	0.890	0.044	0.040	0.025	0.023	0.932	0.904
772	3	1.095	1.112	0.032	0.036	0.018	0.021	1.053	1.092
773	3	0.901	0.916	0.002	0.005	0.001	0.003	0.946	0.927
774	3	0.986	0.999	0.092	0.098	0.053	0.057	0.993	0.997
775	3	0.300	0.319	0.293	0.286	0.169	0.165	0.615	0.420
776	3	0.883	0.901	0.011	0.008	0.006	0.004	0.936	0.913
777	3	0.851	0.865	0.039	0.032	0.022	0.018	0.918	0.883
778	3	0.556	0.573	0.061	0.057	0.035	0.033	0.755	0.634
779	3	0.784	0.799	0.194	0.186	0.112	0.107	0.881	0.826
780	3	0.768	0.787	0.070	0.077	0.040	0.044	0.872	0.816
781	3	0.608	0.628	0.191	0.194	0.110	0.112	0.783	0.680
782	3	0.433	0.453	0.153	0.156	0.088	0.090	0.686	0.531
783	3	0.862	0.876	0.093	0.099	0.054	0.057	0.924	0.892
784	3	1.139	1.158	0.150	0.143	0.086	0.082	1.078	1.133
785	3	1.506	1.519	0.079	0.085	0.046	0.049	1.282	1.442
786	3	1.146	1.160	0.338	0.330	0.195	0.191	1.082	1.135
787	3	1.413	1.431	0.170	0.175	0.098	0.101	1.231	1.367
788	3	1.104	1.122	0.261	0.257	0.151	0.148	1.058	1.103
789	3	1.778	1.795	0.203	0.209	0.117	0.121	1.435	1.681
790	3	1.121	1.139	0.004	0.001	0.003	0.001	1.068	1.117
791	3	1.455	1.468	0.032	0.035	0.019	0.020	1.255	1.401
792	3	1.365	1.380	0.126	0.128	0.073	0.074	1.205	1.326
793	3	1.421	1.434	0.081	0.075	0.047	0.043	1.236	1.372
794	3	1.599	1.615	0.180	0.185	0.104	0.107	1.337	1.529
795	3	1.118	1.132	0.068	0.073	0.039	0.042	1.067	1.112
796	3	1.180	1.197	0.069	0.074	0.040	0.043	1.102	1.168
797	3	0.738	0.752	0.053	0.048	0.031	0.028	0.853	0.783
798	3	1.191	1.204	0.032	0.034	0.018	0.020	1.108	1.175
799	3	1.078	1.094	0.083	0.087	0.048	0.050	1.044	1.079
800	3	1.591	1.605	0.157	0.162	0.091	0.093	1.334	1.524
801	3	1.341	1.356	0.080	0.075	0.046	0.043	1.193	1.307
802	3	1.372	1.385	0.147	0.148	0.085	0.086	1.211	1.333
803	3	1.560	1.573	0.086	0.090	0.050	0.052	1.318	1.497
804	3	1.662	1.675	0.308	0.312	0.178	0.180	1.376	1.586
805	3	1.517	1.530	0.200	0.198	0.116	0.114	1.294	1.460
806	3	1.132	1.142	0.022	0.018	0.013	0.010	1.075	1.122
807	3	1.060	1.071	0.123	0.125	0.071	0.072	1.034	1.059
808	3	0.635	0.647	0.117	0.114	0.068	0.066	0.792	0.689
809	3	0.339	0.351	0.018	0.017	0.011	0.010	0.624	0.430
810	3	1.303	1.314	0.067	0.071	0.039	0.041	1.173	1.273
811	3	0.965	0.976	0.064	0.063	0.037	0.036	0.980	0.976
812	3	1.205	1.215	0.073	0.072	0.042	0.041	1.118	1.187
813	3	1.255	1.265	0.229	0.227	0.132	0.131	1.147	1.230
814	3	1.217	1.227	0.096	0.093	0.055	0.053	1.125	1.197
815	3	1.224	1.234	0.047	0.044	0.027	0.025	1.129	1.204
816	3	1.104	1.111	0.165	0.167	0.095	0.097	1.060	1.096
817	3	1.009	1.016	0.365	0.363	0.211	0.210	1.005	1.012
818	3	0.854	0.862	0.022	0.025	0.013	0.015	0.917	0.876
819	3	0.359	0.369	0.534	0.545	0.308	0.315	0.631	0.440
820	3	1.550	1.556	0.048	0.046	0.028	0.026	1.318	1.490
821	3	1.416	1.422	0.044	0.043	0.025	0.025	1.241	1.372
822	3	1.062	1.067	0.086	0.089	0.050	0.051	1.036	1.057
823	3	0.514	0.520	0.190	0.187	0.110	0.108	0.719	0.572
824	3	0.788	0.794	0.150	0.147	0.086	0.085	0.877	0.815
825	3	1.033	1.037	0.095	0.095	0.055	0.055	1.019	1.031
826	3	1.168	1.172	0.182	0.180	0.105	0.104	1.098	1.151
827	3	0.791	0.796	0.113	0.113	0.065	0.065	0.879	0.816
828	3	1.153	1.156	0.041	0.042	0.024	0.024	1.089	1.137
829	3	0.777	0.780	0.092	0.093	0.053	0.054	0.870	0.801
830	3	0.716	0.720	0.168	0.167	0.097	0.096	0.835	0.747
831	3	1.085	1.087	0.039	0.040	0.023	0.023	1.050	1.075
832	3	1.001	1.003	0.077	0.076	0.044	0.044	1.001	1.001
833	3	1.022	1.023	0.006	0.007	0.003	0.004	1.013	1.018
834	3	0.947	0.949	0.057	0.056	0.033	0.032	0.969	0.952
835	3	0.704	0.706	0.049	0.048	0.028	0.028	0.827	0.734
836	3	1.118	1.118	0.036	0.037	0.021	0.021	1.070	1.104
837	3	0.723	0.724	0.055	0.056	0.032	0.032	0.837	0.750
838	3	0.866	0.867	0.084	0.083	0.048	0.048	0.922	0.878
839	3	0.894	0.894	0.050	0.049	0.029	0.028	0.938	0.902
840	3	0.700	0.700	0.139	0.139	0.080	0.080	0.824	0.727
841	3	0.882	0.881	0.056	0.055	0.032	0.032	0.931	0.890
842	3	0.743	0.743	0.193	0.192	0.111	0.111	0.849	0.765
843	3	0.905	0.903	0.093	0.093	0.054	0.054	0.944	0.911
844	3	0.732	0.730	0.176	0.176	0.102	0.102	0.841	0.754
845	3	0.892	0.890	0.105	0.106	0.061	0.061	0.936	0.898
846	3	0.864	0.862	0.288	0.287	0.166	0.166	0.920	0.873
847	3	0.613	0.611	0.077	0.078	0.045	0.045	0.770	0.645
848	3	0.795	0.792	0.166	0.165	0.096	0.095	0.878	0.809
849	3	0.897	0.894	0.147	0.148	0.085	0.085	0.939	0.901
850	3	0.906	0.903	0.253	0.252	0.146	0.146	0.944	0.909
851	3	1.286	1.282	0.038	0.039	0.022	0.023	1.172	1.254
852	3	1.151	1.146	0.051	0.050	0.030	0.029	1.091	1.131
853	3	1.121	1.116	0.048	0.048	0.028	0.028	1.073	1.104
854	3	1.247	1.243	0.170	0.170	0.098	0.098	1.149	1.220
855	3	1.175	1.170	0.052	0.053	0.030	0.030	1.105	1.153
856	3	1.260	1.254	0.091	0.090	0.052	0.052	1.156	1.231
857	3	0.761	0.757	0.144	0.145	0.083	0.084	0.857	0.775
858	3	1.305	1.299	0.190	0.191	0.110	0.110	1.184	1.272
859	3	0.991	0.985	0.228	0.227	0.132	0.131	0.995	0.984
860	3	1.157	1.151	0.032	0.030	0.018	0.017	1.096	1.137
861	3	0.931	0.926	0.004	0.005	0.002	0.003	0.959	0.930
862	3	1.242	1.235	0.084	0.083	0.049	0.048	1.147	1.215
863	3	0.741	0.735	0.025	0.026	0.014	0.015	0.844	0.754
864	3	0.892	0.886	0.143	0.143	0.083	0.082	0.935	0.893
865	3	1.091	1.084	0.152	0.153	0.088	0.088	1.056	1.075
866	3	0.880	0.875	0.071	0.069	0.041	0.040	0.928	0.882
867	3	0.708	0.703	0.035	0.035	0.020	0.020	0.823	0.723
868	3	0.938	0.931	0.005	0.007	0.003	0.004	0.962	0.934
869	3	0.810	0.803	0.044	0.042	0.025	0.025	0.884	0.815
870	3	0.900	0.893	0.196	0.197	0.113	0.114	0.939	0.899
871	3	0.903	0.896	0.173	0.171	0.100	0.099	0.941	0.901
872	3	0.927	0.920	0.100	0.098	0.058	0.057	0.956	0.923
873	3	0.798	0.792	0.001	0.001	0.000	0.000	0.877	0.804
874	3	0.882	0.876	0.133	0.131	0.077	0.076	0.928	0.882
875	3	0.906	0.899	0.071	0.071	0.041	0.041	0.942	0.904
876	3	0.861	0.855	0.194	0.194	0.112	0.112	0.915	0.862
877	3	0.671	0.665	0.048	0.050	0.028	0.029	0.797	0.684
878	3	0.859	0.851	0.129	0.130	0.074	0.075	0.913	0.859
879	3	1.027	1.020	0.319	0.320	0.184	0.185	1.017	1.017
880	3	0.033	0.028	0.046	0.035	0.026	0.020	0.401	0.086
881	3	0.847	0.840	0.044	0.043	0.025	0.025	0.906	0.848
882	3	0.843	0.836	0.035	0.035	0.020	0.020	0.903	0.844
883	3	0.906	0.900	0.211	0.209	0.122	0.121	0.942	0.903
884	3	0.043	0.038	0.061	0.050	0.035	0.029	0.405	0.092
885	3	0.911	0.904	0.211	0.209	0.122	0.121	0.945	0.907
886	3	1.001	0.993	0.003	0.001	0.002	0.001	1.001	0.991
887	3	0.944	0.936	0.042	0.040	0.024	0.023	0.966	0.938
888	3	1.023	1.015	0.079	0.077	0.045	0.044	1.015	1.012
889	3	0.988	0.980	0.010	0.012	0.006	0.007	0.993	0.979
890	3	0.971	0.963	0.218	0.219	0.126	0.127	0.982	0.963
891	3	0.923	0.916	0.114	0.114	0.066	0.066	0.952	0.918
892	3	0.868	0.860	0.040	0.038	0.023	0.022	0.917	0.865
893	3	0.843	0.836	0.114	0.115	0.066	0.067	0.901	0.842
894	3	0.867	0.861	0.171	0.170	0.099	0.098	0.917	0.865
895	3	1.152	1.144	0.040	0.037	0.023	0.022	1.097	1.134
896	3	1.236	1.228	0.036	0.038	0.021	0.022	1.150	1.216
897	3	1.164	1.157	0.186	0.187	0.107	0.108	1.105	1.148
898	3	1.126	1.118	0.012	0.010	0.007	0.006	1.081	1.111
899	3	1.278	1.271	0.179	0.180	0.103	0.104	1.177	1.257
900	3	1.219	1.210	0.340	0.337	0.196	0.194	1.140	1.199
901	3	1.010	1.003	0.416	0.413	0.240	0.239	1.007	1.001
902	3	1.316	1.308	0.052	0.050	0.030	0.029	1.202	1.293
903	3	0.836	0.830	0.162	0.161	0.094	0.093	0.896	0.835
904	3	1.102	1.096	0.024	0.024	0.014	0.014	1.066	1.090
905	3	0.997	0.990	0.354	0.352	0.204	0.203	0.999	0.988
906	3	0.893	0.887	0.537	0.537	0.310	0.310	0.932	0.889
907	7	0.591	0.607	0.458	0.474	0.173	0.179	0.741	0.624
908	7	1.004	1.013	0.109	0.097	0.041	0.037	1.003	1.010
909	7	1.014	1.054	0.229	0.177	0.087	0.067	1.009	1.049
910	7	1.273	1.285	0.178	0.190	0.067	0.072	1.174	1.269
911	7	1.417	1.427	0.335	0.351	0.127	0.133	1.266	1.405
912	7	1.407	1.416	0.221	0.226	0.083	0.085	1.260	1.395
913	7	1.148	1.154	0.251	0.258	0.095	0.097	1.095	1.146
914	7	1.210	1.217	0.136	0.143	0.051	0.054	1.135	1.205
915	7	1.148	1.147	0.237	0.221	0.090	0.084	1.095	1.139
916	7	1.142	1.147	0.154	0.160	0.058	0.060	1.091	1.139
917	7	1.225	1.223	0.136	0.147	0.051	0.055	1.145	1.212
918	7	1.113	1.117	0.106	0.110	0.040	0.041	1.073	1.111
919	7	0.920	0.921	0.084	0.079	0.032	0.030	0.949	0.922
920	7	0.878	0.874	0.250	0.255	0.094	0.096	0.922	0.876
921	7	0.868	0.871	0.104	0.095	0.039	0.036	0.915	0.873
922	7	0.861	0.862	0.136	0.133	0.052	0.050	0.910	0.864
923	7	0.693	0.694	0.122	0.118	0.046	0.044	0.801	0.702
924	7	0.595	0.599	0.162	0.152	0.061	0.057	0.738	0.610
925	7	0.933	0.934	0.203	0.201	0.077	0.076	0.957	0.934
926	7	1.150	1.151	0.196	0.195	0.074	0.074	1.098	1.144
927	7	0.919	0.918	0.125	0.124	0.047	0.047	0.948	0.919
928	7	1.046	1.045	0.144	0.140	0.055	0.053	1.031	1.042
929	7	1.097	1.095	0.082	0.080	0.031	0.030	1.064	1.090
930	7	0.884	0.883	0.070	0.073	0.027	0.027	0.924	0.884
931	7	1.036	1.033	0.160	0.159	0.060	0.060	1.024	1.030
932	7	1.009	1.003	0.189	0.189	0.072	0.072	1.006	1.001
933	7	1.037	1.034	0.199	0.200	0.075	0.076	1.024	1.031
934	7	0.940	0.938	0.157	0.158	0.059	0.060	0.961	0.937
935	7	1.064	1.062	0.149	0.149	0.056	0.056	1.043	1.058
936	7	1.060	1.057	0.174	0.174	0.066	0.066	1.040	1.054
937	7	0.988	0.987	0.139	0.140	0.052	0.053	0.992	0.985
938	7	1.152	1.149	0.085	0.085	0.032	0.032	1.101	1.144
939	7	0.887	0.884	0.096	0.097	0.036	0.037	0.925	0.884
940	7	0.930	0.927	0.188	0.187	0.071	0.071	0.954	0.926
941	7	0.964	0.960	0.149	0.149	0.056	0.056	0.976	0.959
942	7	0.919	0.916	0.116	0.116	0.044	0.044	0.947	0.915
943	7	0.862	0.859	0.232	0.231	0.088	0.087	0.908	0.859
944	7	1.064	1.062	0.260	0.257	0.098	0.097	1.043	1.059
945	7	0.999	0.997	0.105	0.104	0.040	0.039	1.000	0.995
946	7	1.110	1.104	0.141	0.143	0.053	0.054	1.074	1.101
947	7	1.060	1.057	0.205	0.204	0.078	0.077	1.041	1.054
948	7	1.053	1.050	0.154	0.154	0.058	0.058	1.036	1.047
949	7	1.051	1.048	0.196	0.195	0.074	0.074	1.035	1.045
950	7	1.025	1.022	0.212	0.211	0.080	0.080	1.017	1.020
951	7	0.923	0.921	0.238	0.238	0.090	0.090	0.948	0.919
952	7	0.984	0.981	0.154	0.153	0.058	0.058	0.990	0.979
953	7	0.855	0.852	0.049	0.050	0.019	0.019	0.902	0.850
954	7	0.834	0.832	0.119	0.118	0.045	0.045	0.887	0.831
955	7	0.701	0.698	0.263	0.262	0.099	0.099	0.797	0.697
956	7	1.409	1.404	0.037	0.036	0.014	0.014	1.279	1.401
957	7	0.865	0.866	0.131	0.126	0.050	0.047	0.908	0.863
958	7	0.847	0.844	0.224	0.224	0.085	0.085	0.896	0.842
959	7	0.846	0.843	0.224	0.224	0.085	0.085	0.895	0.841
960	7	1.306	1.302	0.039	0.039	0.015	0.015	1.210	1.301
961	7	1.049	1.045	0.190	0.188	0.072	0.071	1.034	1.043
962	7	1.269	1.265	0.015	0.017	0.006	0.006	1.185	1.264
963	7	1.133	1.129	0.162	0.162	0.061	0.061	1.092	1.128
964	7	1.252	1.248	0.130	0.131	0.049	0.049	1.174	1.247
965	7	0.978	0.975	0.289	0.288	0.109	0.109	0.985	0.973
966	7	1.343	1.339	0.074	0.075	0.028	0.028	1.237	1.339
967	7	1.348	1.343	0.185	0.185	0.070	0.070	1.241	1.344
968	7	1.167	1.163	0.195	0.195	0.074	0.074	1.116	1.163
969	7	0.906	0.902	0.160	0.161	0.061	0.061	0.935	0.899
970	7	1.025	1.021	0.250	0.252	0.095	0.095	1.018	1.019
971	7	1.104	1.101	0.224	0.226	0.084	0.085	1.073	1.100
972	7	0.822	0.813	0.306	0.312	0.116	0.118	0.876	0.808
973	7	1.129	1.125	0.205	0.206	0.078	0.078	1.091	1.125
974	7	1.368	1.363	0.129	0.131	0.049	0.049	1.257	1.367
975	7	0.832	0.830	0.118	0.130	0.045	0.049	0.883	0.825
976	7	0.884	0.881	0.160	0.163	0.060	0.062	0.919	0.877
977	7	1.128	1.125	0.253	0.254	0.095	0.096	1.090	1.125
978	7	0.863	0.860	0.009	0.008	0.004	0.003	0.904	0.855
979	7	0.802	0.798	0.230	0.231	0.087	0.087	0.861	0.792
980	7	0.274	0.271	0.248	0.247	0.094	0.094	0.488	0.252
981	7	0.527	0.523	0.233	0.233	0.088	0.088	0.666	0.509
982	7	0.908	0.903	0.239	0.238	0.090	0.090	0.935	0.899
983	7	0.606	0.608	0.146	0.154	0.055	0.058	0.721	0.596
984	7	0.766	0.763	0.321	0.324	0.122	0.122	0.835	0.755
985	7	0.770	0.767	0.319	0.323	0.121	0.122	0.837	0.759
986	7	1.047	1.043	0.175	0.175	0.066	0.066	1.034	1.042
987	10	1.076	1.071	0.173	0.173	0.055	0.055	1.056	1.072
988	10	1.008	1.002	0.234	0.229	0.074	0.072	1.006	1.000
989	10	1.175	1.171	0.215	0.214	0.068	0.068	1.128	1.178
990	10	0.895	0.890	0.120	0.122	0.038	0.038	0.924	0.882
991	10	0.605	0.598	0.359	0.356	0.113	0.113	0.712	0.575
992	10	0.857	0.850	0.343	0.349	0.108	0.110	0.896	0.840
993	10	0.884	0.879	0.144	0.147	0.046	0.047	0.915	0.870
994	10	0.994	0.992	0.252	0.249	0.080	0.079	0.996	0.989
995	10	1.016	1.011	0.189	0.188	0.060	0.060	1.012	1.009
996	10	1.158	1.153	0.343	0.343	0.108	0.108	1.116	1.160
997	14	1.096	1.090	0.267	0.265	0.071	0.071	1.072	1.094
998	14	0.732	0.731	0.289	0.290	0.077	0.077	0.801	0.710
999	14	0.900	0.897	0.330	0.329	0.088	0.088	0.925	0.888
1000	14	1.102	1.099	0.288	0.288	0.077	0.077	1.077	1.104
1001	14	0.909	0.908	0.259	0.260	0.069	0.069	0.932	0.899
1002	14	0.953	0.953	0.291	0.291	0.078	0.078	0.966	0.947
1003	14	0.892	0.893	0.196	0.195	0.052	0.052	0.920	0.883
1004	14	0.821	0.822	0.181	0.180	0.048	0.048	0.866	0.806
1005	14	0.778	0.778	0.244	0.246	0.065	0.066	0.833	0.758
1006	14	0.923	0.924	0.159	0.157	0.042	0.042	0.942	0.916
1007	14	1.081	1.083	0.164	0.163	0.044	0.044	1.062	1.087
1008	14	0.937	0.939	0.191	0.190	0.051	0.051	0.953	0.932
1009	14	0.985	0.988	0.222	0.222	0.059	0.059	0.989	0.985
1010	14	1.138	1.141	0.217	0.219	0.058	0.059	1.105	1.151
1011	14	1.235	1.238	0.285	0.288	0.076	0.077	1.178	1.256
1012	14	1.258	1.261	0.104	0.102	0.028	0.027	1.196	1.281
1013	14	1.197	1.201	0.247	0.248	0.066	0.066	1.151	1.216
1014	14	1.112	1.117	0.150	0.152	0.040	0.041	1.086	1.125
1015	14	1.300	1.305	0.228	0.231	0.061	0.062	1.230	1.329
1016	14	1.245	1.250	0.281	0.282	0.075	0.075	1.188	1.270
1017	14	1.254	1.258	0.210	0.211	0.056	0.056	1.195	1.279
1018	14	1.106	1.111	0.166	0.166	0.044	0.044	1.082	1.119
1019	14	0.659	0.663	0.553	0.551	0.148	0.147	0.739	0.631
1020	14	1.133	1.137	0.213	0.212	0.057	0.057	1.103	1.148
1021	14	1.154	1.159	0.271	0.270	0.072	0.072	1.119	1.172
1022	14	1.006	1.011	0.233	0.232	0.062	0.062	1.005	1.010
1023	14	1.147	1.152	0.259	0.257	0.069	0.069	1.114	1.164
1024	14	1.266	1.269	0.239	0.245	0.064	0.065	1.206	1.293
1025	14	1.026	1.032	0.197	0.198	0.053	0.053	1.020	1.033
1026	14	0.856	0.862	0.189	0.186	0.051	0.050	0.888	0.846
1027	14	1.181	1.186	0.163	0.162	0.044	0.043	1.141	1.203
1028	14	0.935	0.940	0.168	0.165	0.045	0.044	0.950	0.932
1029	14	1.135	1.140	0.266	0.265	0.071	0.071	1.106	1.152
1030	14	1.064	1.067	0.242	0.241	0.065	0.065	1.050	1.072
1031	14	0.776	0.781	0.220	0.214	0.059	0.057	0.825	0.756
1032	14	0.908	0.914	0.166	0.167	0.044	0.045	0.929	0.903
1033	14	0.989	0.995	0.246	0.245	0.066	0.065	0.992	0.992
1034	14	1.069	1.075	0.139	0.138	0.037	0.037	1.054	1.080
1035	14	0.759	0.765	0.182	0.181	0.049	0.048	0.810	0.737
1036	14	0.814	0.819	0.197	0.194	0.053	0.052	0.853	0.798
1037	14	0.998	1.003	0.144	0.142	0.038	0.038	0.999	1.001
1038	14	0.946	0.952	0.196	0.197	0.052	0.053	0.958	0.945
1039	14	1.111	1.116	0.157	0.158	0.042	0.042	1.089	1.127
1040	14	0.966	0.971	0.218	0.219	0.058	0.059	0.974	0.966
1041	14	0.902	0.908	0.143	0.144	0.038	0.038	0.922	0.895
1042	14	1.249	1.254	0.131	0.132	0.035	0.035	1.198	1.281
1043	14	1.206	1.211	0.171	0.175	0.046	0.047	1.165	1.234
1044	14	0.941	0.946	0.183	0.182	0.049	0.049	0.953	0.938
1045	14	1.107	1.112	0.197	0.197	0.053	0.053	1.086	1.123
1046	14	0.744	0.751	0.206	0.204	0.055	0.054	0.796	0.719
1047	14	0.935	0.942	0.169	0.170	0.045	0.046	0.948	0.933
1048	14	0.852	0.859	0.192	0.190	0.051	0.051	0.882	0.839
1049	14	1.073	1.079	0.209	0.213	0.056	0.057	1.059	1.086
1050	14	0.920	0.925	0.148	0.148	0.040	0.040	0.936	0.914
1051	14	1.077	1.083	0.175	0.175	0.047	0.047	1.062	1.091
1052	14	1.251	1.256	0.131	0.133	0.035	0.036	1.203	1.286
1053	14	0.841	0.847	0.137	0.136	0.037	0.036	0.872	0.825
1054	14	1.079	1.084	0.145	0.145	0.039	0.039	1.064	1.093
1055	14	0.986	0.992	0.283	0.283	0.076	0.076	0.989	0.989
1056	14	0.896	0.902	0.160	0.160	0.043	0.043	0.916	0.887
1057	14	0.950	0.956	0.186	0.184	0.050	0.049	0.960	0.948
1058	14	1.060	1.066	0.179	0.179	0.048	0.048	1.050	1.072
1059	14	0.927	0.933	0.198	0.197	0.053	0.053	0.941	0.922
1060	14	1.046	1.052	0.142	0.144	0.038	0.039	1.038	1.057
1061	14	1.247	1.251	0.179	0.181	0.048	0.048	1.202	1.282
1062	14	0.879	0.881	0.170	0.167	0.046	0.045	0.901	0.863
1063	14	1.255	1.260	0.211	0.214	0.057	0.057	1.209	1.294
1064	14	1.126	1.132	0.185	0.183	0.050	0.049	1.104	1.148
1065	14	1.323	1.328	0.164	0.163	0.044	0.044	1.265	1.371
1066	14	1.344	1.349	0.251	0.252	0.067	0.067	1.283	1.395
1067	14	0.988	0.992	0.178	0.178	0.047	0.047	0.990	0.989
1068	14	0.811	0.818	0.025	0.027	0.007	0.007	0.844	0.791
1069	14	1.039	1.044	0.190	0.190	0.051	0.051	1.033	1.048
1070	14	0.832	0.836	0.119	0.116	0.032	0.031	0.861	0.811
1071	14	0.902	0.908	0.268	0.269	0.072	0.072	0.919	0.893
1072	14	0.997	1.002	0.239	0.237	0.064	0.063	0.998	1.000
1073	14	0.801	0.807	0.142	0.141	0.038	0.038	0.835	0.777
1074	14	0.973	0.979	0.220	0.218	0.059	0.058	0.978	0.973
1075	14	0.977	0.983	0.186	0.184	0.050	0.049	0.981	0.978
1076	14	1.117	1.120	0.132	0.132	0.035	0.035	1.098	1.136
1077	14	1.061	1.067	0.165	0.164	0.044	0.044	1.052	1.075
1078	14	0.918	0.924	0.111	0.110	0.030	0.029	0.931	0.910
1079	14	1.145	1.152	0.162	0.162	0.043	0.043	1.122	1.172
1080	14	1.277	1.281	0.289	0.288	0.077	0.077	1.233	1.322
1081	14	0.990	0.996	0.241	0.239	0.064	0.064	0.992	0.993
1082	14	1.116	1.122	0.101	0.102	0.027	0.027	1.098	1.139
1083	14	0.952	0.958	0.137	0.136	0.037	0.036	0.960	0.949
1084	14	1.130	1.137	0.230	0.233	0.061	0.062	1.110	1.156
1085	14	0.785	0.791	0.143	0.142	0.038	0.038	0.819	0.756
1086	14	1.043	1.047	0.097	0.098	0.026	0.026	1.036	1.052
1087	14	1.338	1.341	0.255	0.254	0.068	0.068	1.287	1.393
1088	14	1.034	1.038	0.157	0.158	0.042	0.042	1.029	1.042
1089	14	1.167	1.172	0.191	0.191	0.051	0.051	1.142	1.198
1090	14	0.794	0.799	0.147	0.145	0.039	0.039	0.826	0.764
1091	14	0.800	0.805	0.097	0.096	0.026	0.026	0.830	0.771
1092	14	1.071	1.076	0.122	0.122	0.033	0.033	1.061	1.087
1093	14	0.818	0.824	0.113	0.112	0.030	0.030	0.845	0.792
1094	14	0.982	0.987	0.180	0.180	0.048	0.048	0.985	0.983
1095	14	1.134	1.139	0.174	0.175	0.047	0.047	1.115	1.160
1096	14	1.104	1.108	0.124	0.123	0.033	0.033	1.090	1.124
1097	14	0.902	0.906	0.176	0.175	0.047	0.047	0.916	0.888
1098	14	1.081	1.086	0.195	0.193	0.052	0.052	1.070	1.098
1099	14	0.839	0.844	0.173	0.172	0.046	0.046	0.862	0.815
1100	14	0.907	0.911	0.189	0.189	0.051	0.051	0.920	0.894
1101	14	1.122	1.127	0.193	0.192	0.052	0.051	1.105	1.147
1102	14	0.961	0.966	0.169	0.169	0.045	0.045	0.967	0.958
1103	14	1.122	1.127	0.193	0.192	0.052	0.051	1.106	1.147
1104	14	1.020	1.024	0.162	0.161	0.043	0.043	1.018	1.026
1105	14	1.124	1.126	0.178	0.178	0.047	0.047	1.108	1.146
1106	14	0.850	0.855	0.188	0.187	0.050	0.050	0.871	0.827
1107	14	1.010	1.013	0.124	0.124	0.033	0.033	1.009	1.014
1108	14	1.117	1.120	0.186	0.185	0.050	0.049	1.102	1.139
1109	14	1.091	1.094	0.179	0.180	0.048	0.048	1.080	1.109
1110	14	1.117	1.120	0.117	0.118	0.031	0.031	1.102	1.139
1111	14	0.956	0.959	0.182	0.182	0.049	0.049	0.962	0.949
1112	14	1.393	1.393	0.199	0.199	0.053	0.053	1.344	1.463
1113	14	1.223	1.225	0.144	0.144	0.038	0.039	1.195	1.264
1114	14	1.141	1.143	0.124	0.123	0.033	0.033	1.124	1.167
1115	14	1.154	1.156	0.081	0.082	0.022	0.022	1.136	1.182
1116	14	1.226	1.227	0.127	0.127	0.034	0.034	1.198	1.268
1117	14	1.219	1.220	0.106	0.105	0.028	0.028	1.192	1.259
1118	14	1.009	1.011	0.191	0.191	0.051	0.051	1.008	1.011
1119	14	1.157	1.159	0.155	0.155	0.041	0.041	1.139	1.186
1120	14	1.255	1.256	0.155	0.155	0.041	0.041	1.226	1.303
1121	14	1.221	1.222	0.117	0.117	0.031	0.031	1.196	1.262
1122	14	1.110	1.111	0.125	0.124	0.033	0.033	1.097	1.130
1123	14	0.836	0.837	0.170	0.170	0.046	0.045	0.855	0.804
1124	14	1.263	1.264	0.132	0.132	0.035	0.035	1.234	1.313
1125	14	1.137	1.139	0.153	0.153	0.041	0.041	1.122	1.163
1126	14	0.739	0.741	0.242	0.242	0.065	0.065	0.769	0.689
1127	14	1.150	1.150	0.137	0.136	0.036	0.036	1.133	1.177
1128	14	1.202	1.202	0.127	0.127	0.034	0.034	1.180	1.239
1129	14	1.258	1.258	0.155	0.154	0.042	0.041	1.230	1.307
1130	14	1.132	1.132	0.101	0.101	0.027	0.027	1.118	1.156
1131	14	0.708	0.708	0.052	0.051	0.014	0.014	0.739	0.647
1132	14	0.954	0.954	0.100	0.099	0.027	0.027	0.959	0.942
1133	14	0.808	0.808	0.130	0.129	0.035	0.034	0.828	0.767
1134	14	0.991	0.991	0.134	0.134	0.036	0.036	0.992	0.987
1135	14	0.876	0.877	0.132	0.131	0.035	0.035	0.889	0.850
1136	14	0.995	0.994	0.126	0.124	0.034	0.033	0.996	0.990
1137	14	1.011	1.009	0.141	0.142	0.038	0.038	1.010	1.009
1138	14	0.837	0.836	0.133	0.134	0.035	0.036	0.853	0.800
1139	14	0.926	0.926	0.135	0.128	0.036	0.034	0.933	0.909
1140	14	0.692	0.684	0.240	0.249	0.064	0.067	0.722	0.617
1141	14	0.942	0.943	0.152	0.151	0.041	0.040	0.948	0.929
1142	14	0.966	0.966	0.147	0.148	0.039	0.039	0.970	0.956
1143	14	1.070	1.068	0.119	0.118	0.032	0.032	1.064	1.080
1144	14	0.911	0.909	0.085	0.086	0.023	0.023	0.920	0.887
1145	14	0.952	0.950	0.166	0.167	0.044	0.045	0.956	0.937
1146	14	0.927	0.925	0.138	0.139	0.037	0.037	0.934	0.907
1147	14	0.947	0.945	0.175	0.175	0.047	0.047	0.952	0.932
1148	14	0.851	0.848	0.168	0.171	0.045	0.046	0.864	0.814
1149	16	0.882	0.876	0.176	0.175	0.044	0.044	0.891	0.846
1150	18	0.621	0.612	0.360	0.352	0.085	0.083	0.652	0.522
1151	18	0.863	0.859	0.190	0.180	0.045	0.042	0.874	0.825
1152	18	1.143	1.132	0.147	0.146	0.035	0.034	1.132	1.160
1153	18	1.009	1.000	0.155	0.168	0.037	0.040	1.009	0.998
1154	18	0.861	0.852	0.113	0.123	0.027	0.029	0.872	0.816
1155	18	1.025	1.010	0.097	0.090	0.023	0.021	1.023	1.011
1156	18	0.926	0.913	0.329	0.320	0.078	0.076	0.932	0.891
1157	20	0.887	0.873	0.279	0.276	0.062	0.062	0.896	0.842
1158	19	0.654	0.631	0.328	0.320	0.075	0.073	0.679	0.542
1159	19	0.991	0.976	0.162	0.160	0.037	0.037	0.992	0.968
1160	19	0.988	0.974	0.181	0.181	0.041	0.042	0.989	0.965
1161	19	0.650	0.665	0.450	0.470	0.103	0.108	0.675	0.584
1162	19	0.960	0.950	0.119	0.115	0.027	0.026	0.964	0.936
1163	19	1.026	1.016	0.154	0.149	0.035	0.034	1.025	1.017
1164	19	0.892	0.882	0.128	0.129	0.029	0.030	0.900	0.851
1165	19	0.958	0.951	0.161	0.155	0.037	0.036	0.961	0.937
1166	19	0.746	0.737	0.448	0.438	0.103	0.100	0.763	0.672
1167	19	0.938	0.925	0.193	0.184	0.044	0.042	0.943	0.904
1168	19	0.822	0.812	0.156	0.162	0.036	0.037	0.834	0.765
1169	19	0.806	0.803	0.233	0.219	0.054	0.050	0.819	0.753
1170	19	0.922	0.916	0.168	0.168	0.039	0.039	0.927	0.893
1171	19	0.976	0.967	0.146	0.146	0.034	0.033	0.978	0.957
1172	19	0.881	0.872	0.159	0.158	0.036	0.036	0.888	0.839
1173	19	0.924	0.916	0.210	0.205	0.048	0.047	0.929	0.894
1174	19	0.772	0.767	0.161	0.165	0.037	0.038	0.786	0.708
1175	19	0.747	0.740	0.253	0.254	0.058	0.058	0.761	0.674
1176	19	0.878	0.872	0.158	0.157	0.036	0.036	0.886	0.838
1177	19	0.835	0.830	0.137	0.139	0.032	0.032	0.845	0.785
1178	19	0.992	0.989	0.147	0.138	0.034	0.032	0.993	0.984
1179	19	0.864	0.859	0.170	0.171	0.039	0.039	0.872	0.822
1180	19	1.043	1.038	0.172	0.172	0.039	0.039	1.041	1.046
1181	19	1.091	1.088	0.178	0.178	0.041	0.041	1.087	1.108
1182	19	0.843	0.838	0.128	0.129	0.029	0.030	0.851	0.795
1183	19	0.995	0.991	0.086	0.086	0.020	0.020	0.995	0.987
1184	19	1.165	1.162	0.217	0.217	0.050	0.050	1.157	1.201
1185	19	1.074	1.072	0.149	0.149	0.034	0.034	1.071	1.088
1186	19	0.860	0.858	0.134	0.135	0.031	0.031	0.867	0.819
1187	19	0.971	0.969	0.124	0.123	0.029	0.028	0.972	0.958
1188	19	1.058	1.057	0.192	0.193	0.044	0.044	1.056	1.069
1189	19	1.023	1.021	0.120	0.120	0.027	0.028	1.023	1.024
1190	19	1.155	1.153	0.186	0.186	0.043	0.043	1.148	1.191
1191	19	0.892	0.889	0.161	0.164	0.037	0.038	0.897	0.858
1192	19	0.971	0.970	0.150	0.148	0.034	0.034	0.973	0.960
1193	19	1.096	1.094	0.141	0.145	0.032	0.033	1.092	1.116
1194	19	1.039	1.038	0.155	0.157	0.036	0.036	1.038	1.046
1195	19	1.253	1.254	0.183	0.185	0.042	0.042	1.243	1.317
1196	19	1.127	1.128	0.164	0.166	0.038	0.038	1.123	1.159
1197	19	1.168	1.168	0.084	0.086	0.019	0.020	1.162	1.209
1198	19	1.079	1.080	0.135	0.135	0.031	0.031	1.077	1.098
1199	19	1.008	1.008	0.174	0.174	0.040	0.040	1.008	1.007
1200	20	1.339	1.340	0.139	0.143	0.031	0.032	1.330	1.431
1201	20	1.250	1.251	0.121	0.124	0.027	0.028	1.244	1.318
1202	20	1.058	1.060	0.170	0.171	0.038	0.038	1.057	1.074
1203	20	1.175	1.174	0.151	0.153	0.034	0.034	1.171	1.220
1204	20	0.983	0.984	0.170	0.168	0.038	0.037	0.984	0.978
1205	20	0.951	0.952	0.108	0.107	0.024	0.024	0.952	0.937
1206	20	1.021	1.022	0.197	0.194	0.044	0.043	1.021	1.027
1207	20	0.930	0.930	0.175	0.173	0.039	0.039	0.932	0.908
1208	20	1.027	1.028	0.160	0.158	0.036	0.035	1.027	1.034
1209	20	1.107	1.107	0.139	0.139	0.031	0.031	1.105	1.134
1210	20	1.040	1.040	0.152	0.151	0.034	0.034	1.040	1.050
1211	20	0.994	0.995	0.124	0.122	0.028	0.027	0.995	0.991
1212	20	1.035	1.035	0.138	0.137	0.031	0.031	1.035	1.043
1213	20	1.010	1.010	0.118	0.117	0.026	0.026	1.010	1.011
1214	20	0.946	0.946	0.159	0.159	0.036	0.036	0.947	0.928
1215	20	0.832	0.832	0.163	0.163	0.037	0.036	0.835	0.782
1216	20	0.816	0.816	0.134	0.134	0.030	0.030	0.819	0.761
1217	20	0.607	0.607	0.253	0.252	0.057	0.056	0.613	0.492
1218	20	0.778	0.778	0.150	0.149	0.034	0.033	0.782	0.713
1219	20	0.944	0.943	0.149	0.148	0.033	0.033	0.945	0.925
1220	20	0.977	0.976	0.129	0.128	0.029	0.029	0.978	0.968
1221	20	0.861	0.861	0.149	0.149	0.033	0.033	0.863	0.819
1222	20	1.042	1.042	0.133	0.135	0.030	0.030	1.042	1.052
1223	20	1.096	1.096	0.170	0.171	0.038	0.038	1.095	1.122
1224	20	0.956	0.959	0.121	0.120	0.027	0.027	0.957	0.945
1225	20	0.992	0.993	0.115	0.115	0.026	0.026	0.992	0.988
1226	20	0.929	0.929	0.248	0.247	0.055	0.055	0.930	0.907
1227	20	0.309	0.305	0.379	0.379	0.085	0.085	0.315	0.100
1228	20	1.134	1.135	0.165	0.164	0.037	0.037	1.134	1.172
1229	20	1.022	1.023	0.143	0.143	0.032	0.032	1.023	1.028
1230	20	0.993	0.994	0.113	0.114	0.025	0.025	0.993	0.989
1231	20	1.084	1.083	0.148	0.145	0.033	0.032	1.084	1.105
1232	20	0.997	0.997	0.118	0.118	0.026	0.026	0.997	0.995
1233	20	1.026	1.027	0.170	0.171	0.038	0.038	1.026	1.033
1234	20	0.958	0.958	0.099	0.096	0.022	0.021	0.958	0.944
1235	20	1.137	1.139	0.227	0.228	0.051	0.051	1.137	1.178
1236	20	1.040	1.042	0.146	0.145	0.033	0.032	1.040	1.052
1237	20	1.019	1.020	0.094	0.093	0.021	0.021	1.019	1.023
1238	20	1.238	1.239	0.173	0.175	0.039	0.039	1.239	1.308
1239	20	1.181	1.183	0.200	0.201	0.045	0.045	1.181	1.235
1240	20	1.049	1.051	0.176	0.177	0.039	0.040	1.050	1.064
1241	20	1.215	1.217	0.222	0.224	0.050	0.050	1.215	1.279
1242	20	1.113	1.113	0.151	0.149	0.034	0.033	1.114	1.145
1243	20	0.986	0.988	0.116	0.116	0.026	0.026	0.986	0.982
1244	20	1.102	1.103	0.101	0.098	0.023	0.022	1.103	1.132
1245	20	0.996	0.997	0.089	0.092	0.020	0.021	0.996	0.994
1246	20	0.883	0.885	0.137	0.136	0.031	0.030	0.883	0.849
1247	20	1.100	1.102	0.111	0.111	0.025	0.025	1.100	1.130
1248	20	1.150	1.152	0.147	0.146	0.033	0.033	1.151	1.195
1249	20	1.247	1.249	0.148	0.146	0.033	0.033	1.249	1.322
1250	20	0.963	0.966	0.134	0.134	0.030	0.030	0.963	0.954
1251	20	0.937	0.940	0.159	0.158	0.036	0.035	0.937	0.920
1252	20	1.038	1.041	0.152	0.153	0.034	0.034	1.039	1.051
1253	20	1.122	1.125	0.157	0.158	0.035	0.035	1.123	1.160
1254	20	0.334	0.336	0.371	0.371	0.083	0.083	0.329	0.133
1255	20	0.982	0.984	0.147	0.145	0.033	0.032	0.982	0.978
1256	20	1.066	1.068	0.141	0.140	0.032	0.031	1.067	1.086
1257	20	1.056	1.059	0.173	0.174	0.039	0.039	1.057	1.075
1258	20	0.861	0.863	0.175	0.174	0.039	0.039	0.860	0.820
1259	20	1.194	1.197	0.174	0.174	0.039	0.039	1.196	1.254
1260	20	1.034	1.037	0.152	0.152	0.034	0.034	1.035	1.046
1261	20	1.013	1.016	0.133	0.131	0.030	0.029	1.014	1.018
1262	20	1.073	1.075	0.113	0.111	0.025	0.025	1.074	1.096
1263	20	0.953	0.955	0.162	0.161	0.036	0.036	0.952	0.939
1264	20	1.127	1.130	0.165	0.163	0.037	0.037	1.129	1.167
1265	20	1.086	1.089	0.135	0.133	0.030	0.030	1.087	1.114
1266	20	0.981	0.985	0.143	0.140	0.032	0.031	0.981	0.979
1267	20	1.016	1.019	0.109	0.108	0.024	0.024	1.017	1.022
1268	20	1.160	1.164	0.136	0.134	0.030	0.030	1.163	1.212
1269	20	1.252	1.254	0.162	0.163	0.036	0.036	1.256	1.330
1270	20	1.113	1.115	0.129	0.127	0.029	0.028	1.115	1.148
1271	20	1.303	1.306	0.124	0.125	0.028	0.028	1.308	1.398
1272	20	1.093	1.096	0.150	0.148	0.034	0.033	1.095	1.123
1273	20	1.102	1.105	0.130	0.130	0.029	0.029	1.104	1.135
1274	20	1.007	1.010	0.180	0.178	0.040	0.040	1.008	1.011
1275	20	1.293	1.299	0.121	0.114	0.027	0.026	1.299	1.389
1276	20	1.040	1.043	0.213	0.212	0.048	0.047	1.041	1.054
1277	20	0.990	0.993	0.183	0.183	0.041	0.041	0.990	0.988
1278	20	0.770	0.774	0.114	0.111	0.025	0.025	0.767	0.702
1279	20	0.970	0.972	0.185	0.187	0.041	0.042	0.970	0.961
1280	20	0.908	0.911	0.142	0.141	0.032	0.032	0.907	0.882
1281	20	0.940	0.943	0.176	0.177	0.039	0.040	0.939	0.924
1282	20	0.937	0.938	0.167	0.168	0.037	0.038	0.936	0.917
1283	20	0.503	0.507	0.384	0.383	0.086	0.086	0.494	0.352
1284	20	0.936	0.939	0.160	0.160	0.036	0.036	0.935	0.918
1285	20	0.855	0.858	0.137	0.135	0.031	0.030	0.852	0.812
1286	20	0.925	0.929	0.126	0.124	0.028	0.028	0.924	0.905
1287	20	0.833	0.836	0.176	0.176	0.039	0.039	0.830	0.784
1288	20	0.900	0.908	0.129	0.117	0.029	0.026	0.898	0.877
1289	20	0.886	0.890	0.169	0.167	0.038	0.037	0.883	0.853
1290	20	1.063	1.068	0.194	0.191	0.043	0.043	1.065	1.087
1291	20	0.856	0.860	0.175	0.172	0.039	0.038	0.853	0.814
1292	20	0.931	0.935	0.154	0.152	0.035	0.034	0.929	0.913
1293	20	0.938	0.943	0.142	0.139	0.032	0.031	0.937	0.923
1294	20	0.928	0.931	0.158	0.156	0.035	0.035	0.926	0.907
1295	20	0.749	0.753	0.260	0.258	0.058	0.058	0.743	0.674
1296	20	0.999	1.004	0.150	0.148	0.034	0.033	1.000	1.003
1297	20	1.011	1.015	0.127	0.126	0.028	0.028	1.011	1.018
1298	20	1.116	1.120	0.191	0.191	0.043	0.043	1.119	1.155
1299	20	0.820	0.831	0.159	0.158	0.036	0.035	0.816	0.777
1300	19	1.060	1.063	0.112	0.113	0.026	0.026	1.062	1.080
1301	19	1.032	1.037	0.123	0.123	0.028	0.028	1.033	1.046
1302	19	1.114	1.118	0.177	0.179	0.041	0.041	1.116	1.151
1303	18	0.995	1.001	0.129	0.128	0.030	0.030	0.996	0.999
1304	18	0.957	0.963	0.154	0.153	0.036	0.036	0.957	0.949
1305	18	1.044	1.051	0.158	0.162	0.037	0.038	1.045	1.064
1306	18	0.859	0.865	0.115	0.113	0.027	0.027	0.857	0.822
1307	18	0.880	0.885	0.141	0.140	0.033	0.033	0.878	0.849
1308	18	0.883	0.887	0.148	0.156	0.035	0.037	0.881	0.851
1309	18	0.935	0.941	0.144	0.146	0.034	0.034	0.934	0.921
1310	18	1.103	1.109	0.172	0.174	0.041	0.041	1.106	1.140
1311	18	1.033	1.040	0.135	0.135	0.032	0.032	1.034	1.050
1312	18	1.188	1.198	0.100	0.095	0.024	0.022	1.192	1.255
1313	18	1.114	1.118	0.118	0.117	0.028	0.028	1.116	1.151
1314	18	1.095	1.102	0.086	0.088	0.020	0.021	1.097	1.130
1315	18	1.034	1.039	0.166	0.164	0.039	0.039	1.036	1.049
1316	17	0.780	0.796	0.212	0.195	0.051	0.047	0.778	0.735
1317	17	0.971	0.986	0.183	0.175	0.044	0.042	0.971	0.979
1318	17	1.121	1.128	0.158	0.157	0.038	0.038	1.123	1.163
1319	17	1.091	1.098	0.102	0.098	0.025	0.024	1.093	1.124
1320	17	1.231	1.241	0.219	0.223	0.053	0.054	1.235	1.309
1321	17	1.136	1.144	0.122	0.123	0.030	0.030	1.138	1.183
1322	17	1.063	1.071	0.096	0.097	0.023	0.024	1.064	1.089
1323	17	1.022	1.030	0.183	0.183	0.044	0.044	1.023	1.037
1324	17	0.959	0.967	0.108	0.108	0.026	0.026	0.959	0.956
1325	15	1.230	1.238	0.086	0.087	0.022	0.022	1.231	1.301
1326	15	1.151	1.159	0.246	0.247	0.063	0.064	1.152	1.200
1327	15	1.086	1.094	0.115	0.117	0.030	0.030	1.086	1.118
1328	15	1.136	1.144	0.119	0.121	0.031	0.031	1.137	1.181
1329	15	1.044	1.046	0.185	0.183	0.048	0.047	1.045	1.057
1330	15	1.161	1.169	0.162	0.162	0.042	0.042	1.162	1.213
1331	15	1.168	1.178	0.157	0.160	0.041	0.041	1.169	1.224
1332	15	1.175	1.180	0.108	0.112	0.028	0.029	1.176	1.227
1333	15	1.318	1.327	0.178	0.180	0.046	0.046	1.320	1.414
1334	15	1.119	1.126	0.209	0.212	0.054	0.055	1.120	1.158
1335	15	0.997	1.007	0.088	0.087	0.023	0.023	0.998	1.007
1336	15	1.028	1.036	0.213	0.215	0.055	0.055	1.029	1.044
1337	15	1.341	1.350	0.296	0.297	0.076	0.077	1.343	1.444
1338	15	0.900	0.909	0.160	0.156	0.041	0.040	0.900	0.882
1339	15	1.147	1.156	0.109	0.108	0.028	0.028	1.148	1.196
1340	15	1.040	1.050	0.159	0.159	0.041	0.041	1.041	1.062
1341	15	1.017	1.026	0.122	0.122	0.032	0.032	1.017	1.031
1342	15	1.049	1.058	0.168	0.167	0.043	0.043	1.050	1.072
1343	15	1.015	1.023	0.145	0.143	0.037	0.037	1.015	1.028
1344	15	1.024	1.032	0.135	0.132	0.035	0.034	1.024	1.039
1345	15	1.035	1.044	0.133	0.133	0.034	0.034	1.036	1.053
1346	18	1.029	1.037	0.118	0.118	0.028	0.028	1.029	1.045
1347	18	0.920	0.929	0.187	0.186	0.044	0.044	0.920	0.907
1348	18	1.014	1.023	0.162	0.161	0.038	0.038	1.015	1.027
1349	18	1.002	1.011	0.144	0.143	0.034	0.034	1.003	1.012
1350	17	0.817	0.827	0.164	0.160	0.040	0.039	0.815	0.778
1351	17	1.052	1.061	0.150	0.149	0.036	0.036	1.053	1.076
1352	17	1.057	1.066	0.154	0.154	0.037	0.037	1.058	1.082
1353	17	1.193	1.204	0.226	0.228	0.055	0.055	1.196	1.257
1354	17	1.161	1.171	0.164	0.165	0.040	0.040	1.163	1.215
1355	18	0.979	0.989	0.119	0.117	0.028	0.027	0.979	0.984
1356	18	1.105	1.114	0.167	0.166	0.039	0.039	1.107	1.143
1357	18	1.174	1.183	0.158	0.161	0.037	0.038	1.178	1.232
1358	18	1.112	1.120	0.155	0.159	0.037	0.037	1.114	1.151
1359	18	1.195	1.204	0.223	0.225	0.052	0.053	1.199	1.259
1360	18	0.896	0.904	0.171	0.170	0.040	0.040	0.894	0.875
1361	18	0.983	0.994	0.114	0.114	0.027	0.027	0.984	0.990
1362	18	0.948	0.958	0.121	0.120	0.029	0.028	0.947	0.944
1363	18	0.894	0.902	0.180	0.177	0.042	0.042	0.892	0.873
1364	18	0.866	0.875	0.116	0.114	0.027	0.027	0.863	0.838
1365	18	1.001	1.009	0.195	0.194	0.046	0.046	1.002	1.010
1366	18	0.976	0.985	0.212	0.211	0.050	0.050	0.976	0.979
1367	18	0.947	0.956	0.129	0.130	0.030	0.031	0.946	0.942
1368	18	1.165	1.175	0.188	0.188	0.044	0.044	1.169	1.221
1369	18	1.061	1.067	0.098	0.102	0.023	0.024	1.062	1.084
1370	18	1.129	1.137	0.255	0.255	0.060	0.060	1.132	1.173
1371	18	0.995	1.004	0.141	0.140	0.033	0.033	0.996	1.003
1372	18	1.080	1.087	0.096	0.093	0.023	0.022	1.082	1.109
1373	17	1.035	1.044	0.127	0.126	0.031	0.031	1.036	1.054
1374	17	1.050	1.058	0.182	0.184	0.044	0.045	1.051	1.072
1375	17	0.910	0.917	0.140	0.144	0.034	0.035	0.908	0.892
1376	17	0.879	0.888	0.107	0.106	0.026	0.026	0.877	0.854
1377	17	0.924	0.931	0.121	0.119	0.029	0.029	0.922	0.909
1378	17	1.024	1.032	0.103	0.101	0.025	0.025	1.025	1.039
1379	17	1.048	1.056	0.127	0.128	0.031	0.031	1.050	1.069
1380	17	1.205	1.210	0.082	0.080	0.020	0.019	1.210	1.266
1381	16	1.044	1.053	0.083	0.085	0.021	0.021	1.046	1.066
1382	16	1.062	1.070	0.085	0.086	0.021	0.021	1.065	1.088
1383	16	1.259	1.265	0.097	0.102	0.024	0.025	1.269	1.339
1384	16	1.112	1.120	0.163	0.165	0.041	0.041	1.117	1.153
1385	16	0.973	0.977	0.110	0.103	0.028	0.026	0.973	0.968
1386	16	1.124	1.131	0.083	0.082	0.021	0.020	1.128	1.166
1387	16	1.136	1.141	0.096	0.094	0.024	0.023	1.141	1.179
1388	16	1.326	1.334	0.205	0.205	0.051	0.051	1.338	1.426
1389	16	1.016	1.023	0.195	0.194	0.049	0.049	1.017	1.028
1390	16	0.852	0.859	0.112	0.112	0.028	0.028	0.847	0.817
1391	16	0.998	1.005	0.057	0.055	0.014	0.014	0.998	1.004
1392	16	1.051	1.057	0.101	0.101	0.025	0.025	1.053	1.071
1393	16	1.048	1.055	0.109	0.109	0.027	0.027	1.051	1.068
1394	16	1.067	1.074	0.101	0.103	0.025	0.026	1.070	1.092
1395	16	1.077	1.083	0.131	0.131	0.033	0.033	1.080	1.104
1396	16	0.980	0.986	0.115	0.116	0.029	0.029	0.980	0.980
1397	16	0.984	0.989	0.111	0.109	0.028	0.027	0.984	0.984
1398	16	0.938	0.942	0.164	0.163	0.041	0.041	0.937	0.924
1399	16	0.930	0.935	0.136	0.136	0.034	0.034	0.927	0.914
1400	15	0.880	0.885	0.104	0.103	0.027	0.027	0.876	0.849
1401	15	0.918	0.921	0.076	0.076	0.020	0.020	0.914	0.896
1402	15	0.889	0.893	0.098	0.097	0.025	0.025	0.885	0.861
1403	15	0.877	0.879	0.118	0.120	0.030	0.031	0.872	0.842
1404	15	1.022	1.026	0.092	0.092	0.024	0.024	1.024	1.031
1405	15	0.997	1.001	0.114	0.114	0.029	0.029	0.998	0.999
1406	15	0.992	0.995	0.123	0.121	0.032	0.031	0.992	0.992
1407	15	0.986	0.989	0.107	0.109	0.028	0.028	0.986	0.984
1408	15	0.903	0.906	0.140	0.141	0.036	0.036	0.899	0.877
1409	15	1.119	1.121	0.127	0.126	0.033	0.033	1.125	1.153
1410	15	0.923	0.926	0.185	0.183	0.048	0.047	0.920	0.903
1411	15	0.917	0.919	0.101	0.101	0.026	0.026	0.914	0.894
1412	15	1.014	1.010	0.085	0.077	0.022	0.020	1.015	1.010
1413	13	0.258	0.254	0.207	0.196	0.057	0.054	0.230	0.051
1414	13	1.108	1.109	0.171	0.169	0.047	0.047	1.112	1.136
1415	13	0.912	0.913	0.108	0.108	0.030	0.030	0.909	0.887
1416	13	0.981	0.982	0.126	0.126	0.035	0.035	0.980	0.975
1417	13	1.109	1.110	0.134	0.132	0.037	0.037	1.113	1.137
1418	13	0.912	0.911	0.117	0.116	0.032	0.032	0.909	0.886
1419	13	1.070	1.072	0.112	0.111	0.031	0.031	1.074	1.088
1420	13	1.015	1.015	0.133	0.132	0.037	0.037	1.016	1.017
1421	13	0.951	0.952	0.108	0.107	0.030	0.030	0.950	0.937
1422	13	0.991	0.991	0.133	0.134	0.037	0.037	0.991	0.987
1423	13	0.986	0.987	0.096	0.094	0.027	0.026	0.986	0.981
1424	13	0.921	0.923	0.080	0.079	0.022	0.022	0.919	0.900
1425	13	0.980	0.981	0.127	0.127	0.035	0.035	0.980	0.974
1426	13	1.065	1.065	0.069	0.076	0.019	0.021	1.068	1.080
1427	13	0.972	0.973	0.151	0.153	0.042	0.042	0.971	0.964
1428	13	1.091	1.092	0.085	0.084	0.024	0.023	1.095	1.114
1429	13	1.012	1.012	0.074	0.074	0.020	0.020	1.013	1.013
1430	13	0.967	0.967	0.079	0.079	0.022	0.022	0.966	0.957
1431	13	1.022	1.021	0.058	0.060	0.016	0.017	1.024	1.024
1432	13	1.160	1.160	0.186	0.184	0.051	0.051	1.166	1.199
1433	13	1.066	1.067	0.093	0.096	0.026	0.027	1.069	1.081
1434	13	1.144	1.145	0.213	0.213	0.059	0.059	1.151	1.180
1435	13	1.054	1.054	0.097	0.097	0.027	0.027	1.056	1.066
1436	13	1.125	1.125	0.106	0.102	0.029	0.028	1.131	1.155
1437	13	1.113	1.115	0.078	0.071	0.022	0.020	1.118	1.143
1438	13	0.944	0.943	0.135	0.133	0.037	0.037	0.943	0.927
1439	13	1.021	1.021	0.076	0.076	0.021	0.021	1.023	1.025
1440	13	1.128	1.128	0.122	0.122	0.034	0.034	1.134	1.158
1441	13	1.191	1.191	0.090	0.089	0.025	0.025	1.199	1.236
1442	12	1.011	1.009	0.146	0.148	0.042	0.043	1.012	1.009
1443	12	0.990	0.995	0.066	0.075	0.019	0.022	0.990	0.992
1444	12	0.997	0.997	0.130	0.130	0.038	0.038	0.998	0.994
1445	12	0.843	0.842	0.111	0.110	0.032	0.032	0.838	0.802
1446	12	0.917	0.915	0.113	0.114	0.033	0.033	0.914	0.893
1447	12	0.950	0.948	0.106	0.106	0.031	0.030	0.949	0.933
1448	12	0.903	0.903	0.119	0.129	0.034	0.037	0.900	0.878
1449	12	0.842	0.841	0.085	0.084	0.024	0.024	0.837	0.801
1450	12	0.844	0.843	0.148	0.148	0.043	0.043	0.840	0.804
1451	12	1.009	1.007	0.139	0.140	0.040	0.040	1.009	1.007
1452	10	0.996	0.996	0.161	0.164	0.051	0.052	0.996	0.992
1453	10	0.992	0.992	0.103	0.104	0.032	0.033	0.993	0.988
1454	10	0.920	0.920	0.193	0.195	0.061	0.062	0.918	0.899
1455	8	0.382	0.381	0.268	0.266	0.095	0.094	0.370	0.245
1456	8	0.904	0.903	0.176	0.178	0.062	0.063	0.903	0.880
1457	8	0.706	0.695	0.274	0.285	0.097	0.101	0.700	0.628
1458	8	1.030	1.029	0.112	0.112	0.039	0.040	1.031	1.033
1459	8	0.937	0.936	0.124	0.121	0.044	0.043	0.936	0.920
1460	8	0.941	0.939	0.085	0.087	0.030	0.031	0.941	0.924
1461	8	0.950	0.948	0.160	0.157	0.057	0.056	0.949	0.935
1462	8	1.052	1.052	0.150	0.149	0.053	0.053	1.054	1.061
1463	9	1.007	1.010	0.064	0.066	0.021	0.022	1.007	1.010
1464	9	0.851	0.852	0.109	0.109	0.036	0.036	0.847	0.817
1465	9	0.925	0.933	0.142	0.166	0.047	0.055	0.923	0.917
1466	9	1.073	1.084	0.215	0.203	0.072	0.068	1.076	1.100
1467	9	1.022	1.023	0.232	0.232	0.077	0.077	1.023	1.026
1468	9	0.991	0.993	0.096	0.093	0.032	0.031	0.991	0.989
1469	9	0.973	0.974	0.100	0.096	0.033	0.032	0.973	0.966
1470	9	0.967	0.966	0.056	0.053	0.019	0.018	0.966	0.957
1471	8	0.812	0.811	0.161	0.166	0.057	0.059	0.807	0.770
1472	8	0.925	0.925	0.080	0.078	0.028	0.027	0.923	0.907
1473	9	0.815	0.814	0.189	0.194	0.063	0.065	0.812	0.775
1474	9	0.784	0.784	0.091	0.089	0.030	0.030	0.779	0.738
1475	9	0.927	0.927	0.124	0.122	0.041	0.041	0.926	0.910
1476	9	1.095	1.097	0.108	0.115	0.036	0.038	1.097	1.114
1477	9	1.020	1.021	0.054	0.060	0.018	0.020	1.021	1.023
1478	9	0.900	0.902	0.155	0.153	0.052	0.051	0.898	0.880
1479	9	1.028	1.030	0.128	0.127	0.043	0.042	1.029	1.034
1480	9	0.890	0.892	0.179	0.179	0.060	0.060	0.888	0.869
1481	9	0.951	0.954	0.203	0.200	0.068	0.067	0.950	0.943
1482	9	0.961	0.965	0.071	0.071	0.024	0.024	0.961	0.956
1483	9	0.984	0.989	0.135	0.134	0.045	0.045	0.984	0.985
1484	9	1.275	1.280	0.195	0.190	0.065	0.063	1.282	1.331
1485	9	1.173	1.176	0.247	0.249	0.082	0.083	1.177	1.207
1486	9	0.963	0.965	0.072	0.072	0.024	0.024	0.963	0.957
1487	9	1.084	1.085	0.156	0.154	0.052	0.051	1.086	1.099
1488	9	1.042	1.046	0.165	0.164	0.055	0.055	1.043	1.052
1489	9	1.165	1.169	0.174	0.173	0.058	0.058	1.169	1.199
1490	9	1.257	1.261	0.260	0.257	0.087	0.086	1.263	1.307
1491	9	1.379	1.381	0.276	0.272	0.092	0.091	1.387	1.449
1492	9	1.090	1.095	0.060	0.056	0.020	0.019	1.092	1.110
1493	9	1.196	1.200	0.053	0.053	0.018	0.018	1.201	1.234
1494	12	1.204	1.207	0.135	0.136	0.039	0.039	1.207	1.240
1495	12	0.517	0.519	0.391	0.391	0.113	0.113	0.509	0.434
1496	12	0.969	0.971	0.130	0.126	0.038	0.036	0.969	0.963
1497	12	1.062	1.065	0.126	0.129	0.036	0.037	1.063	1.074
1498	12	1.105	1.110	0.190	0.194	0.055	0.056	1.107	1.127
1499	12	1.024	1.024	0.167	0.173	0.048	0.050	1.024	1.026
1500	12	0.637	0.642	0.348	0.346	0.101	0.100	0.631	0.580
1501	12	0.886	0.890	0.115	0.116	0.033	0.033	0.885	0.869
1502	12	1.159	1.163	0.197	0.197	0.057	0.057	1.162	1.188
1503	12	0.898	0.903	0.107	0.104	0.031	0.030	0.896	0.885
1504	12	1.121	1.125	0.172	0.171	0.050	0.049	1.123	1.144
1505	12	0.970	0.975	0.142	0.142	0.041	0.041	0.970	0.969
1506	12	0.892	0.899	0.099	0.098	0.029	0.028	0.891	0.880
1507	12	1.093	1.098	0.226	0.226	0.065	0.065	1.095	1.112
1508	12	0.987	0.993	0.230	0.228	0.066	0.066	0.987	0.990
1509	12	1.246	1.255	0.234	0.240	0.068	0.069	1.250	1.293
1510	12	1.278	1.286	0.271	0.273	0.078	0.079	1.283	1.329
1511	11	1.129	1.136	0.106	0.105	0.032	0.032	1.132	1.155
1512	11	1.095	1.101	0.179	0.175	0.054	0.053	1.097	1.114
1513	11	1.018	1.024	0.182	0.179	0.055	0.054	1.019	1.026
1514	11	0.905	0.912	0.293	0.292	0.088	0.088	0.904	0.897
1515	11	0.855	0.862	0.230	0.228	0.069	0.069	0.853	0.839
1516	11	0.897	0.904	0.159	0.156	0.048	0.047	0.896	0.887
1517	11	0.958	0.962	0.089	0.089	0.027	0.027	0.958	0.955
1518	11	1.015	1.022	0.163	0.163	0.049	0.049	1.016	1.023
1519	11	1.149	1.168	0.200	0.226	0.060	0.068	1.151	1.191
1520	11	1.022	1.029	0.143	0.141	0.043	0.043	1.023	1.031
1521	11	1.341	1.344	0.338	0.335	0.102	0.101	1.346	1.390
1522	11	0.895	0.902	0.231	0.223	0.070	0.067	0.894	0.886
1523	11	1.000	1.008	0.250	0.252	0.075	0.076	1.000	1.007
1524	11	0.989	0.996	0.200	0.199	0.060	0.060	0.990	0.993
1525	10	1.140	1.144	0.198	0.197	0.063	0.062	1.143	1.162
1526	11	1.181	1.190	0.135	0.137	0.041	0.041	1.186	1.216
1527	11	0.967	0.982	0.224	0.220	0.068	0.066	0.967	0.977
1528	11	0.832	0.843	0.227	0.227	0.068	0.068	0.828	0.818
1529	11	1.189	1.212	0.183	0.177	0.055	0.053	1.193	1.240
1530	11	1.111	1.127	0.166	0.161	0.050	0.048	1.114	1.143
1531	11	1.118	1.120	0.071	0.062	0.021	0.019	1.121	1.136
1532	11	0.942	0.950	0.372	0.374	0.112	0.113	0.941	0.941
1533	11	0.938	0.935	0.078	0.156	0.024	0.047	0.937	0.924
1534	11	0.919	0.922	0.189	0.192	0.057	0.058	0.917	0.909
1535	11	1.011	1.019	0.151	0.147	0.045	0.044	1.011	1.020
1536	11	1.495	1.501	0.559	0.557	0.168	0.168	1.507	1.568
1537	11	0.989	0.998	0.103	0.101	0.031	0.030	0.989	0.995
1538	11	0.812	0.819	0.203	0.199	0.061	0.060	0.808	0.792
1539	11	1.051	1.059	0.090	0.092	0.027	0.028	1.052	1.065
1540	10	1.129	1.136	0.161	0.161	0.051	0.051	1.133	1.152
1541	10	0.906	0.912	0.201	0.203	0.064	0.064	0.904	0.898
1542	10	0.638	0.643	0.269	0.267	0.085	0.084	0.629	0.593
1543	10	0.870	0.876	0.171	0.171	0.054	0.054	0.868	0.858
1544	10	0.951	0.960	0.104	0.099	0.033	0.031	0.951	0.952
1545	10	0.842	0.847	0.165	0.165	0.052	0.052	0.838	0.825
1546	11	0.959	0.965	0.089	0.084	0.027	0.025	0.958	0.958
1547	11	0.838	0.855	0.117	0.111	0.035	0.033	0.833	0.834
1548	11	0.924	0.930	0.163	0.163	0.049	0.049	0.922	0.919
1549	11	0.971	0.980	0.114	0.111	0.034	0.034	0.971	0.975
1550	11	1.363	1.368	0.256	0.253	0.077	0.076	1.375	1.415
1551	11	1.076	1.081	0.144	0.153	0.043	0.046	1.079	1.089
1552	11	1.365	1.368	0.184	0.184	0.056	0.056	1.377	1.414
1553	11	1.159	1.170	0.066	0.084	0.020	0.025	1.164	1.190
1554	11	1.141	1.136	0.198	0.190	0.060	0.057	1.146	1.151
1555	11	1.429	1.431	0.252	0.248	0.076	0.075	1.443	1.483
1556	11	1.178	1.188	0.171	0.162	0.051	0.049	1.184	1.209
1557	11	1.042	1.045	0.161	0.158	0.048	0.047	1.044	1.049
1558	11	1.009	1.013	0.170	0.169	0.051	0.051	1.010	1.013
1559	11	1.027	1.042	0.115	0.094	0.035	0.028	1.028	1.045
1560	11	0.961	0.963	0.150	0.153	0.045	0.046	0.960	0.956
1561	10	0.871	0.870	0.128	0.127	0.041	0.040	0.867	0.852
1562	10	0.879	0.878	0.296	0.295	0.094	0.093	0.875	0.861
1563	10	1.046	1.047	0.207	0.208	0.066	0.066	1.048	1.051
1564	10	1.030	1.029	0.119	0.121	0.038	0.038	1.031	1.030
1565	10	1.046	1.045	0.078	0.074	0.025	0.023	1.048	1.048
1566	10	0.947	0.942	0.091	0.094	0.029	0.030	0.945	0.933
1567	10	0.917	0.913	0.119	0.117	0.038	0.037	0.914	0.901
1568	10	1.014	1.011	0.187	0.183	0.059	0.058	1.014	1.010
1569	10	0.933	0.930	0.155	0.155	0.049	0.049	0.931	0.919
1570	10	1.089	1.089	0.056	0.067	0.018	0.021	1.093	1.097
1571	10	1.203	1.197	0.173	0.174	0.055	0.055	1.210	1.217
1572	10	1.068	1.064	0.135	0.135	0.043	0.043	1.071	1.068
1573	10	0.949	0.944	0.146	0.147	0.046	0.046	0.947	0.935
1574	10	0.950	0.946	0.106	0.106	0.034	0.033	0.949	0.938
1575	10	0.980	0.974	0.103	0.106	0.033	0.033	0.980	0.970
1576	10	1.005	1.007	0.033	0.047	0.011	0.015	1.005	1.005
1577	10	1.045	1.039	0.202	0.209	0.064	0.066	1.047	1.040
1578	10	0.876	0.865	0.180	0.187	0.057	0.059	0.873	0.849
1579	10	0.676	0.664	0.246	0.248	0.078	0.078	0.666	0.628
1580	10	0.848	0.846	0.190	0.190	0.060	0.060	0.843	0.829
1581	10	0.927	0.921	0.113	0.106	0.036	0.034	0.925	0.911
1582	10	0.771	0.765	0.205	0.206	0.065	0.065	0.764	0.740
1583	10	0.791	0.783	0.156	0.162	0.049	0.051	0.785	0.760
1584	10	0.083	0.083	0.105	0.105	0.033	0.033	0.053	0.000
1585	10	0.670	0.667	0.450	0.451	0.142	0.143	0.659	0.633
1586	10	0.828	0.823	0.100	0.106	0.032	0.033	0.822	0.804
1587	10	0.780	0.774	0.233	0.236	0.074	0.074	0.773	0.751
1588	10	0.813	0.810	0.116	0.118	0.037	0.037	0.807	0.790
1589	10	0.747	0.741	0.145	0.147	0.046	0.046	0.739	0.715
1590	10	0.478	0.472	0.386	0.381	0.122	0.120	0.461	0.423
1591	10	0.992	0.981	0.115	0.122	0.036	0.039	0.992	0.978
1592	10	0.903	0.898	0.126	0.129	0.040	0.041	0.901	0.887
1593	10	1.007	1.000	0.128	0.128	0.040	0.041	1.008	0.998
1594	10	1.220	1.216	0.172	0.172	0.054	0.054	1.227	1.232
1595	10	1.083	1.079	0.152	0.151	0.048	0.048	1.086	1.084
1596	11	0.873	0.869	0.150	0.151	0.045	0.046	0.868	0.855
1597	12	0.943	0.932	0.092	0.094	0.027	0.027	0.941	0.924
1598	12	0.910	0.902	0.107	0.113	0.031	0.033	0.907	0.891
1599	12	1.044	1.034	0.175	0.170	0.051	0.049	1.046	1.035
1600	13	0.814	0.808	0.154	0.159	0.043	0.044	0.806	0.789
1601	13	0.908	0.910	0.120	0.129	0.033	0.036	0.904	0.900
1602	13	0.819	0.815	0.217	0.220	0.060	0.061	0.811	0.796
1603	13	0.827	0.824	0.163	0.165	0.045	0.046	0.820	0.806
1604	13	0.883	0.883	0.068	0.067	0.019	0.019	0.879	0.871
1605	13	0.976	0.975	0.185	0.193	0.051	0.053	0.975	0.970
1606	13	0.942	0.935	0.150	0.155	0.042	0.043	0.939	0.927
1607	13	0.894	0.897	0.156	0.154	0.043	0.043	0.890	0.887
1608	13	1.141	1.138	0.186	0.187	0.052	0.052	1.147	1.147
1609	13	1.034	1.033	0.127	0.126	0.035	0.035	1.036	1.033
1610	13	1.134	1.132	0.131	0.132	0.036	0.037	1.141	1.140
1611	13	1.142	1.135	0.135	0.131	0.038	0.036	1.148	1.144
1612	13	0.936	0.939	0.248	0.239	0.069	0.066	0.933	0.932
1613	13	1.056	1.057	0.201	0.198	0.056	0.055	1.059	1.059
1614	14	1.142	1.148	0.385	0.383	0.103	0.102	1.147	1.154
1615	14	1.163	1.164	0.183	0.183	0.049	0.049	1.168	1.171
1616	14	1.260	1.262	0.325	0.305	0.087	0.081	1.268	1.274
1617	14	1.185	1.190	0.175	0.174	0.047	0.046	1.191	1.198
1618	14	1.241	1.245	0.149	0.147	0.040	0.039	1.249	1.256
1619	14	1.202	1.216	0.206	0.203	0.055	0.054	1.209	1.225
1620	14	1.103	1.108	0.160	0.161	0.043	0.043	1.106	1.111
1621	14	1.260	1.263	0.144	0.150	0.038	0.040	1.269	1.274
1622	14	1.107	1.113	0.191	0.188	0.051	0.050	1.111	1.117
1623	14	0.948	0.953	0.257	0.245	0.069	0.065	0.946	0.948
1624	16	0.853	0.861	0.187	0.181	0.047	0.045	0.849	0.852
1625	16	0.936	0.943	0.172	0.166	0.043	0.042	0.935	0.938
1626	16	0.758	0.770	0.189	0.180	0.047	0.045	0.752	0.757
1627	16	1.215	1.225	0.428	0.433	0.107	0.108	1.222	1.233
1628	16	0.923	0.934	0.144	0.135	0.036	0.034	0.921	0.930
1629	16	0.998	1.006	0.142	0.143	0.035	0.036	0.998	1.004
1630	16	1.153	1.158	0.143	0.148	0.036	0.037	1.158	1.162
1631	16	0.857	0.863	0.165	0.164	0.041	0.041	0.854	0.855
1632	16	0.859	0.852	0.238	0.253	0.059	0.063	0.855	0.844
1633	17	1.362	1.355	0.306	0.297	0.074	0.072	1.374	1.366
1634	18	1.054	1.064	0.272	0.262	0.064	0.062	1.057	1.065
1635	18	1.279	1.289	0.266	0.264	0.063	0.062	1.290	1.299
1636	18	0.978	0.992	0.133	0.132	0.031	0.031	0.978	0.989
1637	18	1.018	1.027	0.165	0.166	0.039	0.039	1.019	1.026
1638	18	0.941	0.950	0.180	0.173	0.042	0.041	0.939	0.946
1639	18	0.908	0.916	0.122	0.116	0.029	0.027	0.905	0.911
1640	18	1.279	1.291	0.281	0.295	0.066	0.070	1.290	1.300
1641	19	0.996	1.008	0.127	0.125	0.029	0.029	0.997	1.006
1642	19	1.167	1.175	0.196	0.205	0.045	0.047	1.175	1.181
1643	19	1.055	1.069	0.162	0.162	0.037	0.037	1.059	1.070
1644	19	1.053	1.069	0.192	0.199	0.044	0.046	1.056	1.070
1645	19	0.889	0.893	0.263	0.254	0.060	0.058	0.884	0.886
1646	19	1.205	1.212	0.273	0.275	0.063	0.063	1.215	1.218
1647	19	1.149	1.154	0.159	0.164	0.037	0.038	1.156	1.158
1648	19	1.190	1.198	0.253	0.252	0.058	0.058	1.200	1.203
1649	20	1.097	1.104	0.158	0.155	0.035	0.035	1.102	1.106
1650	20	1.214	1.221	0.270	0.268	0.060	0.060	1.225	1.227
1651	20	1.448	1.452	0.389	0.385	0.087	0.086	1.471	1.465
1652	21	1.052	1.054	0.295	0.293	0.064	0.064	1.055	1.054
1653	21	1.102	1.106	0.257	0.253	0.056	0.055	1.107	1.107
1654	21	0.718	0.722	0.361	0.356	0.079	0.078	0.704	0.712
1655	20	1.426	1.428	0.232	0.234	0.052	0.052	1.446	1.437
1656	20	1.191	1.191	0.219	0.215	0.049	0.048	1.200	1.194
1657	21	0.865	0.865	0.171	0.166	0.037	0.036	0.859	0.859
1658	21	0.757	0.757	0.252	0.246	0.055	0.054	0.746	0.749
1659	21	0.810	0.809	0.184	0.183	0.040	0.040	0.801	0.802
1660	21	0.982	0.976	0.238	0.238	0.052	0.052	0.982	0.974
1661	21	1.171	1.165	0.175	0.166	0.038	0.036	1.180	1.166
1662	21	0.812	0.808	0.239	0.242	0.052	0.053	0.803	0.802
1663	21	0.758	0.754	0.221	0.224	0.048	0.049	0.746	0.748
1664	21	0.759	0.754	0.244	0.248	0.053	0.054	0.747	0.748
1665	21	0.895	0.892	0.185	0.186	0.040	0.041	0.891	0.888
1666	21	0.778	0.773	0.237	0.238	0.052	0.052	0.768	0.768
1667	21	0.665	0.660	0.236	0.237	0.051	0.052	0.649	0.653
1668	21	0.617	0.613	0.229	0.233	0.050	0.051	0.599	0.606
1669	21	0.841	0.843	0.233	0.228	0.051	0.050	0.834	0.839
1670	22	0.751	0.746	0.255	0.253	0.054	0.054	0.739	0.741
1671	22	0.894	0.894	0.183	0.176	0.039	0.038	0.889	0.891
1672	22	0.898	0.895	0.116	0.120	0.025	0.026	0.894	0.892
1673	22	1.056	1.051	0.246	0.241	0.052	0.051	1.059	1.049
1674	21	1.546	1.540	0.425	0.419	0.093	0.091	1.573	1.541
1675	20	1.108	1.099	0.243	0.241	0.054	0.054	1.114	1.097
1676	20	0.754	0.748	0.183	0.190	0.041	0.043	0.742	0.745
1677	20	1.126	1.121	0.297	0.294	0.066	0.066	1.133	1.119
1678	20	1.396	1.391	0.288	0.280	0.064	0.063	1.416	1.388
1679	20	0.853	0.846	0.125	0.132	0.028	0.030	0.847	0.844
1680	20	1.177	1.172	0.287	0.280	0.064	0.063	1.186	1.170
1681	20	1.088	1.082	0.162	0.161	0.036	0.036	1.092	1.080
1682	20	1.106	1.108	0.152	0.165	0.034	0.037	1.112	1.105
1683	21	1.142	1.134	0.165	0.159	0.036	0.035	1.149	1.131
1684	21	0.669	0.665	0.309	0.313	0.067	0.068	0.654	0.665
1685	21	0.100	0.096	0.162	0.144	0.035	0.032	0.058	0.102
1686	21	0.908	0.902	0.138	0.137	0.030	0.030	0.904	0.901
1687	21	0.886	0.882	0.112	0.112	0.024	0.024	0.881	0.881
1688	21	0.843	0.837	0.186	0.185	0.041	0.040	0.836	0.837
1689	21	1.250	1.245	0.411	0.405	0.090	0.088	1.262	1.239
1690	21	1.173	1.168	0.232	0.232	0.051	0.051	1.181	1.163
1691	21	0.872	0.867	0.108	0.109	0.024	0.024	0.867	0.867
1692	21	1.131	1.126	0.419	0.414	0.091	0.090	1.137	1.122
1693	21	1.055	1.052	0.150	0.153	0.033	0.033	1.058	1.049
1694	21	0.902	0.901	0.145	0.151	0.032	0.033	0.898	0.901
1695	20	0.960	0.959	0.206	0.206	0.046	0.046	0.958	0.958
1696	21	0.785	0.784	0.237	0.239	0.052	0.052	0.775	0.786
1697	21	0.820	0.819	0.142	0.141	0.031	0.031	0.812	0.821
1698	21	0.990	0.989	0.147	0.148	0.032	0.032	0.990	0.987
1699	21	1.212	1.211	0.203	0.202	0.044	0.044	1.222	1.204
1700	21	0.813	0.813	0.270	0.273	0.059	0.060	0.805	0.816
1701	21	1.271	1.272	0.211	0.209	0.046	0.046	1.284	1.262
1702	22	1.031	1.033	0.206	0.204	0.044	0.044	1.033	1.030
1703	22	0.953	0.954	0.140	0.139	0.030	0.030	0.951	0.953
1704	22	0.861	0.863	0.168	0.168	0.036	0.036	0.854	0.865
1705	22	1.066	1.068	0.143	0.140	0.030	0.030	1.069	1.064
1706	23	1.107	1.109	0.124	0.124	0.026	0.026	1.112	1.103
1707	23	0.815	0.816	0.161	0.161	0.033	0.034	0.807	0.820
1708	23	0.850	0.854	0.185	0.183	0.038	0.038	0.844	0.857
1709	23	0.963	0.967	0.178	0.174	0.037	0.036	0.962	0.966
1710	23	1.210	1.208	0.225	0.221	0.047	0.046	1.220	1.198
1711	23	1.093	1.097	0.170	0.174	0.036	0.036	1.098	1.092
1712	23	1.057	1.062	0.131	0.131	0.027	0.027	1.060	1.057
1713	23	1.031	1.036	0.228	0.230	0.048	0.048	1.033	1.033
1714	23	0.892	0.897	0.170	0.169	0.035	0.035	0.887	0.899
1715	23	0.890	0.895	0.185	0.184	0.039	0.038	0.885	0.897
1716	23	0.872	0.875	0.121	0.121	0.025	0.025	0.866	0.878
1717	23	0.841	0.846	0.177	0.175	0.037	0.036	0.834	0.851
1718	23	1.046	1.052	0.166	0.165	0.035	0.034	1.049	1.047
1719	23	1.214	1.219	0.252	0.253	0.053	0.053	1.224	1.206
1720	23	1.495	1.500	0.373	0.374	0.078	0.078	1.518	1.474
1721	24	1.289	1.296	0.245	0.245	0.050	0.050	1.305	1.281
1722	24	0.930	0.937	0.180	0.178	0.037	0.036	0.927	0.937
1723	24	1.071	1.076	0.150	0.150	0.031	0.031	1.076	1.070
1724	24	0.984	0.990	0.307	0.305	0.063	0.062	0.983	0.988
1725	24	1.207	1.213	0.268	0.266	0.055	0.054	1.219	1.201
1726	24	1.387	1.394	0.229	0.227	0.047	0.046	1.409	1.373
1727	24	1.019	1.025	0.215	0.213	0.044	0.043	1.020	1.022
1728	24	0.910	0.916	0.214	0.214	0.044	0.044	0.905	0.918
1729	24	0.509	0.515	0.355	0.354	0.073	0.072	0.482	0.538
1730	24	1.022	1.027	0.129	0.127	0.026	0.026	1.024	1.024
1731	24	1.043	1.049	0.134	0.132	0.027	0.027	1.046	1.044
1732	24	0.980	0.985	0.152	0.152	0.031	0.031	0.979	0.983
1733	24	0.755	0.761	0.205	0.204	0.042	0.042	0.743	0.772
1734	24	1.115	1.120	0.201	0.199	0.041	0.041	1.122	1.111
1735	24	0.616	0.621	0.247	0.245	0.050	0.050	0.596	0.641
1736	24	0.910	0.916	0.161	0.164	0.033	0.033	0.906	0.919
1737	24	0.926	0.932	0.156	0.157	0.032	0.032	0.922	0.934
1738	24	1.073	1.079	0.186	0.188	0.038	0.038	1.078	1.072
1739	24	1.050	1.055	0.158	0.161	0.032	0.033	1.053	1.049
1740	24	0.975	0.979	0.171	0.171	0.035	0.035	0.974	0.979
1741	24	1.002	1.006	0.154	0.154	0.031	0.031	1.003	1.004
1742	24	0.915	0.920	0.135	0.134	0.028	0.027	0.911	0.923
1743	24	1.182	1.186	0.228	0.225	0.047	0.046	1.193	1.172
1744	24	1.164	1.167	0.217	0.216	0.044	0.044	1.174	1.153
1745	25	1.153	1.154	0.214	0.215	0.043	0.043	1.162	1.142
1746	25	1.362	1.366	0.240	0.234	0.048	0.047	1.383	1.339
1747	26	1.534	1.538	0.267	0.265	0.052	0.052	1.565	1.499
1748	27	0.767	0.771	0.195	0.193	0.038	0.037	0.754	0.784
1749	27	1.298	1.306	0.236	0.229	0.045	0.044	1.316	1.282
1750	27	1.056	1.059	0.171	0.166	0.033	0.032	1.060	1.053
1751	25	0.988	0.990	0.189	0.188	0.038	0.038	0.987	0.988
1752	25	0.862	0.865	0.214	0.214	0.043	0.043	0.854	0.872
1753	25	0.779	0.782	0.153	0.151	0.031	0.030	0.767	0.795
1754	25	0.927	0.931	0.189	0.191	0.038	0.038	0.923	0.934
1755	25	0.710	0.712	0.184	0.187	0.037	0.037	0.694	0.732
1756	25	0.753	0.755	0.157	0.158	0.031	0.032	0.739	0.772
1757	25	0.728	0.730	0.175	0.174	0.035	0.035	0.712	0.748
1758	25	0.871	0.871	0.154	0.157	0.031	0.031	0.864	0.879
1759	25	0.858	0.859	0.137	0.138	0.027	0.028	0.850	0.868
1760	25	0.961	0.961	0.211	0.212	0.042	0.042	0.959	0.962
1761	25	0.912	0.914	0.177	0.178	0.035	0.036	0.908	0.919
1762	25	0.974	0.975	0.124	0.127	0.025	0.025	0.973	0.975
1763	26	1.003	1.004	0.211	0.214	0.041	0.042	1.003	1.001
1764	26	1.166	1.166	0.208	0.202	0.041	0.040	1.176	1.149
1765	26	0.875	0.877	0.164	0.165	0.032	0.032	0.868	0.885
1766	27	1.300	1.302	0.245	0.241	0.047	0.046	1.319	1.274
1767	27	0.972	0.974	0.216	0.215	0.042	0.041	0.971	0.974
1768	27	1.120	1.122	0.184	0.183	0.035	0.035	1.128	1.109
1769	27	1.140	1.140	0.138	0.138	0.027	0.027	1.149	1.126
1770	27	1.123	1.123	0.136	0.138	0.026	0.027	1.131	1.110
1771	26	1.647	1.645	0.260	0.254	0.051	0.050	1.686	1.583
1772	25	1.029	1.039	0.202	0.200	0.040	0.040	1.031	1.033
1773	25	0.835	0.835	0.336	0.335	0.067	0.067	0.826	0.849
1774	24	1.095	1.091	0.174	0.175	0.035	0.036	1.100	1.080
1775	24	0.857	0.851	0.200	0.199	0.041	0.041	0.849	0.864
1776	24	0.899	0.895	0.184	0.186	0.038	0.038	0.894	0.903
1777	24	0.758	0.754	0.160	0.164	0.033	0.033	0.745	0.777
1778	24	0.671	0.669	0.158	0.159	0.032	0.032	0.654	0.701
1779	24	0.754	0.750	0.185	0.189	0.038	0.039	0.741	0.775
1780	25	0.656	0.650	0.120	0.122	0.024	0.024	0.638	0.686
1781	25	1.033	1.026	0.177	0.180	0.035	0.036	1.035	1.021
1782	25	0.660	0.655	0.236	0.251	0.047	0.050	0.642	0.691
1783	25	1.079	1.074	0.150	0.148	0.030	0.030	1.083	1.063
1784	25	1.162	1.153	0.284	0.279	0.057	0.056	1.171	1.134
1785	25	0.975	0.968	0.193	0.195	0.039	0.039	0.974	0.970
1786	25	0.925	0.920	0.214	0.215	0.043	0.043	0.922	0.927
1787	25	1.235	1.232	0.341	0.329	0.068	0.066	1.248	1.203
1788	26	0.795	0.791	0.163	0.167	0.032	0.033	0.784	0.813
1789	26	0.851	0.846	0.118	0.123	0.023	0.024	0.843	0.861
1790	26	1.244	1.238	0.278	0.281	0.055	0.055	1.258	1.209
1791	27	1.353	1.351	0.338	0.329	0.065	0.063	1.373	1.308
1792	27	1.183	1.174	0.164	0.162	0.032	0.031	1.194	1.152
1793	27	1.167	1.162	0.220	0.212	0.042	0.041	1.177	1.140
1794	27	0.912	0.906	0.192	0.196	0.037	0.038	0.908	0.915
1795	27	1.021	1.015	0.214	0.210	0.041	0.040	1.023	1.011
1796	27	0.955	0.947	0.212	0.209	0.041	0.040	0.953	0.952
1797	27	0.998	0.991	0.143	0.141	0.028	0.027	0.998	0.990
1798	27	0.778	0.770	0.157	0.164	0.030	0.032	0.766	0.796
1799	27	1.095	1.086	0.147	0.140	0.028	0.027	1.101	1.073
1800	28	0.817	0.808	0.192	0.195	0.036	0.037	0.807	0.829
1801	29	0.829	0.817	0.216	0.222	0.040	0.041	0.820	0.838
1802	29	1.092	1.084	0.197	0.189	0.037	0.035	1.098	1.071
1803	29	0.911	0.899	0.148	0.147	0.028	0.027	0.906	0.910
1804	29	1.082	1.078	0.193	0.191	0.036	0.035	1.087	1.065
1805	29	0.718	0.710	0.237	0.248	0.044	0.046	0.703	0.745
1806	29	0.695	0.686	0.202	0.210	0.037	0.039	0.678	0.724
1807	28	0.985	0.974	0.201	0.199	0.038	0.038	0.985	0.975
1808	28	0.824	0.808	0.187	0.174	0.035	0.033	0.815	0.832
1809	28	0.816	0.806	0.256	0.255	0.048	0.048	0.806	0.830
1810	28	0.990	0.983	0.305	0.301	0.058	0.057	0.990	0.983
1811	28	1.103	1.094	0.297	0.289	0.056	0.055	1.109	1.079
1812	28	0.968	0.959	0.175	0.169	0.033	0.032	0.967	0.962
1813	28	0.499	0.488	0.254	0.255	0.048	0.048	0.471	0.557
1814	28	0.908	0.897	0.188	0.193	0.036	0.037	0.903	0.909
1815	28	1.177	1.171	0.219	0.218	0.041	0.041	1.188	1.145
1816	28	1.367	1.361	0.322	0.317	0.061	0.060	1.388	1.308
1817	28	1.175	1.166	0.203	0.207	0.038	0.039	1.185	1.141
1818	30	0.696	0.688	0.209	0.212	0.038	0.039	0.678	0.730
1819	30	0.679	0.676	0.210	0.212	0.038	0.039	0.661	0.719
1820	30	0.666	0.657	0.241	0.243	0.044	0.044	0.646	0.704
1821	30	1.107	1.099	0.182	0.185	0.033	0.034	1.114	1.083
1822	30	0.645	0.638	0.262	0.264	0.048	0.048	0.625	0.688
1823	30	0.705	0.700	0.166	0.170	0.030	0.031	0.688	0.742
1824	30	0.761	0.754	0.198	0.198	0.036	0.036	0.747	0.788
1825	30	1.103	1.098	0.238	0.235	0.044	0.043	1.110	1.081
1826	30	1.220	1.214	0.253	0.249	0.046	0.045	1.234	1.180
1827	30	0.864	0.860	0.159	0.155	0.029	0.028	0.856	0.879
1828	30	1.411	1.406	0.329	0.322	0.060	0.059	1.435	1.343
1829	31	0.940	0.936	0.202	0.198	0.036	0.036	0.937	0.944
1830	33	0.942	0.933	0.242	0.240	0.042	0.042	0.939	0.941
1831	33	1.170	1.170	0.212	0.215	0.037	0.037	1.181	1.142
1832	34	1.125	1.122	0.248	0.245	0.042	0.042	1.133	1.101
1833	34	1.084	1.084	0.192	0.193	0.033	0.033	1.089	1.069
1834	34	0.845	0.846	0.260	0.263	0.045	0.045	0.836	0.868
1835	34	1.034	1.037	0.186	0.192	0.032	0.033	1.037	1.029
1836	34	0.937	0.940	0.180	0.178	0.031	0.031	0.934	0.947
1837	34	0.957	0.960	0.193	0.192	0.033	0.033	0.955	0.964
1838	34	1.201	1.202	0.200	0.188	0.034	0.032	1.213	1.168
1839	34	1.187	1.188	0.201	0.199	0.034	0.034	1.199	1.156
1840	34	1.372	1.372	0.314	0.307	0.054	0.053	1.395	1.310
1841	34	1.183	1.184	0.183	0.181	0.031	0.031	1.194	1.152
1842	36	0.951	0.953	0.164	0.160	0.027	0.027	0.949	0.959
1843	36	1.040	1.043	0.186	0.185	0.031	0.031	1.043	1.034
1844	37	1.006	1.009	0.234	0.236	0.039	0.039	1.007	1.005
1845	37	0.754	0.757	0.221	0.218	0.036	0.036	0.740	0.795
1846	37	0.860	0.861	0.167	0.165	0.028	0.027	0.852	0.882
1847	37	0.503	0.505	0.290	0.288	0.048	0.047	0.473	0.585
1848	37	1.062	1.064	0.154	0.151	0.025	0.025	1.066	1.051
1849	37	1.299	1.298	0.220	0.218	0.036	0.036	1.317	1.246
1850	37	1.143	1.142	0.156	0.154	0.026	0.025	1.152	1.116
1851	39	0.685	0.688	0.209	0.209	0.034	0.033	0.666	0.739
1852	39	1.166	1.171	0.292	0.293	0.047	0.047	1.177	1.140
1853	39	1.149	1.151	0.184	0.184	0.029	0.029	1.159	1.123
1854	39	1.139	1.140	0.224	0.225	0.036	0.036	1.148	1.114
1855	39	0.940	0.942	0.213	0.214	0.034	0.034	0.937	0.950
1856	39	1.171	1.172	0.245	0.247	0.039	0.040	1.182	1.140
1857	39	1.084	1.084	0.197	0.199	0.032	0.032	1.089	1.067
1858	39	1.184	1.187	0.249	0.253	0.040	0.040	1.196	1.152
1859	39	0.792	0.794	0.223	0.223	0.036	0.036	0.780	0.829
1860	39	1.008	1.010	0.271	0.273	0.043	0.044	1.009	1.006
1861	40	0.262	0.263	0.308	0.309	0.049	0.049	0.216	0.392
1862	40	1.195	1.194	0.200	0.203	0.032	0.032	1.208	1.158
1863	40	1.215	1.214	0.319	0.311	0.050	0.049	1.229	1.174
1864	40	0.680	0.682	0.249	0.248	0.039	0.039	0.660	0.737
1865	40	1.140	1.139	0.246	0.244	0.039	0.039	1.149	1.112
1866	41	1.286	1.287	0.260	0.257	0.041	0.040	1.304	1.232
1867	41	1.209	1.210	0.212	0.211	0.033	0.033	1.223	1.169
1868	42	1.660	1.659	0.437	0.433	0.067	0.067	1.702	1.536
1869	42	1.388	1.387	0.372	0.367	0.057	0.057	1.413	1.313
1870	43	1.462	1.460	0.383	0.380	0.058	0.058	1.492	1.373
1871	43	0.762	0.761	0.204	0.205	0.031	0.031	0.748	0.803
1872	43	0.643	0.641	0.261	0.261	0.040	0.040	0.621	0.706
1873	43	0.827	0.824	0.167	0.169	0.025	0.026	0.816	0.855
1874	43	0.879	0.882	0.261	0.258	0.040	0.039	0.871	0.902
1875	42	0.804	0.803	0.196	0.197	0.030	0.030	0.792	0.838
1876	42	0.616	0.612	0.221	0.223	0.034	0.034	0.592	0.684
1877	41	1.275	1.268	0.235	0.230	0.037	0.036	1.293	1.215
1878	41	1.041	1.032	0.201	0.193	0.031	0.030	1.044	1.024
1879	41	0.747	0.741	0.266	0.269	0.041	0.042	0.732	0.789
1880	41	0.849	0.847	0.245	0.245	0.038	0.038	0.840	0.874
1881	41	0.752	0.744	0.231	0.229	0.036	0.036	0.737	0.792
1882	41	0.760	0.753	0.189	0.192	0.029	0.030	0.745	0.799
1883	41	0.655	0.650	0.218	0.219	0.034	0.034	0.634	0.716
1884	41	0.984	0.979	0.193	0.188	0.030	0.029	0.983	0.981
1885	41	1.104	1.097	0.188	0.186	0.029	0.029	1.111	1.076
1886	42	1.027	1.020	0.197	0.194	0.030	0.030	1.029	1.014
1887	42	0.862	0.855	0.201	0.199	0.031	0.031	0.854	0.882
1888	42	1.064	1.057	0.192	0.192	0.030	0.030	1.068	1.043
1889	42	1.027	1.021	0.211	0.205	0.033	0.032	1.029	1.015
1890	42	1.142	1.135	0.206	0.209	0.032	0.032	1.151	1.105
1891	43	1.059	1.052	0.192	0.193	0.029	0.029	1.063	1.040
1892	43	1.127	1.118	0.219	0.222	0.033	0.034	1.135	1.092
1893	43	0.760	0.757	0.201	0.206	0.031	0.031	0.745	0.804
1894	43	0.650	0.646	0.198	0.199	0.030	0.030	0.628	0.717
1895	43	0.767	0.764	0.189	0.188	0.029	0.029	0.752	0.810
1896	43	0.625	0.623	0.181	0.184	0.028	0.028	0.601	0.699
1897	44	1.093	1.092	0.258	0.263	0.039	0.040	1.100	1.071
1898	44	1.043	1.038	0.213	0.209	0.032	0.032	1.046	1.028
1899	44	0.398	0.397	0.292	0.289	0.044	0.044	0.359	0.521
1900	44	0.550	0.551	0.228	0.229	0.034	0.035	0.521	0.644
1901	44	0.834	0.837	0.188	0.189	0.028	0.029	0.824	0.869
1902	44	0.166	0.174	0.195	0.197	0.029	0.030	0.113	0.347
1903	45	1.021	1.024	0.287	0.289	0.043	0.043	1.023	1.017
1904	45	0.365	0.373	0.245	0.244	0.037	0.036	0.324	0.505
1905	45	1.061	1.067	0.229	0.229	0.034	0.034	1.066	1.051
1906	45	1.119	1.126	0.277	0.276	0.041	0.041	1.128	1.096
1907	45	1.506	1.509	0.391	0.389	0.058	0.058	1.539	1.396
1908	45	1.239	1.238	0.300	0.295	0.045	0.044	1.255	1.184
1909	45	1.278	1.285	0.387	0.382	0.058	0.057	1.297	1.221
1910	45	1.121	1.126	0.273	0.265	0.041	0.040	1.129	1.096
1911	45	1.563	1.575	0.482	0.485	0.072	0.072	1.600	1.446
1912	48	1.506	1.525	0.396	0.377	0.057	0.054	1.539	1.407
1913	48	0.851	0.874	0.212	0.206	0.031	0.030	0.842	0.900
1914	48	1.437	1.455	0.294	0.278	0.042	0.040	1.466	1.352
1915	48	1.408	1.425	0.333	0.323	0.048	0.047	1.435	1.328
1916	48	1.366	1.381	0.358	0.356	0.052	0.051	1.390	1.293
1917	51	1.126	1.144	0.299	0.270	0.042	0.038	1.135	1.110
1918	51	1.142	1.160	0.249	0.250	0.035	0.035	1.152	1.122
1919	51	1.241	1.267	0.328	0.311	0.046	0.044	1.256	1.204
1920	51	1.271	1.298	0.221	0.224	0.031	0.031	1.289	1.227
1921	51	1.330	1.349	0.248	0.255	0.035	0.036	1.351	1.267
1922	51	1.016	1.036	0.230	0.212	0.032	0.030	1.018	1.026
1923	51	0.833	0.856	0.223	0.223	0.031	0.031	0.822	0.887
1924	51	1.046	1.066	0.254	0.248	0.036	0.035	1.050	1.049
1925	51	0.939	0.960	0.200	0.196	0.028	0.027	0.936	0.967
1926	51	1.426	1.441	0.361	0.364	0.051	0.051	1.454	1.336
1927	51	1.434	1.450	0.365	0.367	0.051	0.051	1.462	1.342
1928	51	0.959	0.991	0.230	0.228	0.032	0.032	0.957	0.991
1929	51	0.911	0.928	0.271	0.266	0.038	0.037	0.906	0.943
1930	51	1.087	1.103	0.324	0.321	0.045	0.045	1.093	1.077
1931	51	0.858	0.875	0.285	0.277	0.040	0.039	0.849	0.903
1932	51	1.381	1.391	0.336	0.330	0.047	0.046	1.406	1.296
1933	51	1.057	1.070	0.231	0.230	0.032	0.032	1.061	1.051
1934	51	0.601	0.617	0.255	0.249	0.036	0.035	0.576	0.707
1935	51	0.895	0.904	0.238	0.234	0.033	0.033	0.889	0.925
1936	51	0.748	0.757	0.207	0.203	0.029	0.028	0.733	0.813
1937	51	1.257	1.265	0.268	0.260	0.038	0.036	1.274	1.198
1938	51	1.348	1.354	0.301	0.300	0.042	0.042	1.370	1.266
1939	50	0.859	0.865	0.165	0.166	0.023	0.024	0.850	0.896
1940	50	0.787	0.792	0.203	0.197	0.029	0.028	0.774	0.841
1941	48	1.394	1.393	0.264	0.261	0.038	0.038	1.419	1.294
1942	48	1.254	1.254	0.228	0.231	0.033	0.033	1.270	1.189
1943	48	1.075	1.077	0.219	0.217	0.032	0.031	1.080	1.056
1944	48	0.982	0.985	0.204	0.205	0.029	0.030	0.981	0.987
1945	48	0.787	0.791	0.162	0.169	0.023	0.024	0.774	0.841
1946	48	0.644	0.645	0.241	0.238	0.035	0.034	0.622	0.731
1947	48	0.805	0.813	0.230	0.224	0.033	0.032	0.793	0.858
1948	48	0.860	0.860	0.209	0.207	0.030	0.030	0.852	0.893
1949	50	1.152	1.142	0.230	0.224	0.032	0.032	1.162	1.104
1950	51	0.662	0.654	0.194	0.184	0.027	0.026	0.641	0.739
1951	51	0.554	0.540	0.196	0.186	0.027	0.026	0.526	0.654
1952	51	1.070	1.063	0.256	0.250	0.036	0.035	1.075	1.045
1953	51	0.790	0.778	0.178	0.178	0.025	0.025	0.778	0.833
1954	52	0.737	0.725	0.247	0.245	0.034	0.034	0.721	0.793
1955	52	0.685	0.679	0.182	0.188	0.025	0.026	0.665	0.759
1956	51	0.632	0.621	0.197	0.205	0.028	0.029	0.609	0.716
1957	51	1.135	1.121	0.354	0.331	0.050	0.046	1.145	1.088
1958	50	0.884	0.875	0.215	0.213	0.030	0.030	0.877	0.905
1959	50	0.466	0.458	0.226	0.228	0.032	0.032	0.432	0.596
1960	50	1.097	1.092	0.243	0.233	0.034	0.033	1.104	1.066
1961	50	0.950	0.942	0.223	0.220	0.032	0.031	0.947	0.955
1962	50	0.761	0.757	0.185	0.186	0.026	0.026	0.746	0.818
1963	50	0.779	0.775	0.200	0.205	0.028	0.029	0.766	0.832
1964	50	0.732	0.729	0.222	0.221	0.031	0.031	0.715	0.798
1965	50	1.301	1.296	0.287	0.279	0.041	0.039	1.320	1.216
1966	52	1.143	1.142	0.276	0.267	0.038	0.037	1.153	1.103
1967	52	0.927	0.922	0.222	0.213	0.031	0.030	0.923	0.941
1968	52	0.957	0.955	0.201	0.202	0.028	0.028	0.955	0.965
1969	52	1.281	1.272	0.401	0.400	0.056	0.055	1.299	1.197
1970	52	1.309	1.300	0.305	0.305	0.042	0.042	1.329	1.218
1971	52	0.862	0.855	0.245	0.243	0.034	0.034	0.853	0.891
1972	52	0.840	0.837	0.219	0.218	0.030	0.030	0.830	0.879
1973	52	1.229	1.225	0.186	0.176	0.026	0.024	1.244	1.163
1974	52	0.794	0.794	0.238	0.235	0.033	0.033	0.782	0.847
1975	52	1.156	1.150	0.275	0.258	0.038	0.036	1.166	1.107
1976	50	0.816	0.814	0.179	0.190	0.025	0.027	0.804	0.862
1977	50	0.249	0.249	0.189	0.183	0.027	0.026	0.202	0.451
1978	50	1.175	1.173	0.216	0.213	0.031	0.030	1.186	1.124
1979	50	1.324	1.321	0.264	0.250	0.037	0.035	1.345	1.231
1980	50	1.199	1.193	0.255	0.242	0.036	0.034	1.212	1.138
1981	50	1.178	1.174	0.419	0.415	0.059	0.059	1.190	1.124
1982	50	1.170	1.161	0.261	0.276	0.037	0.039	1.181	1.114
1983	50	1.548	1.538	0.390	0.382	0.055	0.054	1.584	1.387
1984	50	1.070	1.064	0.249	0.233	0.035	0.033	1.075	1.044
1985	50	1.355	1.349	0.355	0.344	0.050	0.049	1.378	1.250
1986	50	1.525	1.523	0.357	0.363	0.050	0.051	1.559	1.375
1987	50	1.368	1.367	0.334	0.339	0.047	0.048	1.392	1.263
1988	50	1.576	1.560	0.417	0.419	0.059	0.059	1.613	1.401
1989	50	1.148	1.122	0.328	0.311	0.046	0.044	1.158	1.086
1990	50	0.946	0.949	0.201	0.193	0.028	0.027	0.943	0.961
1991	50	0.922	0.916	0.226	0.218	0.032	0.031	0.918	0.937
1992	50	1.264	1.277	0.230	0.257	0.032	0.036	1.281	1.196
1993	50	1.232	1.231	0.263	0.256	0.037	0.036	1.247	1.163
1994	50	0.860	0.861	0.236	0.230	0.033	0.033	0.852	0.898
1995	50	1.406	1.403	0.338	0.338	0.048	0.048	1.433	1.286
1996	50	0.728	0.719	0.151	0.161	0.021	0.023	0.711	0.797
1997	50	1.105	1.101	0.273	0.270	0.039	0.038	1.112	1.070
1998	50	1.083	1.073	0.276	0.266	0.039	0.038	1.088	1.050
1999	50	1.241	1.214	0.461	0.442	0.065	0.063	1.257	1.150
2000	50	0.804	0.789	0.214	0.204	0.030	0.029	0.792	0.847
2001	50	0.670	0.646	0.171	0.193	0.024	0.027	0.650	0.746
2002	50	0.205	0.197	0.143	0.141	0.020	0.020	0.155	0.428
2003	50	0.738	0.727	0.262	0.254	0.037	0.036	0.722	0.804
2004	50	0.881	0.852	0.254	0.255	0.036	0.036	0.874	0.893
2005	50	0.988	0.961	0.206	0.191	0.029	0.027	0.988	0.970
2006	50	0.641	0.614	0.288	0.295	0.041	0.042	0.618	0.725
2007	50	0.837	0.803	0.225	0.217	0.032	0.031	0.828	0.859
2008	50	1.012	0.976	0.236	0.224	0.033	0.032	1.013	0.981
2009	50	0.940	0.907	0.202	0.218	0.029	0.031	0.937	0.932
2010	46	1.039	1.005	0.226	0.234	0.033	0.034	1.042	1.002
2011	36	0.845	0.822	0.211	0.230	0.035	0.038	0.836	0.873
