# Mesa Verde, Colorado 1,300 Year Moisture Balance Reconstructions
#----------------------------------------------------------------------- 
#                World Data Service for Paleoclimatology, Boulder 
#                                  and 
#                     NOAA Paleoclimatology Program 
#             National Centers for Environmental Information (NCEI)
#----------------------------------------------------------------------- 
# 
# NOTE: Please cite Publication, and Online_Resource and date accessed when using these data. 
# If there is no publication information, please cite Investigators, Title, and Online_Resource and date accessed. 
#
# Online_Resource: https://www.ncdc.noaa.gov/paleo/study/19059 
# Online_Resource: http://www1.ncdc.noaa.gov/pub/data/paleo/treering/reconstructions/northamerica/usa/colorado/mesaverde2015rwcrn.txt
#
# Original_Source_URL: 
# 
# Description/Documentation lines begin with #
# Data lines have no #
#
# Archive: Climate Reconstructions
#
# Parameter_Keywords: 
---------------------
# Contribution_Date
#	Date: 2015-07-21
#--------------------
# Title
#	Study_Name: Mesa Verde, Colorado 1,300 Year Moisture Balance Reconstructions
#--------------------
# Investigators
# 	Investigators: Stahle, D.W.; Edmondson, J.R.; Burns, J.N.; Stahle, D.K.; Burnette, D.J.; Kvamme, E.; Lequesne, C.; Therrell, M.D.
#--------------------
# Description_and_Notes
#	Description: Reconstructions of effective moisture index (difference between total monthly precipitation and potential evapotranspiration, P-PE) 
#	at the Mesa Verde National Park headquarters station for 722 - 2011 AD.  Separate reconstructions of P-PE were computed for cool season (Sept-May) 
#	and early warm season (June-July).  Reconstructions are based on living and remnant wood Douglas-fir tree-ring chronologies from the Mancos River 
#	site.  Total ring width, earlywood width, and latewood width raw measurements are archived in the International Tree-Ring Data Bank, site code CO651. 
#	Chronologies generated with Program  RCSigFree, ER Cook, PJ Krusic, T. Melvin, 3/16/2014
#	Col 10 (SsfStb) is the Signal Free TRW width chronology calculated as residuals:
#	AGE-DEPENDENT SPLINE SMOOTHING AND START:  OPT    8   50
#	TUKEY ROBUST BIWEIGHT MEAN CHRONOLOGY CALCULATED, COOK CONVERGENCE CRITERIA USED
#	CONSTANT ADDED TO ALL MEASUREMENTS TO AID CONVERGENCE(?):       0.000
#	THE MEAN ADAPTIVE POWER TRANSFORM POWER APPLIED IS:             0.713
#
#--------------------
# Publication 
#	Authors: Stahle, D.W., J.R. Edmondson, J.N. Burns, D.K. Stahle, D.J. Burnette, E. Kvamme, C. Lequesne, and M.D. Therrell 
#	Published_Date_or_Year: 2015-07-01
#	Published_Title: Bridging the Gap with Subfossil Douglas-fir at Mesa Verde, Colorado
#	Journal_Name: Tree-Ring Research
#	Volume: 71
#	Edition: 
#	Issue: 2
#	Pages: 
#	Report_Number: 
#	DOI: 
#	Online_Resource: 
#	Full_Citation: 
#	Abstract: Old Rocky Mountain Douglas-fir (Pseudotsuga menziesii) trees and remnant "subfossil" logs have been found on the outcrop of a mafic igneous intrusion above the Mancos River Valley near Mesa Verde National Park. These trees and logs have been used to develop earlywood (EW), latewood (LW), and total ring width (TRW) chronologies dating from AD 722-2011. The new chronologies include good series replication during the former chronological "gap" from AD 1250 to 1400, which was so problematic for the initial development of the "Central Pueblo" chronology by A. E. Douglas. Discrete reconstructions of the cool-season (September-May) and early warm-season (June-July) moisture balance for Mesa Verde have been derived from the EW and adjusted LW width chronologies from the Mancos Valley. Cool-season drought is estimated to have been more severe and sustained than early warm-season conditions during the "Great Drought" of the late-13th Century when southwestern Colorado was depopulated. The combined archaeological, subfossil, and living tree chronologies of EW, LW, and TRW for the Mancos River and Mesa Verde Douglas-fir now date from AD 480-2011.
#------------------
# Funding_Agency 
#	Funding_Agency_Name: US National Science Foundation
#	Grant: AGS-1266014
#------------------
# Funding_Agency 
#	Funding_Agency_Name: US National Oceanic and Atmospheric Administration
#	Grant: NA08OAR4310727, DEB-0816400
#------------------
# Site_Information 
#	Site_Name: Mesa Verde
#	Location: North America>United States Of America>Colorado
#	Country: United States Of America
#	Northernmost_Latitude: 37.2
#	Southernmost_Latitude: 37.2
#	Easternmost_Longitude: -108.5
#	Westernmost_Longitude: -108.5
#	Elevation: 2139 m  
#------------------
# Data_Collection   
#	Collection_Name: MesaVerde2015RW
#	Earliest_Year: 722
#	Most_Recent_Year: 2011 
#	Time_Unit:  AD
#	Core_Length: m
#	Notes: 
#------------------
# Species 
#	Species_Name: Pseudotsuga menziesii
#	Common_Name: Douglas-fir
#	Tree_Species_Code: PSME
#------------------
# Chronology_Information
#	Chronology: 
# 	
#----------------	
# Variables 
#
# Data variables follow are preceded by "##" in columns one and two.
# Data line variables format:  Variables list, one per line, shortname-tab-longname-tab-longname components (9 components: what, material, error, units, seasonality, archive, detail, method, C or N for Character or Numeric data) 
#
## age_AD	age, , , AD, , , , ,N
## trsgi.spd	Tree Ring Standardized Growth Index Sample Depth, , , , , tree ring, , ,N 
## trsgi	Tree Ring Standardized Growth Index, , , , , tree ring, , RCSigFree,N 
## SsfCrn	SsfCrn Tree Ring Index, , , , , tree ring, , RCSigFree,N 
## StdSig	StdSig Tree Ring Index, , , , , tree ring, , RCSigFree,N 
## SsfSig	SsfSig Tree Ring Index, , , , , tree ring, , RCSigFree,N 
## StdSee	StdSee Tree Ring Index, , , , , tree ring, , RCSigFree,N 
## SsfSee	SsfSee Tree Ring Index, , , , , tree ring, , RCSigFree,N 
## StdStb	StdStb Tree Ring Index, , , , , tree ring, , RCSigFree,N 
## SsfStb	SsfStb Tree Ring Index, , , , , tree ring, , RCSigFree,N 
#
#----------------
# Data:
# Data lines follow (have no #)
# Data line format - tab-delimited text, variable short name as header
# Missing Values: 
# # Mancos River total ring width signal-free chronologies
#
age_AD	trsgi.spd	trsgi	SsfCrn	StdSig	SsfSig	StdSee	SsfSee	StdStb	SsfStb
722	2	0.875	0.878	0.125	0.121	0.088	0.086	0.944	0.935
723	2	1.008	1.013	0.137	0.134	0.097	0.095	1.004	1.009
724	2	0.004	0.007	0.000	0.000	0.000	0.000	0.549	0.458
725	2	1.054	1.069	0.049	0.047	0.035	0.034	1.025	1.040
726	2	0.431	0.466	0.204	0.204	0.145	0.144	0.742	0.708
727	3	0.996	1.024	0.091	0.205	0.052	0.118	0.999	1.016
728	3	1.172	1.200	0.223	0.219	0.129	0.127	1.081	1.115
729	3	1.477	1.504	0.025	0.022	0.014	0.013	1.223	1.287
730	3	1.663	1.691	0.007	0.011	0.004	0.006	1.310	1.393
731	3	1.562	1.601	0.008	0.006	0.005	0.003	1.263	1.342
732	3	1.072	1.190	0.106	0.037	0.061	0.021	1.034	1.110
733	3	1.461	1.572	0.026	0.099	0.015	0.057	1.216	1.327
734	3	0.744	0.827	0.092	0.020	0.053	0.012	0.881	0.904
735	3	1.476	1.530	0.328	0.321	0.189	0.185	1.223	1.303
736	3	1.152	1.277	0.051	0.137	0.029	0.079	1.072	1.160
737	3	1.007	1.132	0.199	0.118	0.115	0.068	1.004	1.077
738	3	0.004	0.007	0.000	0.000	0.000	0.000	0.533	0.435
739	3	0.580	0.711	0.044	0.109	0.025	0.063	0.804	0.836
740	3	0.728	0.852	0.036	0.091	0.021	0.053	0.873	0.917
741	3	1.594	1.668	0.185	0.219	0.107	0.127	1.280	1.385
742	3	0.549	0.673	0.236	0.272	0.136	0.157	0.788	0.814
743	3	1.591	1.671	0.227	0.223	0.131	0.129	1.279	1.388
744	3	1.698	1.779	0.363	0.354	0.209	0.204	1.329	1.450
745	3	1.088	1.184	0.147	0.129	0.085	0.075	1.042	1.108
746	3	1.996	2.078	0.199	0.195	0.115	0.112	1.471	1.623
747	3	1.500	1.593	0.231	0.232	0.134	0.134	1.237	1.344
748	3	0.220	0.355	0.128	0.145	0.074	0.084	0.632	0.629
749	3	1.144	1.244	0.311	0.322	0.180	0.186	1.069	1.143
750	3	1.347	1.442	0.089	0.110	0.052	0.064	1.165	1.258
751	3	0.004	0.007	0.000	0.000	0.000	0.000	0.529	0.426
752	3	1.925	2.025	0.144	0.141	0.083	0.082	1.439	1.597
753	3	1.957	2.059	0.146	0.143	0.084	0.082	1.454	1.618
754	3	0.883	1.018	0.038	0.051	0.022	0.029	0.945	1.012
755	3	0.795	0.935	0.094	0.107	0.054	0.062	0.903	0.964
756	3	0.718	0.852	0.111	0.092	0.064	0.053	0.867	0.916
757	3	0.004	0.067	0.000	0.005	0.000	0.003	0.527	0.457
758	3	0.928	1.062	0.108	0.087	0.062	0.050	0.966	1.038
759	3	0.788	0.928	0.397	0.370	0.229	0.214	0.899	0.960
760	3	0.533	0.681	0.072	0.032	0.042	0.018	0.778	0.815
761	3	1.114	1.253	0.026	0.012	0.015	0.007	1.055	1.150
762	3	0.907	1.039	0.011	0.015	0.006	0.009	0.956	1.025
763	3	0.558	0.683	0.071	0.027	0.041	0.016	0.789	0.816
764	3	0.835	0.996	0.109	0.091	0.063	0.052	0.921	1.000
765	3	1.275	1.427	0.171	0.222	0.099	0.128	1.132	1.253
766	3	1.612	1.757	0.397	0.381	0.229	0.220	1.294	1.449
767	3	0.551	0.726	0.334	0.307	0.193	0.177	0.785	0.840
768	3	1.399	1.554	0.656	0.633	0.379	0.365	1.192	1.330
769	3	1.027	1.194	0.049	0.111	0.028	0.064	1.014	1.117
770	3	0.467	0.650	0.045	0.110	0.026	0.063	0.744	0.794
771	3	0.518	0.702	0.062	0.127	0.036	0.073	0.769	0.825
772	3	0.898	1.030	0.170	0.102	0.098	0.059	0.951	1.020
773	3	0.771	0.907	0.075	0.009	0.044	0.005	0.890	0.947
774	3	0.407	0.597	0.045	0.110	0.026	0.063	0.715	0.762
775	3	0.004	0.007	0.000	0.000	0.000	0.000	0.520	0.409
776	3	0.587	0.732	0.065	0.001	0.037	0.001	0.801	0.842
777	3	0.967	1.144	0.057	0.039	0.033	0.023	0.985	1.088
778	3	0.004	0.033	0.000	0.039	0.000	0.022	0.519	0.423
779	3	0.450	0.622	0.029	0.034	0.017	0.020	0.734	0.776
780	3	0.368	0.542	0.025	0.031	0.014	0.018	0.694	0.727
781	3	0.624	0.796	0.079	0.056	0.045	0.032	0.818	0.880
782	3	0.287	0.477	0.009	0.017	0.005	0.010	0.654	0.687
783	3	0.482	0.658	0.003	0.017	0.002	0.010	0.748	0.796
784	3	0.764	0.945	0.053	0.071	0.030	0.041	0.885	0.969
785	3	2.131	2.241	0.207	0.154	0.120	0.089	1.552	1.751
786	3	1.557	1.690	0.038	0.015	0.022	0.009	1.272	1.419
787	3	1.846	1.995	0.124	0.171	0.071	0.099	1.414	1.604
788	3	1.184	1.350	0.076	0.126	0.044	0.073	1.091	1.214
789	3	2.640	2.764	0.576	0.568	0.332	0.328	1.803	2.072
790	3	1.156	1.309	0.090	0.102	0.052	0.059	1.077	1.190
791	3	2.111	2.246	0.071	0.024	0.041	0.014	1.546	1.760
792	3	1.683	1.796	0.059	0.019	0.034	0.011	1.336	1.487
793	3	1.694	1.835	0.296	0.244	0.171	0.141	1.342	1.511
794	3	2.517	2.607	0.018	0.062	0.011	0.036	1.748	1.983
795	3	0.612	0.766	0.017	0.002	0.010	0.001	0.809	0.859
796	3	1.621	1.729	0.152	0.115	0.088	0.066	1.307	1.448
797	3	0.004	0.103	0.000	0.028	0.000	0.016	0.508	0.452
798	3	1.858	1.978	0.080	0.081	0.046	0.047	1.425	1.602
799	3	1.663	1.764	0.031	0.003	0.018	0.001	1.329	1.471
800	3	2.453	2.530	0.390	0.345	0.225	0.199	1.722	1.943
801	3	0.943	1.080	0.246	0.201	0.142	0.116	0.972	1.051
802	3	2.167	2.246	0.145	0.174	0.084	0.101	1.582	1.770
803	3	3.098	3.150	0.144	0.169	0.083	0.098	2.046	2.329
804	3	2.577	2.659	0.077	0.083	0.045	0.048	1.788	2.027
805	3	2.216	2.305	0.072	0.067	0.042	0.039	1.608	1.809
806	3	1.760	1.855	0.350	0.341	0.202	0.197	1.381	1.532
807	3	0.823	0.940	0.112	0.122	0.064	0.070	0.912	0.965
808	3	0.538	0.658	0.052	0.019	0.030	0.011	0.769	0.790
809	3	0.004	0.007	0.000	0.000	0.000	0.000	0.500	0.384
810	3	1.989	2.044	0.270	0.238	0.156	0.137	1.498	1.652
811	3	0.918	0.996	0.012	0.029	0.007	0.017	0.959	0.999
812	3	1.374	1.453	0.134	0.106	0.077	0.061	1.189	1.285
813	3	1.423	1.496	0.290	0.260	0.167	0.150	1.214	1.312
814	3	1.974	2.015	0.180	0.195	0.104	0.112	1.494	1.637
815	3	1.389	1.454	0.297	0.269	0.171	0.155	1.198	1.286
816	3	1.245	1.295	0.094	0.112	0.054	0.065	1.125	1.187
817	3	0.621	0.698	0.072	0.048	0.041	0.028	0.808	0.812
818	3	0.570	0.643	0.197	0.204	0.114	0.118	0.781	0.778
819	3	0.004	0.007	0.000	0.000	0.000	0.000	0.492	0.376
820	3	1.964	1.990	0.176	0.158	0.101	0.091	1.494	1.626
821	3	2.272	2.286	0.071	0.057	0.041	0.033	1.652	1.814
822	3	1.449	1.471	0.169	0.177	0.097	0.102	1.231	1.299
823	3	0.004	0.007	0.000	0.000	0.000	0.000	0.489	0.373
824	3	0.539	0.575	0.003	0.017	0.002	0.010	0.763	0.733
825	3	0.343	0.383	0.051	0.046	0.029	0.027	0.662	0.611
826	3	1.100	1.115	0.031	0.039	0.018	0.023	1.052	1.075
827	3	0.634	0.660	0.149	0.140	0.086	0.081	0.811	0.785
828	3	1.327	1.328	0.074	0.062	0.043	0.036	1.170	1.211
829	3	0.216	0.248	0.010	0.021	0.006	0.012	0.593	0.522
830	3	0.477	0.498	0.032	0.040	0.019	0.023	0.728	0.681
831	3	0.946	0.946	0.119	0.112	0.069	0.065	0.972	0.967
832	3	1.243	1.232	0.099	0.101	0.057	0.058	1.127	1.150
833	3	0.654	0.657	0.221	0.211	0.128	0.122	0.819	0.782
834	3	0.694	0.690	0.014	0.011	0.008	0.006	0.840	0.803
835	3	0.313	0.312	0.065	0.066	0.038	0.038	0.640	0.560
836	3	1.005	0.988	0.034	0.030	0.020	0.017	1.003	0.994
837	3	0.271	0.266	0.071	0.066	0.041	0.038	0.616	0.529
838	3	0.886	0.864	0.141	0.136	0.081	0.079	0.940	0.914
839	3	0.830	0.805	0.063	0.062	0.036	0.036	0.911	0.876
840	3	0.237	0.224	0.047	0.041	0.027	0.023	0.596	0.500
841	3	0.908	0.873	0.053	0.049	0.031	0.029	0.951	0.919
842	3	0.240	0.219	0.055	0.059	0.032	0.034	0.596	0.496
843	3	0.986	0.945	0.121	0.113	0.070	0.065	0.993	0.966
844	3	0.467	0.433	0.035	0.036	0.020	0.021	0.715	0.633
845	3	1.024	0.976	0.058	0.062	0.033	0.036	1.014	0.986
846	3	0.933	0.883	0.132	0.133	0.076	0.077	0.964	0.926
847	3	0.316	0.280	0.018	0.010	0.010	0.006	0.633	0.532
848	3	1.053	0.996	0.064	0.061	0.037	0.035	1.029	1.000
849	3	0.459	0.409	0.021	0.027	0.012	0.016	0.708	0.615
850	3	0.944	0.882	0.052	0.055	0.030	0.032	0.970	0.925
851	3	0.928	0.864	0.007	0.011	0.004	0.007	0.961	0.913
852	3	1.668	1.577	0.030	0.043	0.017	0.025	1.363	1.381
853	3	1.548	1.467	0.028	0.013	0.016	0.008	1.299	1.309
854	3	1.462	1.380	0.011	0.010	0.006	0.006	1.252	1.252
855	3	1.288	1.209	0.123	0.106	0.071	0.061	1.158	1.140
856	3	1.570	1.482	0.139	0.135	0.081	0.078	1.313	1.320
857	3	0.392	0.324	0.025	0.025	0.014	0.014	0.667	0.555
858	3	1.410	1.322	0.101	0.102	0.058	0.059	1.226	1.215
859	3	0.821	0.741	0.028	0.021	0.016	0.012	0.902	0.830
860	3	1.205	1.115	0.052	0.040	0.030	0.023	1.114	1.079
861	3	1.041	0.953	0.008	0.009	0.004	0.005	1.023	0.970
862	3	1.639	1.526	0.011	0.028	0.006	0.016	1.355	1.352
863	3	0.351	0.271	0.065	0.066	0.038	0.038	0.640	0.516
864	3	0.753	0.660	0.105	0.110	0.061	0.063	0.863	0.775
865	3	1.184	1.078	0.103	0.113	0.059	0.065	1.103	1.054
866	3	0.961	0.865	0.213	0.198	0.123	0.114	0.979	0.912
867	3	0.257	0.182	0.012	0.003	0.007	0.002	0.584	0.454
868	3	0.701	0.607	0.071	0.057	0.041	0.033	0.832	0.738
869	3	1.082	0.972	0.066	0.076	0.038	0.044	1.047	0.983
870	3	0.434	0.353	0.018	0.036	0.010	0.021	0.681	0.566
871	3	0.762	0.671	0.022	0.010	0.013	0.006	0.866	0.781
872	3	0.807	0.706	0.100	0.086	0.058	0.050	0.891	0.804
873	3	0.599	0.502	0.028	0.034	0.016	0.019	0.773	0.666
874	3	0.755	0.648	0.023	0.002	0.013	0.001	0.861	0.764
875	3	0.766	0.664	0.036	0.027	0.021	0.016	0.867	0.774
876	3	0.935	0.822	0.036	0.044	0.021	0.025	0.963	0.881
877	3	0.224	0.142	0.028	0.010	0.016	0.006	0.555	0.419
878	3	0.318	0.220	0.123	0.100	0.071	0.057	0.608	0.472
879	3	0.914	0.798	0.080	0.055	0.046	0.032	0.951	0.865
880	3	0.019	0.007	0.022	0.000	0.012	0.000	0.434	0.325
881	3	0.613	0.509	0.020	0.004	0.012	0.003	0.777	0.667
882	3	0.491	0.385	0.030	0.008	0.018	0.005	0.705	0.582
883	3	0.581	0.487	0.036	0.057	0.021	0.033	0.757	0.651
884	3	0.103	0.007	0.102	0.000	0.059	0.000	0.478	0.321
885	3	0.779	0.664	0.155	0.128	0.089	0.074	0.872	0.772
886	3	0.794	0.678	0.139	0.143	0.080	0.083	0.880	0.781
887	3	0.782	0.667	0.024	0.000	0.014	0.000	0.873	0.772
888	3	0.804	0.687	0.077	0.052	0.045	0.030	0.885	0.786
889	3	0.989	0.872	0.019	0.006	0.011	0.004	0.994	0.913
890	3	1.051	0.927	0.031	0.043	0.018	0.025	1.030	0.951
891	3	0.824	0.706	0.120	0.093	0.069	0.054	0.896	0.799
892	3	0.774	0.674	0.006	0.030	0.003	0.017	0.866	0.776
893	3	0.773	0.663	0.000	0.016	0.000	0.009	0.866	0.768
894	3	0.517	0.423	0.088	0.069	0.051	0.040	0.712	0.601
895	3	1.003	0.881	0.063	0.036	0.036	0.021	1.002	0.919
896	3	1.688	1.566	0.126	0.150	0.073	0.087	1.413	1.396
897	3	1.352	1.220	0.166	0.135	0.096	0.078	1.212	1.156
898	3	1.060	0.936	0.041	0.014	0.024	0.008	1.037	0.957
899	3	1.430	1.297	0.197	0.165	0.113	0.095	1.260	1.210
900	3	1.582	1.444	0.113	0.130	0.065	0.075	1.353	1.313
901	3	0.572	0.467	0.021	0.014	0.012	0.008	0.741	0.628
902	3	1.487	1.353	0.125	0.094	0.072	0.055	1.297	1.250
903	3	1.150	1.025	0.007	0.033	0.004	0.019	1.092	1.020
904	3	0.933	0.831	0.035	0.009	0.020	0.005	0.960	0.883
905	3	1.318	1.189	0.044	0.016	0.025	0.009	1.195	1.135
906	3	0.306	0.207	0.160	0.176	0.093	0.102	0.574	0.442
907	7	0.090	0.067	0.086	0.062	0.033	0.023	0.446	0.350
908	7	0.859	0.842	0.411	0.320	0.155	0.121	0.914	0.892
909	7	1.065	1.044	0.272	0.198	0.103	0.075	1.040	1.033
910	7	1.387	1.345	0.108	0.063	0.041	0.024	1.238	1.244
911	7	1.634	1.609	0.411	0.505	0.155	0.191	1.391	1.430
912	7	1.660	1.623	0.203	0.260	0.077	0.098	1.408	1.440
913	7	1.103	1.070	0.078	0.090	0.030	0.034	1.064	1.051
914	7	1.446	1.412	0.075	0.076	0.028	0.029	1.277	1.292
915	7	1.306	1.281	0.162	0.225	0.061	0.085	1.191	1.201
916	7	1.271	1.303	0.307	0.608	0.116	0.230	1.169	1.216
917	7	1.468	1.438	0.107	0.132	0.040	0.050	1.292	1.313
918	7	1.194	1.165	0.117	0.105	0.044	0.040	1.122	1.119
919	7	0.978	0.944	0.129	0.082	0.049	0.031	0.987	0.962
920	7	0.735	0.703	0.117	0.178	0.044	0.067	0.834	0.791
921	7	0.939	0.974	0.049	0.137	0.019	0.052	0.962	0.983
922	7	0.893	0.857	0.114	0.179	0.043	0.068	0.933	0.900
923	7	0.491	0.457	0.125	0.175	0.047	0.066	0.678	0.614
924	7	0.462	0.422	0.113	0.094	0.043	0.035	0.659	0.588
925	7	0.816	0.772	0.067	0.095	0.025	0.036	0.883	0.839
926	7	1.277	1.226	0.162	0.196	0.061	0.074	1.177	1.164
927	7	0.979	0.973	0.059	0.169	0.022	0.064	0.987	0.983
928	7	1.231	1.176	0.190	0.146	0.072	0.055	1.148	1.129
929	7	1.326	1.265	0.169	0.199	0.064	0.075	1.210	1.193
930	7	0.706	0.658	0.152	0.195	0.057	0.074	0.811	0.755
931	7	1.047	0.918	0.141	0.058	0.053	0.022	1.031	0.943
932	7	1.001	0.823	0.327	0.061	0.124	0.023	1.001	0.874
933	7	1.055	1.001	0.328	0.354	0.124	0.134	1.036	1.003
934	7	1.130	1.074	0.342	0.369	0.129	0.140	1.085	1.055
935	7	1.212	1.153	0.254	0.279	0.096	0.105	1.139	1.113
936	7	1.138	1.082	0.248	0.289	0.094	0.109	1.091	1.062
937	7	0.839	0.786	0.244	0.281	0.092	0.106	0.895	0.846
938	7	1.239	1.181	0.125	0.154	0.047	0.058	1.157	1.134
939	7	0.771	0.715	0.078	0.092	0.029	0.035	0.850	0.794
940	7	0.751	0.685	0.085	0.069	0.032	0.026	0.836	0.771
941	7	0.963	0.886	0.145	0.161	0.055	0.061	0.976	0.919
942	7	0.780	0.717	0.225	0.212	0.085	0.080	0.855	0.794
943	7	0.852	0.790	0.257	0.249	0.097	0.094	0.903	0.848
944	7	1.136	1.070	0.545	0.500	0.206	0.189	1.091	1.054
945	7	0.982	0.923	0.396	0.343	0.150	0.130	0.988	0.945
946	7	1.081	1.022	0.370	0.325	0.140	0.123	1.055	1.018
947	7	1.089	1.027	0.486	0.430	0.184	0.162	1.060	1.022
948	7	1.049	0.984	0.287	0.260	0.108	0.098	1.033	0.990
949	7	0.982	0.917	0.195	0.180	0.074	0.068	0.988	0.940
950	7	0.939	0.875	0.290	0.272	0.110	0.103	0.960	0.909
951	7	0.845	0.787	0.250	0.223	0.094	0.084	0.896	0.844
952	7	1.023	0.964	0.559	0.501	0.211	0.189	1.016	0.975
953	7	0.776	0.715	0.134	0.122	0.051	0.046	0.849	0.790
954	7	0.806	0.745	0.172	0.158	0.065	0.060	0.869	0.812
955	7	0.465	0.418	0.099	0.089	0.038	0.034	0.636	0.567
956	7	1.083	1.019	0.352	0.327	0.133	0.123	1.057	1.016
957	7	0.755	0.695	0.158	0.150	0.060	0.057	0.833	0.774
958	7	0.891	0.831	0.197	0.189	0.074	0.071	0.926	0.875
959	7	1.003	0.940	0.332	0.324	0.125	0.122	1.002	0.957
960	7	1.362	1.296	0.260	0.251	0.098	0.095	1.249	1.224
961	7	1.078	1.007	0.223	0.212	0.084	0.080	1.054	1.007
962	7	1.488	1.421	0.121	0.116	0.046	0.044	1.338	1.320
963	7	1.338	1.275	0.195	0.189	0.074	0.072	1.235	1.210
964	7	1.332	1.269	0.186	0.181	0.070	0.068	1.231	1.206
965	7	0.753	0.697	0.185	0.187	0.070	0.071	0.828	0.772
966	7	1.505	1.442	0.427	0.428	0.161	0.162	1.352	1.337
967	7	1.389	1.352	0.250	0.263	0.095	0.099	1.272	1.269
968	7	1.262	1.201	0.230	0.226	0.087	0.085	1.184	1.155
969	7	0.869	0.813	0.222	0.219	0.084	0.083	0.909	0.860
970	7	1.001	0.944	0.269	0.268	0.102	0.101	1.001	0.959
971	7	1.163	1.107	0.301	0.282	0.114	0.106	1.115	1.084
972	7	0.432	0.386	0.198	0.202	0.075	0.076	0.600	0.533
973	7	1.306	1.245	0.401	0.390	0.151	0.147	1.217	1.189
974	7	1.587	1.517	0.360	0.344	0.136	0.130	1.417	1.398
975	7	0.721	0.624	0.215	0.173	0.081	0.065	0.803	0.714
976	7	0.729	0.682	0.139	0.134	0.052	0.050	0.808	0.758
977	7	1.186	1.101	0.378	0.347	0.143	0.131	1.133	1.080
978	7	0.727	0.680	0.132	0.129	0.050	0.049	0.806	0.755
979	7	0.821	0.772	0.184	0.176	0.070	0.066	0.872	0.826
980	7	0.145	0.108	0.036	0.035	0.014	0.013	0.388	0.313
981	7	0.122	0.091	0.102	0.093	0.039	0.035	0.370	0.299
982	7	0.892	0.845	0.307	0.298	0.116	0.113	0.923	0.882
983	7	0.413	0.386	0.296	0.285	0.112	0.108	0.577	0.526
984	7	0.535	0.496	0.261	0.252	0.099	0.095	0.664	0.610
985	7	0.755	0.719	0.372	0.348	0.141	0.131	0.823	0.783
986	7	0.786	0.754	0.210	0.204	0.080	0.077	0.845	0.810
987	10	1.250	1.188	0.245	0.230	0.077	0.073	1.183	1.149
988	10	1.046	0.991	0.298	0.272	0.094	0.086	1.034	0.995
989	10	1.170	1.114	0.171	0.170	0.054	0.054	1.125	1.092
990	10	0.929	0.880	0.194	0.179	0.061	0.057	0.949	0.908
991	10	0.459	0.414	0.266	0.253	0.084	0.080	0.603	0.542
992	10	0.720	0.678	0.254	0.250	0.080	0.079	0.794	0.749
993	10	0.860	0.825	0.191	0.199	0.060	0.063	0.897	0.864
994	10	0.894	0.852	0.229	0.229	0.072	0.072	0.922	0.885
995	10	1.204	1.161	0.262	0.260	0.083	0.082	1.151	1.129
996	10	1.327	1.280	0.275	0.273	0.087	0.086	1.243	1.224
997	14	1.144	1.090	0.275	0.277	0.074	0.074	1.108	1.074
998	14	0.770	0.729	0.193	0.189	0.052	0.051	0.828	0.786
999	14	0.745	0.709	0.302	0.307	0.081	0.082	0.809	0.770
1000	14	1.144	1.095	0.282	0.276	0.075	0.074	1.109	1.078
1001	14	0.770	0.733	0.252	0.245	0.067	0.066	0.828	0.788
1002	14	0.723	0.698	0.301	0.291	0.081	0.078	0.791	0.759
1003	14	0.692	0.670	0.225	0.215	0.060	0.057	0.768	0.736
1004	14	0.798	0.777	0.161	0.156	0.043	0.042	0.847	0.822
1005	14	0.413	0.402	0.293	0.291	0.078	0.078	0.555	0.520
1006	14	0.763	0.754	0.100	0.077	0.027	0.021	0.820	0.804
1007	14	1.162	1.145	0.182	0.181	0.049	0.048	1.124	1.119
1008	14	1.125	1.118	0.256	0.259	0.068	0.069	1.096	1.098
1009	14	0.686	0.702	0.178	0.183	0.048	0.049	0.760	0.760
1010	14	0.963	0.969	0.296	0.309	0.079	0.083	0.973	0.977
1011	14	1.206	1.211	0.359	0.377	0.096	0.101	1.158	1.174
1012	14	1.465	1.469	0.247	0.257	0.066	0.069	1.358	1.384
1013	14	1.293	1.307	0.298	0.313	0.080	0.084	1.226	1.252
1014	14	1.180	1.199	0.221	0.242	0.059	0.065	1.139	1.165
1015	14	1.448	1.461	0.255	0.270	0.068	0.072	1.347	1.379
1016	14	1.413	1.424	0.323	0.337	0.086	0.090	1.320	1.349
1017	14	1.496	1.492	0.221	0.243	0.059	0.065	1.385	1.405
1018	14	1.166	1.183	0.181	0.184	0.048	0.049	1.129	1.152
1019	14	0.443	0.477	0.392	0.407	0.105	0.109	0.567	0.572
1020	14	1.273	1.269	0.566	0.541	0.151	0.145	1.214	1.224
1021	14	1.289	1.304	0.350	0.336	0.094	0.090	1.226	1.253
1022	14	1.063	1.088	0.231	0.215	0.062	0.057	1.050	1.075
1023	14	1.480	1.496	0.378	0.370	0.101	0.099	1.377	1.412
1024	14	1.465	1.482	0.383	0.391	0.102	0.104	1.366	1.401
1025	14	1.327	1.351	0.186	0.195	0.050	0.052	1.258	1.293
1026	14	0.966	0.992	0.299	0.279	0.080	0.074	0.974	0.995
1027	14	1.283	1.306	0.304	0.292	0.081	0.078	1.224	1.256
1028	14	1.064	1.090	0.341	0.315	0.091	0.084	1.051	1.076
1029	14	1.249	1.281	0.373	0.363	0.100	0.097	1.198	1.236
1030	14	1.306	1.345	0.446	0.411	0.119	0.110	1.243	1.289
1031	14	0.947	0.976	0.364	0.343	0.097	0.092	0.959	0.982
1032	14	0.806	0.833	0.244	0.230	0.065	0.061	0.846	0.862
1033	14	0.974	0.997	0.306	0.297	0.082	0.079	0.979	1.000
1034	14	1.254	1.280	0.408	0.378	0.109	0.101	1.203	1.237
1035	14	0.584	0.614	0.189	0.165	0.050	0.044	0.667	0.678
1036	14	0.628	0.658	0.186	0.163	0.050	0.044	0.703	0.714
1037	14	1.247	1.271	0.249	0.238	0.067	0.064	1.198	1.230
1038	14	0.962	0.981	0.178	0.166	0.047	0.044	0.970	0.986
1039	14	1.106	1.129	0.227	0.240	0.061	0.064	1.086	1.111
1040	14	1.143	1.167	0.249	0.252	0.067	0.067	1.116	1.143
1041	14	0.711	0.743	0.225	0.233	0.060	0.062	0.767	0.784
1042	14	1.487	1.534	0.196	0.141	0.053	0.038	1.395	1.454
1043	14	1.296	1.322	0.360	0.374	0.096	0.100	1.240	1.275
1044	14	0.823	0.852	0.250	0.259	0.067	0.069	0.857	0.877
1045	14	0.977	1.005	0.281	0.289	0.075	0.077	0.982	1.006
1046	14	0.500	0.533	0.119	0.124	0.032	0.033	0.593	0.604
1047	14	0.982	0.999	0.198	0.198	0.053	0.053	0.986	1.001
1048	14	0.594	0.622	0.159	0.162	0.042	0.043	0.669	0.680
1049	14	1.329	1.350	0.389	0.403	0.104	0.108	1.270	1.301
1050	14	0.950	0.974	0.181	0.182	0.048	0.049	0.960	0.980
1051	14	1.021	1.046	0.256	0.265	0.068	0.071	1.018	1.041
1052	14	1.432	1.451	0.332	0.338	0.089	0.090	1.356	1.389
1053	14	0.672	0.700	0.231	0.234	0.062	0.063	0.731	0.744
1054	14	1.139	1.159	0.252	0.246	0.067	0.066	1.115	1.139
1055	14	0.957	0.978	0.277	0.279	0.074	0.074	0.965	0.983
1056	14	0.883	0.904	0.248	0.228	0.066	0.061	0.904	0.919
1057	14	0.851	0.876	0.231	0.220	0.062	0.059	0.877	0.895
1058	14	1.208	1.230	0.240	0.231	0.064	0.062	1.173	1.201
1059	14	0.962	0.985	0.239	0.232	0.064	0.062	0.969	0.989
1060	14	1.074	1.097	0.154	0.147	0.041	0.039	1.062	1.086
1061	14	1.282	1.301	0.156	0.164	0.042	0.044	1.236	1.263
1062	14	0.909	0.932	0.175	0.182	0.047	0.049	0.925	0.943
1063	14	1.522	1.541	0.239	0.234	0.064	0.063	1.437	1.473
1064	14	1.401	1.413	0.226	0.210	0.060	0.056	1.336	1.362
1065	14	1.499	1.518	0.266	0.253	0.071	0.068	1.419	1.454
1066	14	1.337	1.356	0.270	0.264	0.072	0.070	1.284	1.313
1067	14	0.879	0.902	0.189	0.193	0.051	0.052	0.899	0.916
1068	14	0.668	0.692	0.158	0.150	0.042	0.040	0.721	0.732
1069	14	1.088	1.108	0.212	0.201	0.057	0.054	1.075	1.097
1070	14	0.902	0.927	0.241	0.223	0.065	0.060	0.918	0.938
1071	14	0.549	0.574	0.201	0.192	0.054	0.051	0.619	0.627
1072	14	1.217	1.232	0.317	0.300	0.085	0.080	1.185	1.206
1073	14	0.652	0.676	0.207	0.204	0.055	0.054	0.705	0.716
1074	14	0.845	0.866	0.272	0.249	0.073	0.066	0.869	0.884
1075	14	1.069	1.086	0.294	0.277	0.078	0.074	1.059	1.078
1076	14	1.044	1.062	0.246	0.229	0.066	0.061	1.038	1.057
1077	14	1.132	1.145	0.191	0.188	0.051	0.050	1.113	1.130
1078	14	1.113	1.133	0.232	0.211	0.062	0.056	1.097	1.119
1079	14	1.030	1.048	0.212	0.205	0.057	0.055	1.026	1.044
1080	14	1.556	1.569	0.302	0.285	0.081	0.076	1.477	1.508
1081	14	0.926	0.943	0.173	0.168	0.046	0.045	0.937	0.951
1082	14	1.325	1.328	0.162	0.146	0.043	0.039	1.280	1.295
1083	14	0.871	0.905	0.099	0.109	0.027	0.029	0.890	0.917
1084	14	1.399	1.410	0.234	0.228	0.062	0.061	1.345	1.368
1085	14	0.465	0.480	0.133	0.127	0.036	0.034	0.539	0.537
1086	14	1.015	1.020	0.181	0.175	0.048	0.047	1.013	1.020
1087	14	1.563	1.573	0.224	0.214	0.060	0.057	1.488	1.516
1088	14	1.285	1.296	0.208	0.198	0.056	0.053	1.247	1.268
1089	14	1.157	1.170	0.147	0.147	0.039	0.039	1.137	1.155
1090	14	0.423	0.443	0.091	0.098	0.024	0.026	0.499	0.500
1091	14	0.581	0.601	0.104	0.092	0.028	0.025	0.636	0.642
1092	14	1.001	1.013	0.143	0.137	0.038	0.037	1.001	1.014
1093	14	0.717	0.735	0.094	0.090	0.025	0.024	0.754	0.762
1094	14	0.900	0.917	0.148	0.138	0.039	0.037	0.914	0.926
1095	14	1.079	1.094	0.234	0.242	0.063	0.065	1.069	1.087
1096	14	1.277	1.291	0.211	0.210	0.056	0.056	1.243	1.266
1097	14	0.900	0.912	0.110	0.107	0.029	0.029	0.913	0.922
1098	14	1.063	1.070	0.114	0.118	0.030	0.031	1.055	1.066
1099	14	0.700	0.715	0.109	0.102	0.029	0.027	0.737	0.742
1100	14	0.908	0.921	0.123	0.128	0.033	0.034	0.919	0.930
1101	14	1.136	1.143	0.131	0.128	0.035	0.034	1.120	1.132
1102	14	1.276	1.282	0.100	0.098	0.027	0.026	1.244	1.260
1103	14	1.250	1.256	0.114	0.111	0.030	0.030	1.222	1.236
1104	14	1.296	1.298	0.121	0.114	0.032	0.031	1.262	1.275
1105	14	1.137	1.141	0.171	0.164	0.046	0.044	1.122	1.132
1106	14	0.707	0.718	0.142	0.135	0.038	0.036	0.741	0.743
1107	14	1.047	1.050	0.097	0.088	0.026	0.023	1.042	1.048
1108	14	1.318	1.318	0.143	0.137	0.038	0.037	1.283	1.295
1109	14	1.061	1.065	0.127	0.130	0.034	0.035	1.054	1.062
1110	14	1.218	1.217	0.156	0.155	0.042	0.042	1.195	1.202
1111	14	1.163	1.162	0.115	0.106	0.031	0.028	1.146	1.152
1112	14	1.483	1.478	0.168	0.164	0.045	0.044	1.432	1.445
1113	14	1.219	1.218	0.135	0.133	0.036	0.036	1.197	1.204
1114	14	1.329	1.329	0.094	0.088	0.025	0.024	1.296	1.307
1115	14	1.226	1.227	0.116	0.118	0.031	0.031	1.203	1.212
1116	14	1.392	1.388	0.187	0.181	0.050	0.048	1.353	1.362
1117	14	1.513	1.513	0.199	0.194	0.053	0.052	1.462	1.479
1118	14	1.182	1.179	0.234	0.225	0.063	0.060	1.164	1.168
1119	14	1.177	1.171	0.163	0.157	0.044	0.042	1.160	1.162
1120	14	1.368	1.361	0.201	0.200	0.054	0.053	1.333	1.339
1121	14	1.155	1.145	0.142	0.157	0.038	0.042	1.140	1.137
1122	14	1.352	1.341	0.230	0.221	0.061	0.059	1.319	1.322
1123	14	0.643	0.644	0.121	0.117	0.032	0.031	0.677	0.668
1124	14	1.530	1.516	0.238	0.228	0.064	0.061	1.481	1.487
1125	14	1.258	1.248	0.172	0.165	0.046	0.044	1.235	1.234
1126	14	0.508	0.504	0.159	0.153	0.043	0.041	0.553	0.536
1127	14	1.255	1.242	0.169	0.167	0.045	0.045	1.232	1.230
1128	14	1.388	1.372	0.211	0.205	0.056	0.055	1.354	1.352
1129	14	1.398	1.387	0.174	0.179	0.046	0.048	1.364	1.367
1130	14	1.227	1.212	0.113	0.113	0.030	0.030	1.208	1.202
1131	14	0.313	0.304	0.150	0.140	0.040	0.037	0.372	0.344
1132	14	0.799	0.787	0.088	0.088	0.023	0.023	0.817	0.800
1133	14	0.499	0.484	0.089	0.089	0.024	0.024	0.541	0.513
1134	14	0.969	0.953	0.094	0.093	0.025	0.025	0.972	0.958
1135	14	0.732	0.715	0.122	0.110	0.032	0.029	0.754	0.731
1136	14	0.947	0.930	0.085	0.087	0.023	0.023	0.952	0.935
1137	14	0.941	0.923	0.139	0.135	0.037	0.036	0.946	0.928
1138	14	0.817	0.803	0.090	0.088	0.024	0.024	0.831	0.814
1139	14	0.959	0.938	0.113	0.107	0.030	0.029	0.963	0.943
1140	14	0.308	0.289	0.170	0.159	0.045	0.042	0.361	0.322
1141	14	0.867	0.846	0.126	0.113	0.034	0.030	0.878	0.854
1142	14	0.988	0.969	0.101	0.106	0.027	0.028	0.990	0.972
1143	14	1.118	1.095	0.098	0.088	0.026	0.024	1.110	1.093
1144	14	0.937	0.910	0.116	0.111	0.031	0.030	0.942	0.916
1145	14	0.998	0.972	0.137	0.144	0.037	0.039	0.999	0.975
1146	14	0.861	0.838	0.072	0.066	0.019	0.018	0.871	0.846
1147	14	0.992	0.957	0.107	0.113	0.029	0.030	0.993	0.960
1148	14	0.862	0.840	0.140	0.125	0.037	0.033	0.872	0.847
1149	16	0.929	0.888	0.126	0.093	0.032	0.023	0.934	0.893
1150	18	0.300	0.249	0.174	0.114	0.041	0.027	0.342	0.270
1151	18	0.508	0.467	0.214	0.154	0.050	0.036	0.538	0.483
1152	18	1.217	1.163	0.142	0.114	0.034	0.027	1.205	1.161
1153	18	1.037	0.977	0.130	0.147	0.031	0.035	1.035	0.980
1154	18	0.710	0.660	0.190	0.175	0.045	0.041	0.727	0.670
1155	18	1.082	1.027	0.262	0.200	0.062	0.047	1.078	1.028
1156	18	0.750	0.731	0.269	0.187	0.063	0.044	0.764	0.738
1157	20	0.999	0.928	0.220	0.207	0.049	0.046	0.999	0.931
1158	19	0.339	0.279	0.287	0.180	0.066	0.041	0.374	0.294
1159	19	0.999	0.965	0.160	0.125	0.037	0.029	1.000	0.967
1160	19	0.886	0.798	0.185	0.171	0.042	0.039	0.893	0.804
1161	19	0.301	0.190	0.276	0.129	0.063	0.030	0.336	0.204
1162	19	1.008	0.949	0.246	0.170	0.056	0.039	1.008	0.951
1163	19	1.137	1.078	0.292	0.253	0.067	0.058	1.131	1.079
1164	19	0.743	0.674	0.205	0.205	0.047	0.047	0.755	0.680
1165	19	1.060	1.002	0.245	0.187	0.056	0.043	1.058	1.004
1166	19	0.312	0.260	0.167	0.129	0.038	0.030	0.344	0.270
1167	19	0.930	0.869	0.236	0.187	0.054	0.043	0.933	0.872
1168	19	0.851	0.802	0.260	0.227	0.060	0.052	0.858	0.806
1169	19	0.505	0.446	0.256	0.223	0.059	0.051	0.526	0.451
1170	19	0.836	0.777	0.127	0.140	0.029	0.032	0.844	0.780
1171	19	0.918	0.865	0.258	0.228	0.059	0.052	0.922	0.867
1172	19	0.727	0.677	0.166	0.170	0.038	0.039	0.739	0.680
1173	19	0.824	0.779	0.185	0.151	0.042	0.035	0.832	0.782
1174	19	0.576	0.530	0.167	0.168	0.038	0.038	0.592	0.533
1175	19	0.472	0.444	0.201	0.190	0.046	0.044	0.492	0.446
1176	19	0.733	0.693	0.162	0.149	0.037	0.034	0.743	0.695
1177	19	0.546	0.515	0.199	0.201	0.046	0.046	0.563	0.516
1178	19	0.902	0.871	0.141	0.133	0.032	0.030	0.906	0.873
1179	19	0.738	0.709	0.150	0.147	0.034	0.034	0.748	0.709
1180	19	1.029	1.001	0.138	0.126	0.032	0.029	1.029	1.002
1181	19	1.140	1.112	0.162	0.151	0.037	0.035	1.136	1.115
1182	19	0.473	0.454	0.223	0.239	0.051	0.055	0.490	0.453
1183	19	0.970	0.945	0.128	0.119	0.029	0.027	0.971	0.946
1184	19	1.199	1.173	0.245	0.242	0.056	0.056	1.194	1.177
1185	19	1.111	1.083	0.119	0.123	0.027	0.028	1.109	1.086
1186	19	0.663	0.644	0.148	0.155	0.034	0.036	0.672	0.642
1187	19	1.038	1.023	0.122	0.118	0.028	0.027	1.037	1.025
1188	19	1.178	1.160	0.145	0.142	0.033	0.033	1.174	1.164
1189	19	1.088	1.074	0.105	0.097	0.024	0.022	1.086	1.077
1190	19	1.232	1.207	0.108	0.112	0.025	0.026	1.227	1.212
1191	19	0.711	0.703	0.154	0.143	0.035	0.033	0.718	0.700
1192	19	1.139	1.127	0.181	0.160	0.042	0.037	1.137	1.132
1193	19	1.126	1.117	0.117	0.109	0.027	0.025	1.123	1.121
1194	19	1.239	1.279	0.208	0.304	0.048	0.070	1.234	1.286
1195	19	1.441	1.428	0.376	0.392	0.086	0.090	1.432	1.439
1196	19	1.186	1.178	0.235	0.238	0.054	0.055	1.182	1.183
1197	19	1.432	1.393	0.427	0.401	0.098	0.092	1.425	1.404
1198	19	1.141	1.135	0.119	0.131	0.027	0.030	1.139	1.140
1199	19	0.913	0.907	0.063	0.051	0.014	0.012	0.915	0.907
1200	20	1.671	1.668	0.433	0.480	0.097	0.107	1.661	1.687
1201	20	1.361	1.352	0.189	0.197	0.042	0.044	1.356	1.364
1202	20	1.011	1.009	0.168	0.174	0.038	0.039	1.011	1.011
1203	20	1.399	1.391	0.221	0.240	0.049	0.054	1.395	1.404
1204	20	1.050	1.043	0.203	0.190	0.045	0.042	1.050	1.046
1205	20	0.814	0.819	0.152	0.156	0.034	0.035	0.817	0.815
1206	20	1.084	1.089	0.230	0.223	0.051	0.050	1.083	1.093
1207	20	0.907	0.909	0.209	0.187	0.047	0.042	0.909	0.908
1208	20	1.019	1.020	0.211	0.190	0.047	0.043	1.019	1.023
1209	20	1.168	1.172	0.093	0.077	0.021	0.017	1.167	1.180
1210	20	1.180	1.175	0.165	0.137	0.037	0.031	1.179	1.183
1211	20	1.118	1.116	0.150	0.131	0.034	0.029	1.118	1.122
1212	20	1.035	1.035	0.184	0.165	0.041	0.037	1.035	1.038
1213	20	0.950	0.951	0.159	0.152	0.036	0.034	0.951	0.951
1214	20	0.993	0.994	0.182	0.173	0.041	0.039	0.993	0.996
1215	20	0.635	0.636	0.162	0.147	0.036	0.033	0.637	0.623
1216	20	0.710	0.709	0.183	0.168	0.041	0.038	0.712	0.699
1217	20	0.322	0.325	0.172	0.160	0.039	0.036	0.325	0.299
1218	20	0.578	0.578	0.193	0.178	0.043	0.040	0.580	0.561
1219	20	0.954	0.952	0.185	0.179	0.041	0.040	0.955	0.952
1220	20	1.025	1.022	0.163	0.147	0.037	0.033	1.025	1.025
1221	20	0.883	0.882	0.145	0.130	0.032	0.029	0.884	0.879
1222	20	0.703	0.711	0.124	0.127	0.028	0.028	0.704	0.699
1223	20	1.215	1.206	0.132	0.144	0.029	0.032	1.216	1.217
1224	20	0.944	0.946	0.084	0.083	0.019	0.018	0.944	0.945
1225	20	0.893	0.895	0.152	0.157	0.034	0.035	0.893	0.892
1226	20	1.062	1.055	0.140	0.134	0.031	0.030	1.062	1.059
1227	20	0.163	0.163	0.117	0.117	0.026	0.026	0.161	0.126
1228	20	1.184	1.180	0.174	0.181	0.039	0.040	1.185	1.191
1229	20	1.024	1.024	0.090	0.094	0.020	0.021	1.025	1.027
1230	20	1.109	1.112	0.111	0.119	0.025	0.027	1.110	1.120
1231	20	1.162	1.166	0.160	0.168	0.036	0.037	1.163	1.177
1232	20	1.087	1.091	0.127	0.133	0.028	0.030	1.089	1.099
1233	20	1.126	1.128	0.164	0.178	0.037	0.040	1.127	1.137
1234	20	0.906	0.910	0.135	0.145	0.030	0.032	0.906	0.906
1235	20	0.968	0.975	0.166	0.172	0.037	0.038	0.968	0.976
1236	20	1.132	1.135	0.158	0.160	0.035	0.036	1.133	1.145
1237	20	1.150	1.163	0.126	0.140	0.028	0.031	1.152	1.175
1238	20	1.487	1.489	0.363	0.388	0.081	0.087	1.493	1.521
1239	20	1.140	1.143	0.170	0.176	0.038	0.039	1.142	1.154
1240	20	0.964	0.970	0.199	0.204	0.045	0.046	0.964	0.970
1241	20	1.415	1.420	0.180	0.195	0.040	0.044	1.420	1.449
1242	20	1.290	1.297	0.095	0.076	0.021	0.017	1.294	1.318
1243	20	0.996	1.002	0.135	0.130	0.030	0.029	0.997	1.004
1244	20	1.129	1.137	0.104	0.107	0.023	0.024	1.131	1.149
1245	20	1.208	1.219	0.125	0.127	0.028	0.028	1.211	1.236
1246	20	0.767	0.777	0.136	0.130	0.030	0.029	0.764	0.763
1247	20	1.196	1.214	0.098	0.112	0.022	0.025	1.200	1.231
1248	20	1.303	1.309	0.213	0.227	0.048	0.051	1.309	1.332
1249	20	1.519	1.522	0.196	0.200	0.044	0.045	1.529	1.561
1250	20	1.008	1.017	0.126	0.126	0.028	0.028	1.008	1.020
1251	20	0.650	0.661	0.127	0.125	0.028	0.028	0.643	0.638
1252	20	1.112	1.120	0.097	0.098	0.022	0.022	1.115	1.130
1253	20	1.295	1.303	0.151	0.153	0.034	0.034	1.301	1.327
1254	20	0.223	0.228	0.150	0.151	0.034	0.034	0.208	0.172
1255	20	1.131	1.137	0.143	0.132	0.032	0.029	1.135	1.149
1256	20	1.026	1.032	0.172	0.164	0.038	0.037	1.027	1.036
1257	20	1.062	1.069	0.177	0.177	0.040	0.040	1.064	1.077
1258	20	0.730	0.737	0.181	0.169	0.040	0.038	0.725	0.718
1259	20	1.385	1.392	0.250	0.247	0.056	0.055	1.395	1.425
1260	20	1.020	1.024	0.168	0.179	0.038	0.040	1.021	1.028
1261	20	0.921	0.923	0.140	0.129	0.031	0.029	0.919	0.919
1262	20	1.185	1.187	0.171	0.160	0.038	0.036	1.190	1.205
1263	20	0.733	0.739	0.220	0.212	0.049	0.047	0.726	0.719
1264	20	1.211	1.214	0.224	0.205	0.050	0.046	1.217	1.234
1265	20	1.104	1.111	0.155	0.146	0.035	0.033	1.108	1.122
1266	20	1.033	1.036	0.248	0.238	0.055	0.053	1.034	1.041
1267	20	1.149	1.153	0.104	0.126	0.023	0.028	1.153	1.169
1268	20	1.331	1.335	0.139	0.132	0.031	0.029	1.341	1.366
1269	20	1.531	1.532	0.126	0.132	0.028	0.029	1.547	1.581
1270	20	1.230	1.237	0.141	0.142	0.032	0.032	1.237	1.260
1271	20	1.670	1.673	0.203	0.207	0.045	0.046	1.690	1.736
1272	20	1.321	1.325	0.195	0.187	0.044	0.042	1.331	1.357
1273	20	1.062	1.067	0.107	0.101	0.024	0.023	1.064	1.076
1274	20	1.073	1.078	0.287	0.285	0.064	0.064	1.075	1.088
1275	20	1.499	1.506	0.201	0.196	0.045	0.044	1.515	1.555
1276	20	0.896	0.904	0.340	0.347	0.076	0.078	0.893	0.896
1277	20	1.120	1.123	0.079	0.084	0.018	0.019	1.124	1.137
1278	20	0.490	0.496	0.169	0.169	0.038	0.038	0.473	0.449
1279	20	0.961	0.969	0.142	0.141	0.032	0.031	0.960	0.968
1280	20	0.658	0.665	0.237	0.239	0.053	0.053	0.647	0.634
1281	20	0.954	0.957	0.174	0.173	0.039	0.039	0.953	0.955
1282	20	0.866	0.870	0.234	0.231	0.052	0.052	0.862	0.860
1283	20	0.295	0.299	0.234	0.235	0.052	0.052	0.271	0.231
1284	20	1.010	1.014	0.163	0.163	0.037	0.037	1.011	1.017
1285	20	0.648	0.666	0.193	0.173	0.043	0.039	0.636	0.634
1286	20	0.691	0.693	0.198	0.197	0.044	0.044	0.681	0.664
1287	20	0.673	0.683	0.056	0.072	0.013	0.016	0.661	0.652
1288	20	0.654	0.660	0.130	0.130	0.029	0.029	0.641	0.626
1289	20	0.704	0.707	0.160	0.153	0.036	0.034	0.693	0.678
1290	20	1.175	1.190	0.173	0.169	0.039	0.038	1.182	1.212
1291	20	0.738	0.740	0.137	0.133	0.031	0.030	0.728	0.715
1292	20	0.732	0.734	0.144	0.144	0.032	0.032	0.722	0.708
1293	20	0.891	0.900	0.102	0.102	0.023	0.023	0.887	0.891
1294	20	0.970	0.977	0.115	0.117	0.026	0.026	0.969	0.977
1295	20	0.453	0.462	0.221	0.218	0.049	0.049	0.431	0.405
1296	20	1.007	1.014	0.133	0.126	0.030	0.028	1.008	1.018
1297	20	0.985	0.995	0.103	0.101	0.023	0.023	0.985	0.996
1298	20	1.175	1.181	0.101	0.101	0.022	0.023	1.183	1.203
1299	20	0.576	0.585	0.080	0.083	0.018	0.018	0.559	0.541
1300	20	1.073	1.080	0.085	0.084	0.019	0.019	1.076	1.091
1301	20	0.926	0.931	0.097	0.091	0.022	0.020	0.924	0.925
1302	20	1.102	1.111	0.102	0.102	0.023	0.023	1.106	1.126
1303	19	1.009	1.018	0.091	0.085	0.021	0.019	1.010	1.022
1304	19	0.834	0.847	0.116	0.122	0.027	0.028	0.828	0.831
1305	19	1.015	1.026	0.102	0.108	0.023	0.025	1.016	1.031
1306	19	0.784	0.798	0.103	0.107	0.024	0.024	0.775	0.777
1307	19	0.676	0.689	0.122	0.129	0.028	0.029	0.662	0.655
1308	19	0.674	0.689	0.229	0.235	0.053	0.054	0.660	0.655
1309	19	0.868	0.883	0.111	0.113	0.025	0.026	0.863	0.871
1310	19	1.254	1.265	0.151	0.143	0.035	0.033	1.266	1.299
1311	19	1.020	1.044	0.140	0.125	0.032	0.029	1.022	1.051
1312	19	1.224	1.238	0.216	0.218	0.050	0.050	1.235	1.269
1313	19	1.281	1.293	0.176	0.166	0.040	0.038	1.295	1.330
1314	19	1.051	1.073	0.113	0.126	0.026	0.029	1.054	1.084
1315	19	1.036	1.054	0.154	0.151	0.035	0.035	1.039	1.063
1316	18	0.440	0.455	0.210	0.204	0.050	0.048	0.416	0.391
1317	18	0.801	0.817	0.130	0.122	0.031	0.029	0.793	0.797
1318	18	1.141	1.161	0.170	0.170	0.040	0.040	1.148	1.182
1319	18	1.175	1.199	0.170	0.169	0.040	0.040	1.184	1.226
1320	18	1.216	1.237	0.240	0.243	0.057	0.057	1.226	1.268
1321	18	1.289	1.306	0.257	0.256	0.061	0.060	1.303	1.345
1322	18	1.031	1.048	0.148	0.148	0.035	0.035	1.033	1.056
1323	18	0.820	0.835	0.137	0.144	0.032	0.034	0.812	0.816
1324	18	0.955	0.982	0.102	0.113	0.024	0.027	0.954	0.981
1325	18	1.368	1.405	0.360	0.360	0.085	0.085	1.387	1.458
1326	18	1.179	1.217	0.222	0.244	0.052	0.057	1.188	1.246
1327	18	1.211	1.246	0.138	0.152	0.032	0.036	1.221	1.279
1328	18	1.061	1.088	0.151	0.156	0.036	0.037	1.065	1.101
1329	18	1.023	1.053	0.137	0.143	0.032	0.034	1.024	1.062
1330	18	1.395	1.431	0.301	0.298	0.071	0.070	1.415	1.488
1331	18	1.326	1.355	0.274	0.256	0.065	0.060	1.343	1.403
1332	18	1.151	1.207	0.193	0.226	0.046	0.053	1.159	1.236
1333	18	1.283	1.305	0.238	0.253	0.056	0.060	1.298	1.347
1334	18	1.357	1.384	0.238	0.237	0.056	0.056	1.376	1.437
1335	18	0.874	0.903	0.092	0.098	0.022	0.023	0.868	0.892
1336	18	1.116	1.139	0.213	0.226	0.050	0.053	1.122	1.159
1337	18	1.406	1.430	0.324	0.336	0.076	0.079	1.428	1.489
1338	18	0.876	0.897	0.102	0.102	0.024	0.024	0.870	0.885
1339	18	1.246	1.282	0.211	0.195	0.050	0.046	1.259	1.321
1340	18	0.990	1.017	0.126	0.126	0.030	0.030	0.990	1.022
1341	18	1.055	1.089	0.139	0.134	0.033	0.032	1.058	1.103
1342	18	1.148	1.175	0.137	0.128	0.032	0.030	1.156	1.200
1343	18	1.002	1.039	0.140	0.138	0.033	0.032	1.002	1.046
1344	18	1.156	1.193	0.161	0.178	0.038	0.042	1.165	1.221
1345	18	1.157	1.195	0.147	0.153	0.035	0.036	1.166	1.224
1346	21	1.131	1.149	0.176	0.195	0.038	0.042	1.139	1.171
1347	21	0.737	0.743	0.234	0.224	0.051	0.049	0.723	0.709
1348	21	1.053	1.082	0.163	0.178	0.036	0.039	1.056	1.095
1349	21	1.057	1.086	0.180	0.182	0.039	0.040	1.060	1.100
1350	21	0.731	0.724	0.257	0.261	0.056	0.057	0.717	0.688
1351	21	0.881	0.907	0.178	0.177	0.039	0.039	0.875	0.896
1352	21	1.021	1.046	0.145	0.152	0.032	0.033	1.022	1.054
1353	21	1.272	1.315	0.233	0.259	0.051	0.057	1.287	1.361
1354	21	1.206	1.233	0.253	0.248	0.055	0.054	1.218	1.267
1355	22	0.894	0.932	0.143	0.156	0.030	0.033	0.888	0.924
1356	22	1.143	1.173	0.251	0.248	0.053	0.053	1.152	1.200
1357	22	1.335	1.362	0.301	0.294	0.064	0.063	1.354	1.415
1358	22	1.390	1.416	0.373	0.370	0.080	0.079	1.413	1.477
1359	22	1.344	1.368	0.367	0.365	0.078	0.078	1.364	1.422
1360	22	0.876	0.905	0.088	0.087	0.019	0.019	0.870	0.894
1361	22	0.866	0.896	0.164	0.164	0.035	0.035	0.859	0.883
1362	22	0.957	0.986	0.187	0.194	0.040	0.041	0.955	0.986
1363	22	0.715	0.737	0.154	0.160	0.033	0.034	0.699	0.701
1364	22	0.800	0.822	0.166	0.165	0.035	0.035	0.789	0.799
1365	22	1.013	1.036	0.208	0.208	0.044	0.044	1.014	1.043
1366	22	1.069	1.093	0.259	0.265	0.055	0.056	1.074	1.108
1367	22	0.982	1.007	0.163	0.181	0.035	0.039	0.981	1.010
1368	22	1.149	1.177	0.158	0.166	0.034	0.035	1.158	1.205
1369	22	1.069	1.090	0.145	0.150	0.031	0.032	1.074	1.105
1370	22	1.320	1.347	0.323	0.312	0.069	0.066	1.340	1.400
1371	22	0.982	0.998	0.172	0.166	0.037	0.035	0.981	1.000
1372	22	1.119	1.136	0.141	0.144	0.030	0.031	1.127	1.158
1373	21	1.174	1.191	0.088	0.093	0.019	0.020	1.185	1.221
1374	21	1.252	1.280	0.233	0.240	0.051	0.052	1.267	1.324
1375	21	0.692	0.710	0.161	0.164	0.035	0.036	0.675	0.669
1376	21	0.801	0.821	0.134	0.140	0.029	0.031	0.790	0.796
1377	21	0.725	0.751	0.124	0.129	0.027	0.028	0.710	0.716
1378	21	1.142	1.166	0.145	0.164	0.032	0.036	1.151	1.193
1379	21	0.964	0.983	0.112	0.128	0.024	0.028	0.962	0.983
1380	21	1.287	1.310	0.193	0.225	0.042	0.049	1.305	1.359
1381	20	1.109	1.125	0.113	0.115	0.025	0.026	1.117	1.146
1382	20	1.172	1.194	0.140	0.157	0.031	0.035	1.183	1.225
1383	20	1.342	1.399	0.206	0.278	0.046	0.062	1.363	1.462
1384	20	1.210	1.232	0.147	0.154	0.033	0.035	1.223	1.269
1385	20	1.066	1.082	0.128	0.144	0.029	0.032	1.070	1.096
1386	20	1.236	1.260	0.249	0.252	0.056	0.056	1.251	1.301
1387	20	1.203	1.236	0.115	0.126	0.026	0.028	1.216	1.275
1388	20	1.377	1.400	0.205	0.220	0.046	0.049	1.400	1.464
1389	20	1.058	1.084	0.141	0.153	0.032	0.034	1.062	1.098
1390	20	0.640	0.665	0.238	0.248	0.053	0.055	0.618	0.615
1391	20	0.943	0.963	0.167	0.193	0.037	0.043	0.940	0.959
1392	20	1.174	1.194	0.131	0.132	0.029	0.029	1.186	1.226
1393	20	0.989	1.011	0.073	0.078	0.016	0.017	0.989	1.015
1394	20	1.229	1.252	0.094	0.109	0.021	0.024	1.244	1.293
1395	19	1.005	1.024	0.102	0.077	0.023	0.018	1.005	1.030
1396	19	0.875	0.887	0.096	0.090	0.022	0.021	0.867	0.871
1397	19	1.026	1.051	0.058	0.079	0.013	0.018	1.028	1.061
1398	19	0.853	0.864	0.120	0.115	0.028	0.026	0.844	0.844
1399	19	0.839	0.848	0.099	0.095	0.023	0.022	0.829	0.826
1400	19	0.902	0.910	0.172	0.161	0.040	0.037	0.896	0.897
1401	19	0.896	0.912	0.171	0.166	0.039	0.038	0.890	0.900
1402	19	0.825	0.834	0.173	0.168	0.040	0.039	0.814	0.809
1403	19	0.710	0.718	0.182	0.184	0.042	0.042	0.692	0.675
1404	19	0.955	0.963	0.091	0.087	0.021	0.020	0.952	0.959
1405	19	0.915	0.924	0.140	0.140	0.032	0.032	0.910	0.914
1406	19	0.981	0.990	0.134	0.125	0.031	0.029	0.980	0.990
1407	19	0.958	0.964	0.192	0.189	0.044	0.043	0.956	0.960
1408	19	0.901	0.910	0.150	0.153	0.034	0.035	0.895	0.898
1409	19	1.204	1.211	0.177	0.146	0.041	0.033	1.218	1.247
1410	19	0.949	0.953	0.152	0.145	0.035	0.033	0.946	0.947
1411	19	0.638	0.644	0.186	0.186	0.043	0.043	0.615	0.589
1412	19	1.130	1.134	0.161	0.151	0.037	0.035	1.139	1.158
1413	17	0.283	0.270	0.088	0.114	0.021	0.028	0.237	0.155
1414	17	1.196	1.189	0.096	0.096	0.023	0.023	1.209	1.222
1415	17	0.802	0.798	0.133	0.136	0.032	0.033	0.790	0.768
1416	17	0.954	0.953	0.080	0.084	0.019	0.020	0.952	0.948
1417	17	1.148	1.143	0.160	0.144	0.039	0.035	1.158	1.168
1418	17	0.867	0.858	0.147	0.152	0.036	0.037	0.859	0.838
1419	17	0.884	0.897	0.081	0.108	0.020	0.026	0.877	0.883
1420	17	0.995	0.984	0.082	0.074	0.020	0.018	0.995	0.983
1421	17	0.851	0.838	0.141	0.151	0.034	0.037	0.842	0.814
1422	17	0.957	0.946	0.059	0.092	0.014	0.022	0.954	0.940
1423	17	0.981	0.970	0.123	0.121	0.030	0.029	0.981	0.968
1424	17	0.976	0.945	0.078	0.085	0.019	0.021	0.974	0.938
1425	17	0.778	0.763	0.118	0.122	0.029	0.029	0.764	0.727
1426	17	1.108	1.102	0.106	0.090	0.026	0.022	1.115	1.120
1427	17	0.964	0.953	0.103	0.102	0.025	0.025	0.962	0.948
1428	17	1.135	1.126	0.119	0.105	0.029	0.025	1.145	1.149
1429	17	1.042	1.014	0.130	0.096	0.031	0.023	1.045	1.018
1430	17	0.917	0.904	0.107	0.106	0.026	0.026	0.912	0.891
1431	17	0.906	0.890	0.124	0.117	0.030	0.028	0.900	0.874
1432	17	1.136	1.121	0.246	0.221	0.060	0.054	1.145	1.142
1433	17	1.101	1.089	0.168	0.151	0.041	0.037	1.108	1.106
1434	17	1.184	1.172	0.204	0.180	0.049	0.044	1.196	1.202
1435	17	1.050	1.038	0.154	0.140	0.037	0.034	1.054	1.046
1436	17	1.158	1.150	0.203	0.175	0.049	0.042	1.169	1.177
1437	17	1.081	1.075	0.166	0.138	0.040	0.034	1.087	1.089
1438	17	0.834	0.822	0.183	0.172	0.044	0.042	0.824	0.795
1439	17	1.010	0.994	0.140	0.128	0.034	0.031	1.012	0.994
1440	17	1.272	1.258	0.149	0.123	0.036	0.030	1.290	1.302
1441	17	1.393	1.379	0.246	0.228	0.060	0.055	1.420	1.443
1442	16	0.918	0.889	0.102	0.109	0.025	0.027	0.913	0.873
1443	15	0.964	0.956	0.102	0.130	0.026	0.034	0.963	0.951
1444	15	1.006	0.985	0.082	0.069	0.021	0.018	1.007	0.985
1445	15	0.765	0.741	0.102	0.100	0.026	0.026	0.751	0.701
1446	15	0.649	0.630	0.134	0.139	0.035	0.036	0.627	0.573
1447	15	0.970	0.953	0.134	0.150	0.034	0.039	0.969	0.948
1448	15	0.846	0.826	0.136	0.144	0.035	0.037	0.836	0.801
1449	15	0.744	0.728	0.134	0.129	0.035	0.033	0.729	0.686
1450	15	0.615	0.595	0.184	0.190	0.048	0.049	0.591	0.533
1451	15	1.015	0.998	0.171	0.183	0.044	0.047	1.016	0.999
1452	13	0.935	0.919	0.117	0.118	0.032	0.033	0.932	0.908
1453	13	0.903	0.889	0.148	0.143	0.041	0.040	0.898	0.873
1454	13	0.875	0.858	0.119	0.121	0.033	0.034	0.868	0.838
1455	10	0.235	0.248	0.119	0.155	0.038	0.049	0.191	0.136
1456	10	0.924	0.908	0.120	0.131	0.038	0.041	0.920	0.896
1457	10	0.454	0.433	0.116	0.120	0.037	0.038	0.423	0.349
1458	10	1.112	1.107	0.161	0.200	0.051	0.063	1.119	1.126
1459	10	0.902	0.882	0.096	0.093	0.030	0.030	0.897	0.866
1460	10	0.898	0.881	0.073	0.085	0.023	0.027	0.892	0.865
1461	10	0.684	0.665	0.098	0.102	0.031	0.032	0.666	0.616
1462	10	1.073	1.063	0.073	0.088	0.023	0.028	1.078	1.074
1463	11	0.952	0.931	0.093	0.091	0.028	0.027	0.950	0.922
1464	11	0.474	0.470	0.169	0.180	0.051	0.054	0.439	0.386
1465	11	0.658	0.655	0.327	0.319	0.099	0.096	0.636	0.601
1466	11	0.968	0.982	0.195	0.217	0.059	0.065	0.966	0.982
1467	11	0.976	0.975	0.064	0.117	0.019	0.035	0.975	0.972
1468	11	0.880	0.857	0.128	0.129	0.039	0.039	0.872	0.836
1469	11	0.922	0.880	0.132	0.084	0.040	0.025	0.917	0.862
1470	11	0.952	0.932	0.131	0.123	0.039	0.037	0.949	0.923
1471	10	0.623	0.599	0.195	0.190	0.062	0.060	0.597	0.535
1472	10	0.821	0.768	0.054	0.139	0.017	0.044	0.810	0.732
1473	11	0.552	0.535	0.196	0.189	0.059	0.057	0.522	0.462
1474	11	0.886	0.867	0.114	0.120	0.034	0.036	0.879	0.847
1475	11	0.703	0.684	0.152	0.129	0.046	0.039	0.683	0.635
1476	11	1.250	1.235	0.154	0.151	0.047	0.046	1.268	1.275
1477	11	1.301	1.290	0.264	0.237	0.080	0.071	1.322	1.339
1478	11	1.041	1.036	0.188	0.167	0.057	0.050	1.044	1.044
1479	11	0.834	0.821	0.239	0.211	0.072	0.064	0.823	0.794
1480	11	0.733	0.729	0.230	0.222	0.069	0.067	0.715	0.687
1481	11	0.784	0.781	0.139	0.136	0.042	0.041	0.770	0.748
1482	11	0.970	0.974	0.091	0.083	0.028	0.025	0.969	0.971
1483	11	0.866	0.877	0.133	0.117	0.040	0.035	0.857	0.859
1484	11	1.397	1.406	0.158	0.135	0.048	0.041	1.424	1.473
1485	11	1.273	1.279	0.292	0.269	0.088	0.081	1.292	1.326
1486	11	1.041	1.041	0.140	0.133	0.042	0.040	1.044	1.050
1487	11	1.179	1.182	0.187	0.186	0.057	0.056	1.192	1.213
1488	11	1.218	1.221	0.254	0.259	0.077	0.078	1.233	1.258
1489	11	1.258	1.262	0.213	0.222	0.064	0.067	1.276	1.306
1490	11	1.257	1.274	0.216	0.214	0.065	0.065	1.275	1.320
1491	11	1.558	1.572	0.230	0.260	0.069	0.078	1.597	1.666
1492	11	1.356	1.363	0.136	0.177	0.041	0.053	1.381	1.422
1493	11	1.293	1.312	0.132	0.105	0.040	0.032	1.313	1.364
1494	14	1.358	1.362	0.203	0.210	0.054	0.056	1.381	1.419
1495	14	0.390	0.408	0.236	0.238	0.063	0.064	0.351	0.319
1496	14	0.902	0.886	0.224	0.250	0.060	0.067	0.896	0.871
1497	14	0.970	0.963	0.157	0.200	0.042	0.054	0.969	0.959
1498	14	1.392	1.393	0.124	0.129	0.033	0.035	1.418	1.455
1499	14	1.006	1.017	0.159	0.163	0.042	0.043	1.006	1.021
1500	14	0.408	0.427	0.166	0.153	0.044	0.041	0.370	0.341
1501	14	0.804	0.817	0.158	0.164	0.042	0.044	0.792	0.791
1502	14	1.086	1.100	0.120	0.130	0.032	0.035	1.093	1.118
1503	14	1.014	1.032	0.105	0.112	0.028	0.030	1.016	1.039
1504	14	1.181	1.198	0.137	0.147	0.036	0.039	1.193	1.230
1505	14	0.917	0.935	0.135	0.129	0.036	0.035	0.912	0.927
1506	14	0.616	0.632	0.174	0.188	0.046	0.050	0.592	0.578
1507	14	1.065	1.087	0.247	0.242	0.066	0.065	1.070	1.102
1508	14	1.071	1.092	0.142	0.143	0.038	0.038	1.076	1.108
1509	14	1.372	1.391	0.148	0.157	0.039	0.042	1.397	1.453
1510	14	1.127	1.145	0.188	0.182	0.050	0.049	1.135	1.169
1511	13	1.403	1.426	0.226	0.226	0.063	0.063	1.432	1.495
1512	13	1.156	1.182	0.112	0.091	0.031	0.025	1.168	1.212
1513	13	1.218	1.242	0.210	0.197	0.058	0.055	1.233	1.281
1514	13	1.300	1.325	0.187	0.187	0.052	0.052	1.322	1.378
1515	13	0.868	0.899	0.085	0.078	0.024	0.022	0.859	0.885
1516	13	0.764	0.776	0.185	0.150	0.051	0.041	0.748	0.744
1517	13	0.895	0.930	0.175	0.173	0.049	0.048	0.888	0.921
1518	13	0.989	1.026	0.124	0.127	0.035	0.035	0.989	1.032
1519	13	1.382	1.417	0.146	0.155	0.040	0.043	1.409	1.483
1520	13	1.533	1.586	0.181	0.197	0.050	0.055	1.571	1.679
1521	13	1.379	1.404	0.229	0.236	0.064	0.065	1.406	1.468
1522	13	0.853	0.889	0.271	0.259	0.075	0.072	0.844	0.874
1523	13	0.913	0.960	0.210	0.209	0.058	0.058	0.908	0.956
1524	13	1.112	1.104	0.227	0.236	0.063	0.065	1.120	1.122
1525	13	1.198	1.230	0.211	0.196	0.059	0.054	1.212	1.268
1526	14	1.339	1.386	0.159	0.169	0.043	0.045	1.363	1.446
1527	14	1.216	1.259	0.158	0.162	0.042	0.043	1.231	1.300
1528	14	0.865	0.907	0.195	0.190	0.052	0.051	0.856	0.895
1529	14	1.185	1.222	0.181	0.178	0.048	0.048	1.199	1.257
1530	14	1.393	1.426	0.165	0.158	0.044	0.042	1.421	1.493
1531	14	1.185	1.225	0.197	0.199	0.053	0.053	1.198	1.260
1532	14	0.446	0.494	0.143	0.153	0.038	0.041	0.409	0.420
1533	14	1.022	1.063	0.194	0.195	0.052	0.052	1.024	1.075
1534	14	0.959	0.995	0.137	0.139	0.037	0.037	0.957	0.996
1535	14	1.107	1.140	0.140	0.116	0.037	0.031	1.115	1.163
1536	14	1.267	1.296	0.198	0.214	0.053	0.057	1.286	1.342
1537	14	1.147	1.178	0.149	0.154	0.040	0.041	1.158	1.207
1538	14	0.725	0.758	0.164	0.160	0.044	0.043	0.706	0.724
1539	14	0.983	1.015	0.177	0.176	0.047	0.047	0.982	1.019
1540	13	1.401	1.428	0.078	0.074	0.022	0.020	1.428	1.493
1541	13	1.084	1.106	0.249	0.230	0.069	0.064	1.090	1.124
1542	13	0.335	0.401	0.179	0.209	0.050	0.058	0.290	0.315
1543	13	1.009	1.036	0.193	0.197	0.054	0.055	1.011	1.043
1544	13	0.855	0.884	0.161	0.159	0.045	0.044	0.846	0.869
1545	13	0.904	0.934	0.142	0.147	0.039	0.041	0.898	0.926
1546	14	0.849	0.877	0.160	0.154	0.043	0.041	0.838	0.861
1547	14	0.698	0.735	0.250	0.242	0.067	0.065	0.677	0.698
1548	14	1.034	1.051	0.176	0.175	0.047	0.047	1.037	1.060
1549	14	0.871	0.916	0.230	0.231	0.061	0.062	0.863	0.906
1550	14	1.474	1.501	0.182	0.208	0.049	0.056	1.509	1.576
1551	14	1.184	1.204	0.251	0.261	0.067	0.070	1.197	1.236
1552	14	1.405	1.424	0.256	0.258	0.068	0.069	1.434	1.488
1553	14	1.512	1.534	0.171	0.163	0.046	0.044	1.549	1.613
1554	14	1.196	1.212	0.364	0.369	0.097	0.099	1.211	1.244
1555	14	1.335	1.364	0.200	0.206	0.053	0.055	1.360	1.419
1556	14	1.378	1.394	0.216	0.204	0.058	0.054	1.405	1.452
1557	14	1.138	1.154	0.141	0.126	0.038	0.034	1.149	1.178
1558	14	0.937	0.961	0.166	0.152	0.044	0.041	0.933	0.957
1559	14	0.990	1.007	0.146	0.135	0.039	0.036	0.990	1.009
1560	14	1.107	1.119	0.137	0.129	0.037	0.034	1.115	1.138
1561	12	0.986	0.986	0.136	0.136	0.039	0.039	0.985	0.986
1562	12	0.513	0.527	0.187	0.187	0.054	0.054	0.478	0.461
1563	12	1.022	1.021	0.197	0.195	0.057	0.056	1.024	1.026
1564	12	1.178	1.173	0.226	0.227	0.065	0.065	1.191	1.200
1565	12	1.114	1.113	0.144	0.150	0.042	0.043	1.123	1.131
1566	12	0.906	0.902	0.102	0.114	0.030	0.033	0.900	0.890
1567	12	0.791	0.788	0.137	0.133	0.039	0.038	0.777	0.760
1568	12	1.205	1.180	0.088	0.110	0.025	0.032	1.220	1.207
1569	12	1.040	1.031	0.112	0.120	0.032	0.035	1.043	1.037
1570	12	1.366	1.360	0.099	0.066	0.029	0.019	1.393	1.412
1571	12	1.430	1.409	0.152	0.140	0.044	0.040	1.461	1.468
1572	11	1.247	1.227	0.127	0.121	0.038	0.036	1.265	1.261
1573	11	0.778	0.772	0.066	0.063	0.020	0.019	0.762	0.742
1574	11	0.900	0.885	0.143	0.128	0.043	0.039	0.894	0.871
1575	11	1.101	1.084	0.116	0.130	0.035	0.039	1.109	1.097
1576	11	0.972	0.954	0.097	0.104	0.029	0.031	0.971	0.950
1577	11	1.042	1.023	0.169	0.199	0.051	0.060	1.045	1.028
1578	11	1.047	1.029	0.144	0.144	0.043	0.043	1.051	1.035
1579	11	0.436	0.418	0.155	0.156	0.047	0.047	0.396	0.341
1580	11	0.491	0.493	0.264	0.284	0.080	0.086	0.455	0.426
1581	10	0.889	0.861	0.133	0.131	0.042	0.042	0.881	0.844
1582	10	0.625	0.598	0.072	0.094	0.023	0.030	0.599	0.545
1583	10	0.496	0.472	0.092	0.094	0.029	0.030	0.460	0.403
1584	10	0.177	0.161	0.143	0.132	0.045	0.042	0.119	0.126
1585	10	0.491	0.476	0.379	0.387	0.120	0.122	0.455	0.408
1586	10	0.753	0.730	0.142	0.146	0.045	0.046	0.736	0.696
1587	10	0.624	0.603	0.210	0.228	0.067	0.072	0.598	0.553
1588	10	0.793	0.768	0.177	0.188	0.056	0.059	0.779	0.740
1589	10	0.574	0.548	0.188	0.179	0.060	0.057	0.545	0.490
1590	10	0.257	0.239	0.160	0.148	0.050	0.047	0.204	0.142
1591	10	1.051	1.028	0.139	0.145	0.044	0.046	1.055	1.034
1592	10	0.821	0.782	0.101	0.072	0.032	0.023	0.809	0.756
1593	10	0.852	0.821	0.077	0.067	0.024	0.021	0.841	0.800
1594	10	1.387	1.352	0.153	0.147	0.048	0.047	1.415	1.400
1595	10	1.223	1.193	0.178	0.184	0.056	0.058	1.239	1.220
1596	11	0.836	0.811	0.109	0.104	0.033	0.032	0.824	0.788
1597	12	0.948	0.917	0.061	0.081	0.018	0.023	0.945	0.909
1598	12	0.805	0.776	0.129	0.155	0.037	0.045	0.791	0.748
1599	12	0.899	0.886	0.141	0.156	0.041	0.045	0.892	0.874
1600	13	0.589	0.601	0.142	0.076	0.039	0.021	0.559	0.551
1601	13	0.955	0.929	0.046	0.065	0.013	0.018	0.952	0.921
1602	13	0.817	0.796	0.084	0.094	0.023	0.026	0.804	0.772
1603	13	0.608	0.593	0.263	0.261	0.073	0.072	0.580	0.543
1604	13	0.939	0.909	0.193	0.203	0.054	0.056	0.935	0.899
1605	13	0.945	0.932	0.210	0.214	0.058	0.059	0.942	0.926
1606	13	0.953	0.940	0.134	0.138	0.037	0.038	0.950	0.935
1607	13	0.688	0.692	0.131	0.142	0.036	0.039	0.666	0.655
1608	13	1.219	1.207	0.161	0.173	0.045	0.048	1.235	1.235
1609	13	1.282	1.262	0.260	0.247	0.072	0.068	1.303	1.297
1610	13	1.401	1.387	0.186	0.182	0.052	0.050	1.431	1.437
1611	13	1.306	1.306	0.242	0.207	0.067	0.057	1.329	1.346
1612	13	0.994	0.991	0.162	0.132	0.045	0.037	0.994	0.992
1613	13	1.197	1.190	0.145	0.151	0.040	0.042	1.212	1.215
1614	14	1.019	1.041	0.222	0.209	0.059	0.056	1.021	1.048
1615	14	1.375	1.418	0.242	0.295	0.065	0.079	1.401	1.470
1616	14	1.409	1.379	0.201	0.230	0.054	0.061	1.438	1.425
1617	14	1.477	1.474	0.203	0.190	0.054	0.051	1.511	1.532
1618	14	1.491	1.506	0.116	0.133	0.031	0.035	1.526	1.567
1619	14	1.229	1.214	0.240	0.238	0.064	0.064	1.246	1.241
1620	14	1.337	1.339	0.215	0.212	0.057	0.057	1.361	1.380
1621	14	1.601	1.619	0.194	0.187	0.052	0.050	1.644	1.692
1622	14	1.178	1.192	0.220	0.229	0.059	0.061	1.191	1.216
1623	14	0.909	0.925	0.367	0.332	0.098	0.089	0.903	0.918
1624	16	0.653	0.663	0.345	0.307	0.086	0.077	0.630	0.627
1625	16	0.846	0.857	0.235	0.206	0.059	0.051	0.836	0.843
1626	16	0.585	0.599	0.236	0.221	0.059	0.055	0.558	0.557
1627	16	0.968	0.967	0.100	0.116	0.025	0.029	0.966	0.965
1628	16	0.894	0.912	0.144	0.137	0.036	0.034	0.888	0.904
1629	16	1.049	1.057	0.215	0.195	0.054	0.049	1.052	1.065
1630	16	1.205	1.210	0.196	0.184	0.049	0.046	1.220	1.235
1631	16	0.840	0.855	0.189	0.176	0.047	0.044	0.830	0.841
1632	16	0.621	0.636	0.375	0.338	0.094	0.085	0.596	0.599
1633	17	1.285	1.289	0.164	0.167	0.040	0.041	1.305	1.322
1634	18	1.251	1.267	0.232	0.200	0.055	0.047	1.270	1.298
1635	18	1.522	1.539	0.286	0.304	0.067	0.072	1.559	1.600
1636	18	0.836	0.866	0.089	0.120	0.021	0.028	0.825	0.854
1637	18	0.939	0.960	0.239	0.206	0.056	0.049	0.935	0.957
1638	18	0.846	0.881	0.258	0.217	0.061	0.051	0.835	0.869
1639	18	0.886	0.901	0.097	0.128	0.023	0.030	0.879	0.892
1640	18	1.197	1.218	0.233	0.234	0.055	0.055	1.212	1.243
1641	19	1.061	1.086	0.170	0.159	0.039	0.036	1.066	1.098
1642	19	1.078	1.111	0.252	0.264	0.058	0.061	1.084	1.125
1643	19	1.151	1.175	0.187	0.172	0.043	0.039	1.163	1.196
1644	19	0.956	0.960	0.249	0.239	0.057	0.055	0.953	0.957
1645	19	0.821	0.837	0.140	0.117	0.032	0.027	0.808	0.821
1646	19	1.398	1.412	0.266	0.277	0.061	0.063	1.427	1.457
1647	19	1.318	1.325	0.200	0.211	0.046	0.048	1.342	1.361
1648	19	0.922	0.949	0.140	0.151	0.032	0.035	0.917	0.946
1649	20	1.382	1.400	0.234	0.224	0.052	0.050	1.410	1.443
1650	20	1.399	1.403	0.265	0.250	0.059	0.056	1.428	1.447
1651	20	1.672	1.664	0.405	0.403	0.090	0.090	1.720	1.733
1652	21	0.726	0.734	0.314	0.315	0.068	0.069	0.707	0.709
1653	21	1.407	1.396	0.237	0.224	0.052	0.049	1.437	1.438
1654	21	0.565	0.549	0.482	0.409	0.105	0.089	0.535	0.506
1655	20	1.336	1.338	0.186	0.195	0.042	0.044	1.360	1.373
1656	20	1.442	1.434	0.242	0.238	0.054	0.053	1.473	1.477
1657	21	0.826	0.821	0.139	0.137	0.030	0.030	0.814	0.805
1658	21	0.650	0.639	0.260	0.252	0.057	0.055	0.627	0.607
1659	21	0.821	0.803	0.158	0.144	0.034	0.031	0.810	0.786
1660	21	1.019	0.989	0.243	0.249	0.053	0.054	1.021	0.990
1661	21	0.981	0.961	0.118	0.113	0.026	0.025	0.980	0.959
1662	21	0.922	0.900	0.173	0.188	0.038	0.041	0.918	0.893
1663	21	0.694	0.668	0.179	0.183	0.039	0.040	0.673	0.639
1664	21	0.577	0.554	0.275	0.277	0.060	0.060	0.549	0.515
1665	21	1.030	1.000	0.147	0.166	0.032	0.036	1.032	1.002
1666	21	0.690	0.664	0.276	0.277	0.060	0.060	0.670	0.636
1667	21	0.598	0.576	0.234	0.238	0.051	0.052	0.572	0.540
1668	21	0.541	0.513	0.189	0.198	0.041	0.043	0.511	0.472
1669	21	0.682	0.651	0.187	0.190	0.041	0.041	0.661	0.622
1670	22	0.722	0.695	0.237	0.242	0.051	0.052	0.703	0.670
1671	22	0.859	0.829	0.182	0.184	0.039	0.039	0.850	0.816
1672	22	0.837	0.817	0.168	0.167	0.036	0.036	0.826	0.803
1673	22	1.220	1.188	0.245	0.236	0.052	0.050	1.236	1.206
1674	21	1.325	1.301	0.378	0.366	0.083	0.080	1.347	1.329
1675	20	1.285	1.279	0.270	0.277	0.060	0.062	1.304	1.304
1676	20	0.717	0.694	0.168	0.183	0.038	0.041	0.699	0.670
1677	20	0.868	0.843	0.347	0.339	0.078	0.076	0.860	0.832
1678	20	1.523	1.482	0.638	0.640	0.143	0.143	1.557	1.523
1679	20	0.885	0.859	0.214	0.200	0.048	0.045	0.878	0.850
1680	20	1.117	1.088	0.260	0.253	0.058	0.057	1.125	1.097
1681	20	1.280	1.252	0.256	0.252	0.057	0.056	1.298	1.274
1682	20	1.379	1.352	0.188	0.185	0.042	0.041	1.405	1.382
1683	21	1.211	1.181	0.236	0.226	0.051	0.049	1.225	1.197
1684	21	0.604	0.581	0.355	0.365	0.078	0.080	0.579	0.550
1685	21	0.010	0.007	0.013	0.000	0.003	0.000	0.000	0.126
1686	21	0.971	0.945	0.175	0.185	0.038	0.040	0.969	0.943
1687	21	0.822	0.806	0.119	0.113	0.026	0.025	0.811	0.794
1688	21	0.890	0.865	0.205	0.206	0.045	0.045	0.883	0.857
1689	21	1.023	0.992	0.249	0.235	0.054	0.051	1.025	0.994
1690	21	1.253	1.229	0.243	0.250	0.053	0.055	1.270	1.248
1691	21	1.006	0.987	0.089	0.087	0.019	0.019	1.007	0.988
1692	21	0.913	0.891	0.308	0.299	0.067	0.065	0.908	0.885
1693	21	1.081	1.061	0.154	0.156	0.034	0.034	1.086	1.067
1694	21	0.716	0.706	0.171	0.183	0.037	0.040	0.698	0.687
1695	20	0.942	0.929	0.164	0.160	0.037	0.036	0.939	0.926
1696	21	0.796	0.784	0.249	0.252	0.054	0.055	0.783	0.770
1697	21	0.805	0.806	0.118	0.116	0.026	0.025	0.793	0.794
1698	21	1.021	1.010	0.117	0.113	0.026	0.025	1.023	1.013
1699	21	1.376	1.381	0.197	0.203	0.043	0.044	1.401	1.410
1700	21	0.825	0.817	0.189	0.186	0.041	0.041	0.813	0.806
1701	21	1.383	1.375	0.205	0.204	0.045	0.044	1.409	1.402
1702	22	0.952	0.947	0.209	0.209	0.045	0.045	0.949	0.945
1703	22	1.071	1.065	0.159	0.152	0.034	0.032	1.076	1.071
1704	22	0.778	0.772	0.140	0.140	0.030	0.030	0.763	0.757
1705	22	1.125	1.119	0.153	0.150	0.033	0.032	1.134	1.129
1706	23	1.195	1.192	0.128	0.130	0.027	0.027	1.210	1.208
1707	23	0.744	0.742	0.192	0.193	0.040	0.040	0.727	0.726
1708	23	0.849	0.846	0.186	0.183	0.039	0.038	0.839	0.838
1709	23	0.908	0.909	0.160	0.152	0.033	0.032	0.901	0.904
1710	23	1.377	1.375	0.214	0.215	0.045	0.045	1.405	1.403
1711	23	1.091	1.082	0.130	0.111	0.027	0.023	1.098	1.089
1712	23	1.243	1.244	0.179	0.181	0.037	0.038	1.261	1.262
1713	23	0.948	0.944	0.185	0.190	0.039	0.040	0.945	0.943
1714	23	0.787	0.788	0.136	0.138	0.028	0.029	0.772	0.776
1715	23	0.954	0.952	0.203	0.199	0.042	0.041	0.952	0.951
1716	23	0.671	0.673	0.173	0.168	0.036	0.035	0.648	0.653
1717	23	0.786	0.788	0.147	0.139	0.031	0.029	0.771	0.776
1718	23	1.019	1.017	0.170	0.168	0.035	0.035	1.020	1.020
1719	23	1.263	1.265	0.354	0.365	0.074	0.076	1.282	1.284
1720	23	1.642	1.638	0.378	0.384	0.079	0.080	1.689	1.680
1721	24	1.346	1.347	0.298	0.302	0.061	0.062	1.373	1.371
1722	24	0.824	0.829	0.203	0.193	0.041	0.039	0.812	0.820
1723	24	1.364	1.365	0.196	0.194	0.040	0.040	1.391	1.390
1724	24	0.635	0.641	0.121	0.119	0.025	0.024	0.609	0.621
1725	24	1.316	1.306	0.228	0.230	0.047	0.047	1.340	1.327
1726	24	1.593	1.581	0.231	0.231	0.047	0.047	1.637	1.619
1727	24	1.206	1.204	0.207	0.212	0.042	0.043	1.221	1.219
1728	24	0.871	0.872	0.222	0.215	0.045	0.044	0.862	0.866
1729	24	0.261	0.264	0.227	0.225	0.046	0.046	0.207	0.222
1730	24	0.895	0.893	0.131	0.132	0.027	0.027	0.888	0.889
1731	24	0.982	0.975	0.091	0.091	0.019	0.019	0.981	0.976
1732	24	0.917	0.915	0.150	0.153	0.031	0.031	0.912	0.912
1733	24	0.701	0.698	0.248	0.243	0.051	0.050	0.680	0.683
1734	24	1.149	1.145	0.172	0.170	0.035	0.035	1.161	1.155
1735	24	0.413	0.411	0.254	0.255	0.052	0.052	0.370	0.380
1736	24	0.996	0.988	0.234	0.233	0.048	0.048	0.996	0.989
1737	24	0.873	0.868	0.119	0.122	0.024	0.025	0.864	0.863
1738	24	1.000	0.995	0.158	0.156	0.032	0.032	1.000	0.997
1739	24	0.983	0.980	0.207	0.209	0.042	0.043	0.983	0.980
1740	24	0.887	0.883	0.191	0.195	0.039	0.040	0.880	0.879
1741	24	1.021	1.015	0.157	0.158	0.032	0.032	1.023	1.018
1742	24	0.813	0.810	0.119	0.124	0.024	0.025	0.800	0.802
1743	24	1.144	1.140	0.130	0.131	0.026	0.027	1.156	1.149
1744	24	1.228	1.225	0.214	0.219	0.044	0.045	1.245	1.238
1745	25	1.186	1.183	0.193	0.197	0.039	0.039	1.200	1.194
1746	25	1.559	1.554	0.343	0.350	0.069	0.070	1.601	1.584
1747	26	1.934	1.931	0.471	0.483	0.092	0.095	2.004	1.979
1748	27	0.667	0.662	0.184	0.191	0.035	0.037	0.643	0.647
1749	27	1.435	1.431	0.275	0.276	0.053	0.053	1.468	1.454
1750	27	1.029	1.022	0.181	0.172	0.035	0.033	1.032	1.025
1751	25	0.961	0.950	0.186	0.179	0.037	0.036	0.958	0.950
1752	25	0.839	0.827	0.176	0.179	0.035	0.036	0.827	0.821
1753	25	0.691	0.681	0.161	0.168	0.032	0.034	0.668	0.668
1754	25	0.934	0.923	0.126	0.124	0.025	0.025	0.929	0.922
1755	25	0.547	0.536	0.269	0.278	0.054	0.056	0.513	0.517
1756	25	0.609	0.597	0.217	0.228	0.043	0.046	0.580	0.581
1757	25	0.536	0.529	0.206	0.213	0.041	0.043	0.502	0.510
1758	25	0.846	0.837	0.143	0.147	0.029	0.029	0.834	0.832
1759	25	0.925	0.912	0.142	0.143	0.028	0.029	0.920	0.910
1760	25	0.893	0.882	0.157	0.159	0.031	0.032	0.885	0.879
1761	25	0.784	0.772	0.229	0.234	0.046	0.047	0.768	0.764
1762	25	1.156	1.146	0.158	0.159	0.032	0.032	1.168	1.154
1763	26	1.037	1.032	0.172	0.168	0.034	0.033	1.041	1.035
1764	26	1.092	1.095	0.192	0.197	0.038	0.039	1.100	1.101
1765	26	0.871	0.861	0.175	0.179	0.034	0.035	0.862	0.857
1766	27	1.467	1.457	0.325	0.321	0.062	0.062	1.503	1.477
1767	27	0.920	0.913	0.230	0.223	0.044	0.043	0.915	0.912
1768	27	1.124	1.118	0.159	0.182	0.031	0.035	1.134	1.125
1769	27	1.266	1.258	0.181	0.171	0.035	0.033	1.286	1.270
1770	27	1.107	1.099	0.149	0.144	0.029	0.028	1.115	1.105
1771	26	1.707	1.697	0.272	0.273	0.053	0.054	1.760	1.724
1772	25	1.263	1.250	0.247	0.241	0.049	0.048	1.283	1.260
1773	25	0.431	0.420	0.157	0.168	0.031	0.034	0.389	0.403
1774	24	1.128	1.110	0.146	0.143	0.030	0.029	1.137	1.115
1775	24	0.982	0.966	0.153	0.156	0.031	0.032	0.981	0.967
1776	24	0.790	0.767	0.127	0.129	0.026	0.026	0.775	0.762
1777	24	0.790	0.767	0.127	0.132	0.026	0.027	0.776	0.762
1778	24	0.505	0.486	0.143	0.159	0.029	0.032	0.470	0.473
1779	24	0.711	0.687	0.142	0.149	0.029	0.030	0.691	0.680
1780	25	0.577	0.557	0.164	0.176	0.033	0.035	0.547	0.547
1781	25	0.941	0.917	0.160	0.167	0.032	0.033	0.937	0.917
1782	25	0.552	0.527	0.163	0.165	0.033	0.033	0.520	0.516
1783	25	1.292	1.267	0.233	0.228	0.047	0.046	1.313	1.275
1784	25	1.132	1.110	0.272	0.261	0.054	0.052	1.142	1.114
1785	25	1.130	1.107	0.188	0.186	0.038	0.037	1.140	1.112
1786	25	0.800	0.779	0.212	0.214	0.042	0.043	0.786	0.775
1787	25	1.325	1.306	0.287	0.279	0.057	0.056	1.349	1.315
1788	26	0.825	0.803	0.154	0.161	0.030	0.032	0.813	0.800
1789	26	0.715	0.697	0.134	0.139	0.026	0.027	0.695	0.692
1790	26	0.953	0.934	0.309	0.303	0.061	0.059	0.950	0.935
1791	27	1.294	1.269	0.306	0.297	0.059	0.057	1.315	1.276
1792	27	1.466	1.447	0.269	0.268	0.052	0.052	1.501	1.458
1793	27	1.293	1.283	0.218	0.222	0.042	0.043	1.315	1.290
1794	27	0.855	0.834	0.262	0.264	0.051	0.051	0.845	0.832
1795	27	0.948	0.927	0.206	0.205	0.040	0.040	0.945	0.928
1796	28	0.909	0.887	0.145	0.143	0.027	0.027	0.902	0.887
1797	28	1.185	1.162	0.232	0.234	0.044	0.044	1.199	1.167
1798	28	0.937	0.912	0.118	0.119	0.022	0.023	0.933	0.912
1799	28	0.955	0.930	0.181	0.179	0.034	0.034	0.952	0.931
1800	28	0.922	0.895	0.089	0.091	0.017	0.017	0.916	0.895
1801	29	0.756	0.731	0.171	0.177	0.032	0.033	0.739	0.728
1802	29	1.181	1.152	0.183	0.179	0.034	0.033	1.194	1.156
1803	29	1.034	1.006	0.133	0.137	0.025	0.025	1.037	1.008
1804	29	1.081	1.045	0.201	0.184	0.037	0.034	1.087	1.048
1805	29	0.589	0.566	0.228	0.237	0.042	0.044	0.560	0.562
1806	29	0.548	0.531	0.159	0.204	0.030	0.038	0.516	0.527
1807	28	0.986	0.968	0.253	0.255	0.048	0.048	0.986	0.970
1808	28	0.681	0.666	0.132	0.130	0.025	0.025	0.658	0.664
1809	28	0.772	0.749	0.199	0.186	0.038	0.035	0.757	0.749
1810	28	0.875	0.856	0.244	0.230	0.046	0.044	0.867	0.856
1811	28	1.013	1.000	0.235	0.231	0.044	0.044	1.015	1.002
1812	28	1.163	1.136	0.228	0.207	0.043	0.039	1.175	1.139
1813	28	0.274	0.256	0.193	0.197	0.037	0.037	0.222	0.253
1814	28	0.868	0.853	0.169	0.173	0.032	0.033	0.859	0.854
1815	28	1.108	1.091	0.139	0.135	0.026	0.026	1.116	1.093
1816	28	1.489	1.476	0.352	0.334	0.066	0.063	1.524	1.480
1817	28	1.502	1.491	0.324	0.324	0.061	0.061	1.539	1.496
1818	30	0.471	0.462	0.224	0.217	0.041	0.040	0.433	0.461
1819	30	0.450	0.424	0.226	0.225	0.041	0.041	0.410	0.422
1820	30	0.487	0.463	0.202	0.198	0.037	0.036	0.450	0.462
1821	30	1.136	1.127	0.250	0.251	0.046	0.046	1.147	1.130
1822	30	0.527	0.506	0.196	0.189	0.036	0.035	0.493	0.506
1823	30	0.482	0.469	0.197	0.181	0.036	0.033	0.444	0.469
1824	30	0.740	0.731	0.163	0.161	0.030	0.029	0.722	0.733
1825	30	1.077	1.079	0.212	0.218	0.039	0.040	1.083	1.081
1826	30	1.284	1.291	0.259	0.265	0.047	0.048	1.305	1.294
1827	30	0.934	0.935	0.187	0.192	0.034	0.035	0.930	0.937
1828	30	1.515	1.528	0.333	0.332	0.061	0.061	1.553	1.530
1829	31	1.111	1.117	0.241	0.236	0.043	0.042	1.120	1.119
1830	33	1.035	1.052	0.219	0.221	0.038	0.038	1.038	1.054
1831	33	1.130	1.154	0.232	0.228	0.040	0.040	1.141	1.156
1832	34	1.231	1.253	0.283	0.275	0.049	0.047	1.248	1.254
1833	34	1.197	1.219	0.205	0.201	0.035	0.034	1.212	1.221
1834	34	0.914	0.957	0.179	0.192	0.031	0.033	0.908	0.959
1835	34	1.037	1.069	0.219	0.229	0.038	0.039	1.041	1.070
1836	34	1.076	1.110	0.172	0.165	0.030	0.028	1.082	1.112
1837	34	1.132	1.173	0.204	0.186	0.035	0.032	1.142	1.174
1838	34	1.404	1.446	0.229	0.239	0.039	0.041	1.434	1.446
1839	34	1.356	1.397	0.205	0.204	0.035	0.035	1.383	1.397
1840	34	1.613	1.648	0.375	0.360	0.064	0.062	1.659	1.646
1841	34	1.534	1.564	0.263	0.232	0.045	0.040	1.573	1.561
1842	36	0.770	0.802	0.160	0.151	0.027	0.025	0.753	0.806
1843	36	1.287	1.317	0.235	0.223	0.039	0.037	1.309	1.316
1844	37	1.180	1.215	0.217	0.208	0.036	0.034	1.193	1.214
1845	37	0.770	0.801	0.272	0.245	0.045	0.040	0.754	0.806
1846	37	0.894	0.924	0.197	0.178	0.032	0.029	0.887	0.927
1847	37	0.228	0.254	0.193	0.187	0.032	0.031	0.173	0.265
1848	37	1.142	1.181	0.219	0.205	0.036	0.034	1.152	1.181
1849	37	1.273	1.320	0.219	0.231	0.036	0.038	1.293	1.318
1850	37	1.297	1.326	0.186	0.204	0.031	0.034	1.319	1.324
1851	39	0.498	0.527	0.240	0.239	0.038	0.038	0.462	0.536
1852	39	1.197	1.231	0.263	0.264	0.042	0.042	1.212	1.230
1853	39	1.296	1.333	0.241	0.243	0.039	0.039	1.318	1.330
1854	39	0.959	0.991	0.244	0.250	0.039	0.040	0.956	0.993
1855	39	1.107	1.138	0.174	0.190	0.028	0.030	1.115	1.138
1856	39	1.334	1.370	0.200	0.219	0.032	0.035	1.359	1.366
1857	39	1.016	1.051	0.267	0.278	0.043	0.045	1.018	1.052
1858	39	1.242	1.267	0.229	0.248	0.037	0.040	1.260	1.265
1859	39	0.830	0.853	0.190	0.185	0.030	0.030	0.818	0.857
1860	39	0.910	0.938	0.200	0.217	0.032	0.035	0.904	0.941
1861	40	0.163	0.173	0.184	0.185	0.029	0.029	0.101	0.191
1862	40	1.168	1.194	0.239	0.255	0.038	0.040	1.181	1.193
1863	40	1.147	1.160	0.245	0.252	0.039	0.040	1.159	1.158
1864	40	0.418	0.426	0.213	0.215	0.034	0.034	0.376	0.440
1865	40	1.118	1.121	0.241	0.231	0.038	0.037	1.127	1.120
1866	41	1.332	1.342	0.237	0.239	0.037	0.037	1.357	1.337
1867	41	1.428	1.444	0.256	0.275	0.040	0.043	1.460	1.435
1868	42	1.531	1.538	0.294	0.328	0.045	0.051	1.571	1.527
1869	42	1.739	1.762	0.387	0.400	0.060	0.062	1.794	1.746
1870	43	0.934	0.929	0.242	0.242	0.037	0.037	0.930	0.932
1871	43	0.709	0.717	0.215	0.206	0.033	0.031	0.688	0.726
1872	43	0.518	0.527	0.202	0.192	0.031	0.029	0.482	0.541
1873	43	0.842	0.851	0.187	0.188	0.029	0.029	0.831	0.857
1874	43	0.888	0.890	0.172	0.167	0.026	0.025	0.880	0.895
1875	43	0.849	0.857	0.175	0.192	0.027	0.029	0.838	0.863
1876	43	0.509	0.515	0.188	0.193	0.029	0.029	0.473	0.531
1877	42	1.368	1.356	0.314	0.291	0.048	0.045	1.396	1.348
1878	42	0.965	0.956	0.180	0.171	0.028	0.026	0.963	0.959
1879	42	0.733	0.735	0.188	0.195	0.029	0.030	0.714	0.744
1880	42	0.810	0.803	0.211	0.212	0.033	0.033	0.796	0.811
1881	42	0.850	0.841	0.187	0.194	0.029	0.030	0.839	0.848
1882	42	0.679	0.680	0.206	0.220	0.032	0.034	0.655	0.692
1883	42	0.521	0.525	0.214	0.226	0.033	0.035	0.486	0.542
1884	42	1.002	0.994	0.176	0.175	0.027	0.027	1.003	0.997
1885	42	1.180	1.171	0.215	0.212	0.033	0.033	1.194	1.167
1886	43	1.106	1.098	0.193	0.191	0.029	0.029	1.115	1.097
1887	43	0.695	0.700	0.229	0.225	0.035	0.034	0.673	0.712
1888	43	1.300	1.291	0.217	0.215	0.033	0.033	1.323	1.282
1889	43	1.109	1.097	0.184	0.164	0.028	0.025	1.117	1.096
1890	43	1.147	1.162	0.193	0.203	0.029	0.031	1.159	1.158
1891	44	1.095	1.103	0.206	0.197	0.031	0.030	1.102	1.102
1892	44	1.111	1.113	0.226	0.237	0.034	0.036	1.120	1.111
1893	44	0.731	0.739	0.187	0.195	0.028	0.029	0.711	0.751
1894	44	0.534	0.543	0.173	0.182	0.026	0.027	0.500	0.562
1895	44	0.728	0.739	0.152	0.166	0.023	0.025	0.708	0.751
1896	44	0.512	0.519	0.172	0.190	0.026	0.029	0.476	0.540
1897	45	0.981	0.962	0.181	0.162	0.027	0.024	0.980	0.965
1898	45	0.987	0.978	0.207	0.192	0.031	0.029	0.986	0.980
1899	45	0.266	0.270	0.203	0.213	0.030	0.032	0.212	0.302
1900	45	0.543	0.544	0.193	0.194	0.029	0.029	0.509	0.565
1901	45	0.798	0.801	0.141	0.142	0.021	0.021	0.784	0.811
1902	45	0.127	0.141	0.126	0.136	0.019	0.020	0.062	0.180
1903	46	0.914	0.921	0.204	0.199	0.030	0.029	0.908	0.926
1904	46	0.217	0.229	0.165	0.164	0.024	0.024	0.159	0.265
1905	46	0.882	0.897	0.192	0.194	0.028	0.029	0.874	0.903
1906	46	1.032	1.047	0.273	0.285	0.040	0.042	1.034	1.047
1907	46	1.540	1.571	0.475	0.510	0.070	0.075	1.580	1.547
1908	46	1.440	1.453	0.422	0.426	0.062	0.063	1.473	1.434
1909	46	1.375	1.444	0.470	0.503	0.069	0.074	1.404	1.425
1910	46	1.211	1.247	0.289	0.304	0.043	0.045	1.227	1.237
1911	46	1.452	1.489	0.426	0.452	0.063	0.067	1.486	1.467
1912	49	1.733	1.752	0.466	0.410	0.067	0.059	1.788	1.717
1913	49	0.856	0.907	0.221	0.176	0.032	0.025	0.846	0.913
1914	49	1.582	1.619	0.402	0.362	0.057	0.052	1.625	1.591
1915	49	1.602	1.643	0.383	0.351	0.055	0.050	1.647	1.613
1916	49	1.484	1.524	0.392	0.380	0.056	0.054	1.521	1.500
1917	52	1.493	1.544	0.316	0.271	0.044	0.038	1.530	1.518
1918	52	0.769	0.820	0.225	0.195	0.031	0.027	0.752	0.831
1919	52	1.305	1.345	0.355	0.310	0.049	0.043	1.329	1.329
1920	52	1.440	1.478	0.311	0.298	0.043	0.041	1.473	1.455
1921	52	1.535	1.574	0.316	0.312	0.044	0.043	1.575	1.545
1922	52	1.286	1.328	0.258	0.232	0.036	0.032	1.308	1.313
1923	52	0.837	0.875	0.202	0.172	0.028	0.024	0.826	0.884
1924	52	1.089	1.131	0.236	0.218	0.033	0.030	1.096	1.126
1925	52	0.812	0.852	0.201	0.182	0.028	0.025	0.799	0.862
1926	52	1.449	1.478	0.323	0.324	0.045	0.045	1.483	1.453
1927	52	1.273	1.302	0.332	0.326	0.046	0.045	1.294	1.287
1928	52	1.187	1.225	0.212	0.202	0.029	0.028	1.201	1.214
1929	52	0.932	0.949	0.257	0.231	0.036	0.032	0.927	0.954
1930	52	1.134	1.152	0.300	0.290	0.042	0.040	1.145	1.145
1931	52	0.939	0.959	0.221	0.212	0.031	0.029	0.935	0.964
1932	52	1.400	1.411	0.319	0.298	0.044	0.041	1.430	1.388
1933	52	0.954	0.972	0.256	0.248	0.036	0.034	0.951	0.976
1934	52	0.501	0.505	0.240	0.220	0.033	0.031	0.464	0.537
1935	52	0.917	0.929	0.183	0.163	0.025	0.023	0.911	0.936
1936	51	0.709	0.718	0.176	0.167	0.025	0.023	0.688	0.738
1937	51	1.183	1.186	0.226	0.192	0.032	0.027	1.197	1.176
1938	51	1.277	1.280	0.271	0.246	0.038	0.034	1.298	1.264
1939	50	0.892	0.899	0.181	0.171	0.026	0.024	0.884	0.907
1940	50	0.797	0.798	0.162	0.146	0.023	0.021	0.783	0.813
1941	48	1.435	1.425	0.312	0.297	0.045	0.043	1.468	1.399
1942	48	1.379	1.368	0.292	0.270	0.042	0.039	1.408	1.346
1943	48	1.102	1.092	0.243	0.237	0.035	0.034	1.110	1.088
1944	48	0.976	0.967	0.181	0.174	0.026	0.025	0.975	0.972
1945	48	0.761	0.750	0.148	0.140	0.021	0.020	0.743	0.768
1946	48	0.478	0.474	0.164	0.170	0.024	0.024	0.440	0.512
1947	48	0.716	0.699	0.187	0.170	0.027	0.024	0.695	0.722
1948	48	0.810	0.792	0.192	0.186	0.028	0.027	0.796	0.808
1949	50	1.087	1.054	0.248	0.234	0.035	0.033	1.094	1.052
1950	51	0.551	0.531	0.183	0.194	0.026	0.027	0.518	0.566
1951	51	0.364	0.339	0.192	0.178	0.027	0.025	0.318	0.387
1952	51	0.988	0.950	0.218	0.210	0.031	0.029	0.987	0.955
1953	51	0.771	0.742	0.150	0.155	0.021	0.022	0.754	0.762
1954	52	0.708	0.673	0.175	0.174	0.024	0.024	0.687	0.698
1955	52	0.658	0.626	0.185	0.165	0.026	0.023	0.633	0.655
1956	51	0.586	0.560	0.151	0.156	0.021	0.022	0.556	0.594
1957	51	0.926	0.890	0.286	0.235	0.040	0.033	0.922	0.900
1958	50	1.080	1.061	0.146	0.137	0.021	0.019	1.087	1.058
1959	50	0.309	0.292	0.153	0.152	0.022	0.022	0.257	0.346
1960	50	1.069	1.049	0.190	0.183	0.027	0.026	1.075	1.047
1961	50	0.879	0.859	0.146	0.136	0.021	0.019	0.871	0.871
1962	50	0.726	0.702	0.148	0.142	0.021	0.020	0.706	0.727
1963	50	0.663	0.646	0.146	0.150	0.021	0.021	0.638	0.675
1964	50	0.674	0.661	0.123	0.135	0.017	0.019	0.650	0.689
1965	50	1.269	1.248	0.204	0.195	0.029	0.028	1.290	1.231
1966	52	1.191	1.173	0.219	0.203	0.030	0.028	1.206	1.161
1967	52	0.747	0.733	0.197	0.183	0.027	0.025	0.728	0.756
1968	52	1.058	1.042	0.218	0.206	0.030	0.029	1.063	1.040
1969	52	1.112	1.097	0.238	0.217	0.033	0.030	1.121	1.091
1970	52	1.245	1.229	0.274	0.268	0.038	0.037	1.264	1.213
1971	52	0.975	0.962	0.195	0.188	0.027	0.026	0.974	0.967
1972	52	0.700	0.701	0.176	0.183	0.024	0.025	0.678	0.727
1973	52	1.305	1.296	0.188	0.205	0.026	0.028	1.328	1.274
1974	52	0.730	0.724	0.169	0.167	0.023	0.023	0.710	0.749
1975	52	1.191	1.186	0.161	0.180	0.022	0.025	1.206	1.173
1976	50	0.935	0.936	0.194	0.190	0.027	0.027	0.931	0.943
1977	50	0.229	0.237	0.165	0.163	0.023	0.023	0.172	0.303
1978	50	1.162	1.163	0.186	0.188	0.026	0.027	1.175	1.151
1979	50	1.410	1.406	0.234	0.227	0.033	0.032	1.441	1.374
1980	50	1.309	1.298	0.318	0.280	0.045	0.040	1.333	1.274
1981	50	0.949	0.939	0.250	0.234	0.035	0.033	0.946	0.946
1982	50	1.310	1.309	0.239	0.218	0.034	0.031	1.334	1.285
1983	50	1.635	1.616	0.410	0.374	0.058	0.053	1.683	1.565
1984	50	1.232	1.225	0.274	0.230	0.039	0.033	1.250	1.208
1985	50	1.458	1.458	0.311	0.256	0.044	0.036	1.492	1.420
1986	50	1.670	1.668	0.386	0.371	0.055	0.052	1.720	1.610
1987	50	1.666	1.658	0.339	0.296	0.048	0.042	1.716	1.601
1988	50	1.741	1.741	0.344	0.345	0.049	0.049	1.797	1.677
1989	50	1.159	1.167	0.177	0.175	0.025	0.025	1.172	1.154
1990	50	0.945	0.944	0.202	0.199	0.029	0.028	0.942	0.951
1991	50	0.896	0.890	0.210	0.183	0.030	0.026	0.889	0.902
1992	50	1.403	1.406	0.254	0.260	0.036	0.037	1.433	1.370
1993	50	1.443	1.447	0.250	0.230	0.035	0.032	1.476	1.407
1994	50	1.054	1.069	0.160	0.188	0.023	0.027	1.058	1.065
1995	50	1.337	1.339	0.257	0.269	0.036	0.038	1.363	1.310
1996	50	0.511	0.498	0.165	0.170	0.023	0.024	0.475	0.547
1997	50	1.356	1.346	0.273	0.272	0.039	0.038	1.383	1.315
1998	50	1.087	1.085	0.171	0.174	0.024	0.025	1.094	1.079
1999	50	1.145	1.122	0.338	0.314	0.048	0.044	1.157	1.112
2000	50	0.897	0.878	0.187	0.193	0.026	0.027	0.890	0.892
2001	50	0.604	0.591	0.126	0.128	0.018	0.018	0.576	0.632
2002	50	0.223	0.214	0.151	0.146	0.021	0.021	0.166	0.293
2003	50	0.680	0.637	0.208	0.166	0.029	0.023	0.657	0.674
2004	50	0.839	0.809	0.219	0.214	0.031	0.030	0.827	0.829
2005	50	0.903	0.870	0.139	0.138	0.020	0.020	0.897	0.885
2006	50	0.552	0.515	0.218	0.218	0.031	0.031	0.520	0.565
2007	50	0.728	0.694	0.142	0.153	0.020	0.022	0.709	0.726
2008	50	0.916	0.880	0.176	0.158	0.025	0.022	0.910	0.894
2009	50	0.894	0.837	0.190	0.157	0.027	0.022	0.886	0.856
2010	46	1.011	0.951	0.199	0.190	0.029	0.028	1.012	0.958
2011	36	0.794	0.736	0.203	0.175	0.034	0.029	0.779	0.765
