age_CE,SJR02A_raw,SJR04A_raw,SJR05A_raw,SJR06A_raw,SJR07A_raw,SJR08A_raw,SJR09A_raw,SJR10A_raw,SJR11A_raw,SJR12A_raw,SJR13A_raw,SJR14A_raw,SJR16A_raw,SJR17A_raw,SJR18A_raw,SJR19A_raw,SJR20A_raw,SJR21A_raw,SJR22A_raw,SJR23A_raw,SJR24A_raw,SJR25A_raw,SJR25B_raw,SJR27A_raw,SJR28A_raw,SJR29A_raw,SJR30A_raw,SJR31A_raw,SJR32A_raw,SJR34A_raw,SJR35A_raw,SJR36A_raw,SJR37A_raw,SJR39A_raw,SJR40A_raw,SJR41A_raw,SJR42B_raw,SJR42C_raw,SJR43A_raw,SJR43B_raw,SJR44A_raw,SJR45A_raw,SJR46A_raw,SJR47A_raw,SJR48A_raw,SJR48B_raw,SJR49A_raw,SJR50A_raw,SJR51A_raw,SJR52A_raw,SJR53A_raw,SJR54A_raw,SJR55A_raw,SJR60A_raw,SJR61A_raw,SJR61B_raw,SJR61C_raw,SJR64A_raw,SJR65A_raw,SJR65B_raw,SJR66A_raw,SJR67A_raw,SJR68A_raw,SJR69A_raw,SJR69B_raw,SJR70A_raw,SJR71A_raw,SJR72A_raw,SJR73A_raw,SJR75A_raw,SJR76A_raw,SJR77A_raw,SJR78A_raw,SJR79A_raw,SJR79B_raw,SJR02A_raw_outlier_flag,SJR04A_raw_outlier_flag,SJR05A_raw_outlier_flag,SJR06A_raw_outlier_flag,SJR07A_raw_outlier_flag,SJR08A_raw_outlier_flag,SJR09A_raw_outlier_flag,SJR10A_raw_outlier_flag,SJR11A_raw_outlier_flag,SJR12A_raw_outlier_flag,SJR13A_raw_outlier_flag,SJR14A_raw_outlier_flag,SJR16A_raw_outlier_flag,SJR17A_raw_outlier_flag,SJR18A_raw_outlier_flag,SJR19A_raw_outlier_flag,SJR20A_raw_outlier_flag,SJR21A_raw_outlier_flag,SJR22A_raw_outlier_flag,SJR23A_raw_outlier_flag,SJR24A_raw_outlier_flag,SJR25A_raw_outlier_flag,SJR25B_raw_outlier_flag,SJR27A_raw_outlier_flag,SJR28A_raw_outlier_flag,SJR29A_raw_outlier_flag,SJR30A_raw_outlier_flag,SJR31A_raw_outlier_flag,SJR32A_raw_outlier_flag,SJR34A_raw_outlier_flag,SJR35A_raw_outlier_flag,SJR36A_raw_outlier_flag,SJR37A_raw_outlier_flag,SJR39A_raw_outlier_flag,SJR40A_raw_outlier_flag,SJR41A_raw_outlier_flag,SJR42B_raw_outlier_flag,SJR42C_raw_outlier_flag,SJR43A_raw_outlier_flag,SJR43B_raw_outlier_flag,SJR44A_raw_outlier_flag,SJR45A_raw_outlier_flag,SJR46A_raw_outlier_flag,SJR47A_raw_outlier_flag,SJR48A_raw_outlier_flag,SJR48B_raw_outlier_flag,SJR49A_raw_outlier_flag,SJR50A_raw_outlier_flag,SJR51A_raw_outlier_flag,SJR52A_raw_outlier_flag,SJR53A_raw_outlier_flag,SJR54A_raw_outlier_flag,SJR55A_raw_outlier_flag,SJR60A_raw_outlier_flag,SJR61A_raw_outlier_flag,SJR61B_raw_outlier_flag,SJR61C_raw_outlier_flag,SJR64A_raw_outlier_flag,SJR65A_raw_outlier_flag,SJR65B_raw_outlier_flag,SJR66A_raw_outlier_flag,SJR67A_raw_outlier_flag,SJR68A_raw_outlier_flag,SJR69A_raw_outlier_flag,SJR69B_raw_outlier_flag,SJR70A_raw_outlier_flag,SJR71A_raw_outlier_flag,SJR72A_raw_outlier_flag,SJR73A_raw_outlier_flag,SJR75A_raw_outlier_flag,SJR76A_raw_outlier_flag,SJR77A_raw_outlier_flag,SJR78A_raw_outlier_flag,SJR79A_raw_outlier_flag,SJR79B_raw_outlier_flag
1557,NA,NA,NA,NA,NA,NA,NA,NA,NA,NA,NA,NA,NA,NA,NA,NA,NA,NA,NA,NA,NA,NA,NA,NA,NA,NA,NA,NA,NA,NA,NA,NA,NA,NA,NA,NA,NA,NA,NA,NA,NA,NA,NA,NA,NA,NA,NA,NA,NA,NA,NA,NA,NA,NA,NA,NA,NA,NA,NA,NA,NA,NA,NA,NA,NA,NA,NA,NA,NA,NA,NA,NA,NA,0.486,0.497,NA,NA,NA,NA,NA,NA,NA,NA,NA,NA,NA,NA,NA,NA,NA,NA,NA,NA,NA,NA,NA,NA,NA,NA,NA,NA,NA,NA,NA,NA,NA,NA,NA,NA,NA,NA,NA,NA,NA,NA,NA,NA,NA,NA,NA,NA,NA,NA,NA,NA,NA,NA,NA,NA,NA,NA,NA,NA,NA,NA,NA,NA,NA,NA,NA,NA,NA,NA,NA,NA,NA,NA,NA,FALSE,FALSE
1558,NA,NA,NA,NA,NA,NA,NA,NA,NA,NA,NA,NA,NA,NA,NA,NA,NA,NA,NA,NA,NA,NA,NA,NA,NA,NA,NA,NA,NA,NA,NA,NA,NA,NA,NA,NA,NA,NA,NA,NA,NA,NA,NA,NA,NA,NA,NA,NA,NA,NA,NA,NA,NA,NA,NA,NA,NA,NA,NA,NA,NA,NA,NA,NA,NA,NA,NA,NA,NA,NA,NA,NA,NA,0.671,0.662,NA,NA,NA,NA,NA,NA,NA,NA,NA,NA,NA,NA,NA,NA,NA,NA,NA,NA,NA,NA,NA,NA,NA,NA,NA,NA,NA,NA,NA,NA,NA,NA,NA,NA,NA,NA,NA,NA,NA,NA,NA,NA,NA,NA,NA,NA,NA,NA,NA,NA,NA,NA,NA,NA,NA,NA,NA,NA,NA,NA,NA,NA,NA,NA,NA,NA,NA,NA,NA,NA,NA,NA,NA,FALSE,FALSE
1559,NA,NA,NA,NA,NA,NA,NA,NA,NA,NA,NA,NA,NA,NA,NA,NA,NA,NA,NA,NA,NA,NA,NA,NA,NA,NA,NA,NA,NA,NA,NA,NA,NA,NA,NA,NA,NA,NA,NA,NA,NA,NA,NA,NA,NA,NA,NA,NA,NA,NA,NA,NA,NA,NA,NA,NA,NA,NA,NA,NA,NA,NA,NA,NA,NA,NA,NA,NA,NA,NA,NA,NA,NA,0.804,0.777,NA,NA,NA,NA,NA,NA,NA,NA,NA,NA,NA,NA,NA,NA,NA,NA,NA,NA,NA,NA,NA,NA,NA,NA,NA,NA,NA,NA,NA,NA,NA,NA,NA,NA,NA,NA,NA,NA,NA,NA,NA,NA,NA,NA,NA,NA,NA,NA,NA,NA,NA,NA,NA,NA,NA,NA,NA,NA,NA,NA,NA,NA,NA,NA,NA,NA,NA,NA,NA,NA,NA,NA,NA,FALSE,FALSE
1560,NA,NA,NA,NA,NA,NA,NA,NA,NA,NA,NA,NA,NA,NA,NA,NA,NA,NA,NA,NA,NA,NA,NA,NA,NA,NA,NA,NA,NA,NA,NA,NA,NA,NA,NA,NA,NA,NA,NA,NA,NA,NA,NA,NA,NA,NA,NA,NA,NA,NA,NA,NA,NA,NA,NA,NA,NA,NA,NA,NA,NA,NA,NA,NA,NA,NA,NA,NA,NA,NA,NA,NA,NA,0.876,0.996,NA,NA,NA,NA,NA,NA,NA,NA,NA,NA,NA,NA,NA,NA,NA,NA,NA,NA,NA,NA,NA,NA,NA,NA,NA,NA,NA,NA,NA,NA,NA,NA,NA,NA,NA,NA,NA,NA,NA,NA,NA,NA,NA,NA,NA,NA,NA,NA,NA,NA,NA,NA,NA,NA,NA,NA,NA,NA,NA,NA,NA,NA,NA,NA,NA,NA,NA,NA,NA,NA,NA,NA,NA,FALSE,FALSE
1561,NA,NA,NA,NA,NA,NA,NA,NA,NA,NA,NA,NA,NA,NA,NA,NA,NA,NA,NA,NA,NA,NA,NA,NA,NA,NA,NA,NA,NA,NA,NA,NA,NA,NA,NA,NA,NA,NA,NA,NA,NA,NA,NA,NA,NA,NA,NA,NA,NA,NA,NA,NA,NA,NA,NA,NA,NA,NA,NA,NA,NA,NA,NA,NA,NA,NA,NA,NA,NA,NA,NA,NA,NA,0.851,0.881,NA,NA,NA,NA,NA,NA,NA,NA,NA,NA,NA,NA,NA,NA,NA,NA,NA,NA,NA,NA,NA,NA,NA,NA,NA,NA,NA,NA,NA,NA,NA,NA,NA,NA,NA,NA,NA,NA,NA,NA,NA,NA,NA,NA,NA,NA,NA,NA,NA,NA,NA,NA,NA,NA,NA,NA,NA,NA,NA,NA,NA,NA,NA,NA,NA,NA,NA,NA,NA,NA,NA,NA,NA,FALSE,FALSE
1562,NA,NA,NA,NA,NA,NA,NA,NA,NA,NA,NA,NA,NA,NA,NA,NA,NA,NA,NA,NA,NA,NA,NA,NA,NA,NA,NA,NA,NA,NA,NA,NA,NA,NA,NA,NA,NA,NA,NA,NA,NA,NA,NA,NA,NA,NA,NA,NA,NA,NA,NA,NA,NA,NA,NA,NA,NA,NA,NA,NA,NA,NA,NA,NA,NA,NA,NA,NA,NA,NA,NA,NA,NA,0.756,0.632,NA,NA,NA,NA,NA,NA,NA,NA,NA,NA,NA,NA,NA,NA,NA,NA,NA,NA,NA,NA,NA,NA,NA,NA,NA,NA,NA,NA,NA,NA,NA,NA,NA,NA,NA,NA,NA,NA,NA,NA,NA,NA,NA,NA,NA,NA,NA,NA,NA,NA,NA,NA,NA,NA,NA,NA,NA,NA,NA,NA,NA,NA,NA,NA,NA,NA,NA,NA,NA,NA,NA,NA,NA,FALSE,FALSE
1563,NA,NA,NA,NA,NA,NA,NA,NA,NA,NA,NA,NA,NA,NA,NA,NA,NA,NA,NA,NA,NA,NA,NA,NA,NA,NA,NA,NA,NA,NA,NA,NA,NA,NA,NA,NA,NA,NA,NA,NA,NA,NA,NA,NA,NA,NA,NA,NA,NA,NA,NA,NA,NA,NA,NA,NA,NA,NA,NA,NA,NA,NA,NA,NA,NA,NA,NA,NA,NA,NA,NA,NA,NA,0.835,0.869,NA,NA,NA,NA,NA,NA,NA,NA,NA,NA,NA,NA,NA,NA,NA,NA,NA,NA,NA,NA,NA,NA,NA,NA,NA,NA,NA,NA,NA,NA,NA,NA,NA,NA,NA,NA,NA,NA,NA,NA,NA,NA,NA,NA,NA,NA,NA,NA,NA,NA,NA,NA,NA,NA,NA,NA,NA,NA,NA,NA,NA,NA,NA,NA,NA,NA,NA,NA,NA,NA,NA,NA,NA,FALSE,FALSE
1564,NA,NA,NA,NA,NA,NA,NA,NA,NA,NA,NA,NA,NA,NA,NA,NA,NA,NA,NA,NA,NA,NA,NA,NA,NA,NA,NA,NA,NA,NA,NA,NA,NA,NA,NA,NA,NA,NA,NA,NA,NA,NA,NA,NA,NA,NA,NA,NA,NA,NA,NA,NA,NA,NA,NA,NA,NA,NA,NA,NA,NA,NA,NA,NA,NA,NA,NA,NA,NA,NA,NA,NA,NA,0.992,1.043,NA,NA,NA,NA,NA,NA,NA,NA,NA,NA,NA,NA,NA,NA,NA,NA,NA,NA,NA,NA,NA,NA,NA,NA,NA,NA,NA,NA,NA,NA,NA,NA,NA,NA,NA,NA,NA,NA,NA,NA,NA,NA,NA,NA,NA,NA,NA,NA,NA,NA,NA,NA,NA,NA,NA,NA,NA,NA,NA,NA,NA,NA,NA,NA,NA,NA,NA,NA,NA,NA,NA,NA,NA,FALSE,FALSE
1565,NA,NA,NA,NA,NA,NA,NA,NA,NA,NA,NA,NA,NA,NA,NA,NA,NA,NA,NA,NA,NA,NA,NA,NA,NA,NA,NA,NA,NA,NA,NA,NA,NA,NA,NA,NA,NA,NA,NA,NA,NA,NA,NA,NA,NA,NA,NA,NA,NA,NA,NA,NA,NA,NA,NA,NA,NA,NA,NA,NA,NA,NA,NA,NA,NA,NA,NA,NA,NA,NA,NA,NA,NA,0.737,0.744,NA,NA,NA,NA,NA,NA,NA,NA,NA,NA,NA,NA,NA,NA,NA,NA,NA,NA,NA,NA,NA,NA,NA,NA,NA,NA,NA,NA,NA,NA,NA,NA,NA,NA,NA,NA,NA,NA,NA,NA,NA,NA,NA,NA,NA,NA,NA,NA,NA,NA,NA,NA,NA,NA,NA,NA,NA,NA,NA,NA,NA,NA,NA,NA,NA,NA,NA,NA,NA,NA,NA,NA,NA,FALSE,FALSE
1566,NA,NA,NA,NA,NA,NA,NA,NA,NA,NA,NA,NA,NA,NA,NA,NA,NA,NA,NA,NA,NA,NA,NA,NA,NA,NA,NA,NA,NA,NA,NA,NA,NA,NA,NA,NA,NA,NA,NA,NA,NA,NA,NA,NA,NA,NA,NA,NA,NA,NA,NA,NA,NA,NA,NA,NA,NA,NA,NA,NA,NA,NA,NA,NA,NA,NA,NA,NA,NA,NA,NA,NA,NA,0.827,0.744,NA,NA,NA,NA,NA,NA,NA,NA,NA,NA,NA,NA,NA,NA,NA,NA,NA,NA,NA,NA,NA,NA,NA,NA,NA,NA,NA,NA,NA,NA,NA,NA,NA,NA,NA,NA,NA,NA,NA,NA,NA,NA,NA,NA,NA,NA,NA,NA,NA,NA,NA,NA,NA,NA,NA,NA,NA,NA,NA,NA,NA,NA,NA,NA,NA,NA,NA,NA,NA,NA,NA,NA,NA,FALSE,FALSE
1567,NA,NA,NA,NA,NA,NA,NA,NA,NA,NA,NA,NA,NA,NA,NA,NA,NA,NA,NA,NA,NA,NA,NA,NA,NA,NA,NA,NA,NA,NA,NA,NA,NA,NA,NA,NA,NA,NA,NA,NA,NA,NA,NA,NA,NA,NA,NA,NA,NA,NA,NA,NA,NA,NA,NA,NA,NA,NA,NA,NA,NA,NA,NA,NA,NA,NA,NA,NA,NA,NA,NA,NA,NA,0.956,1.005,NA,NA,NA,NA,NA,NA,NA,NA,NA,NA,NA,NA,NA,NA,NA,NA,NA,NA,NA,NA,NA,NA,NA,NA,NA,NA,NA,NA,NA,NA,NA,NA,NA,NA,NA,NA,NA,NA,NA,NA,NA,NA,NA,NA,NA,NA,NA,NA,NA,NA,NA,NA,NA,NA,NA,NA,NA,NA,NA,NA,NA,NA,NA,NA,NA,NA,NA,NA,NA,NA,NA,NA,NA,FALSE,FALSE
1568,NA,NA,NA,NA,NA,NA,NA,NA,NA,NA,NA,NA,NA,NA,NA,NA,NA,NA,NA,NA,NA,NA,NA,NA,NA,NA,NA,NA,NA,NA,NA,NA,NA,NA,NA,NA,NA,NA,NA,NA,NA,NA,NA,NA,NA,NA,NA,NA,NA,NA,NA,NA,NA,NA,NA,NA,NA,NA,NA,NA,NA,NA,NA,NA,NA,NA,NA,NA,NA,NA,NA,NA,NA,0.89,0.876,NA,NA,NA,NA,NA,NA,NA,NA,NA,NA,NA,NA,NA,NA,NA,NA,NA,NA,NA,NA,NA,NA,NA,NA,NA,NA,NA,NA,NA,NA,NA,NA,NA,NA,NA,NA,NA,NA,NA,NA,NA,NA,NA,NA,NA,NA,NA,NA,NA,NA,NA,NA,NA,NA,NA,NA,NA,NA,NA,NA,NA,NA,NA,NA,NA,NA,NA,NA,NA,NA,NA,NA,NA,FALSE,FALSE
1569,NA,NA,NA,NA,NA,NA,NA,NA,NA,NA,NA,NA,NA,NA,NA,NA,NA,NA,NA,NA,NA,NA,NA,NA,NA,NA,NA,NA,NA,NA,NA,NA,NA,NA,NA,NA,NA,NA,NA,NA,NA,NA,NA,NA,NA,NA,NA,NA,NA,NA,NA,NA,NA,NA,NA,NA,NA,NA,NA,NA,NA,NA,NA,NA,NA,NA,NA,NA,NA,NA,NA,NA,NA,0.704,0.677,NA,NA,NA,NA,NA,NA,NA,NA,NA,NA,NA,NA,NA,NA,NA,NA,NA,NA,NA,NA,NA,NA,NA,NA,NA,NA,NA,NA,NA,NA,NA,NA,NA,NA,NA,NA,NA,NA,NA,NA,NA,NA,NA,NA,NA,NA,NA,NA,NA,NA,NA,NA,NA,NA,NA,NA,NA,NA,NA,NA,NA,NA,NA,NA,NA,NA,NA,NA,NA,NA,NA,NA,NA,FALSE,FALSE
1570,NA,NA,NA,NA,NA,NA,NA,NA,NA,NA,NA,NA,NA,NA,NA,NA,NA,NA,NA,NA,NA,NA,NA,NA,NA,NA,NA,NA,NA,NA,NA,NA,NA,NA,NA,NA,NA,NA,NA,NA,NA,NA,NA,NA,NA,NA,NA,NA,NA,NA,NA,NA,NA,NA,NA,NA,NA,NA,NA,NA,NA,NA,NA,NA,NA,NA,NA,NA,NA,NA,NA,NA,NA,0.491,0.541,NA,NA,NA,NA,NA,NA,NA,NA,NA,NA,NA,NA,NA,NA,NA,NA,NA,NA,NA,NA,NA,NA,NA,NA,NA,NA,NA,NA,NA,NA,NA,NA,NA,NA,NA,NA,NA,NA,NA,NA,NA,NA,NA,NA,NA,NA,NA,NA,NA,NA,NA,NA,NA,NA,NA,NA,NA,NA,NA,NA,NA,NA,NA,NA,NA,NA,NA,NA,NA,NA,NA,NA,NA,FALSE,FALSE
1571,NA,NA,NA,NA,NA,NA,NA,NA,NA,NA,NA,NA,NA,NA,NA,NA,NA,NA,NA,NA,NA,NA,NA,NA,NA,NA,NA,NA,NA,NA,NA,NA,NA,NA,NA,NA,NA,NA,NA,NA,NA,NA,NA,NA,NA,NA,NA,NA,NA,NA,NA,NA,NA,NA,NA,NA,NA,NA,NA,NA,NA,NA,NA,NA,NA,NA,NA,NA,NA,NA,NA,NA,NA,0.293,0.307,NA,NA,NA,NA,NA,NA,NA,NA,NA,NA,NA,NA,NA,NA,NA,NA,NA,NA,NA,NA,NA,NA,NA,NA,NA,NA,NA,NA,NA,NA,NA,NA,NA,NA,NA,NA,NA,NA,NA,NA,NA,NA,NA,NA,NA,NA,NA,NA,NA,NA,NA,NA,NA,NA,NA,NA,NA,NA,NA,NA,NA,NA,NA,NA,NA,NA,NA,NA,NA,NA,NA,NA,NA,FALSE,FALSE
1572,NA,NA,NA,NA,NA,NA,NA,NA,NA,NA,NA,NA,NA,NA,NA,NA,NA,NA,NA,NA,NA,NA,NA,NA,NA,NA,NA,NA,NA,NA,NA,NA,NA,NA,NA,NA,NA,NA,NA,NA,NA,NA,NA,NA,NA,NA,NA,NA,NA,NA,NA,NA,NA,NA,NA,NA,NA,NA,NA,NA,NA,NA,NA,NA,NA,NA,NA,NA,NA,NA,NA,NA,NA,0.274,0.26,NA,NA,NA,NA,NA,NA,NA,NA,NA,NA,NA,NA,NA,NA,NA,NA,NA,NA,NA,NA,NA,NA,NA,NA,NA,NA,NA,NA,NA,NA,NA,NA,NA,NA,NA,NA,NA,NA,NA,NA,NA,NA,NA,NA,NA,NA,NA,NA,NA,NA,NA,NA,NA,NA,NA,NA,NA,NA,NA,NA,NA,NA,NA,NA,NA,NA,NA,NA,NA,NA,NA,NA,NA,FALSE,FALSE
1573,NA,NA,NA,NA,NA,NA,NA,NA,NA,NA,NA,NA,NA,NA,NA,NA,NA,NA,NA,NA,NA,NA,NA,NA,NA,NA,NA,NA,NA,NA,NA,NA,NA,NA,NA,NA,NA,NA,NA,NA,NA,NA,NA,NA,NA,NA,NA,NA,NA,NA,NA,NA,NA,NA,NA,NA,NA,NA,NA,NA,NA,NA,NA,NA,NA,NA,NA,NA,NA,NA,NA,NA,NA,0.237,0.262,NA,NA,NA,NA,NA,NA,NA,NA,NA,NA,NA,NA,NA,NA,NA,NA,NA,NA,NA,NA,NA,NA,NA,NA,NA,NA,NA,NA,NA,NA,NA,NA,NA,NA,NA,NA,NA,NA,NA,NA,NA,NA,NA,NA,NA,NA,NA,NA,NA,NA,NA,NA,NA,NA,NA,NA,NA,NA,NA,NA,NA,NA,NA,NA,NA,NA,NA,NA,NA,NA,NA,NA,NA,FALSE,FALSE
1574,NA,NA,NA,NA,NA,NA,NA,NA,NA,NA,NA,NA,NA,NA,NA,NA,NA,NA,NA,NA,NA,NA,NA,NA,NA,NA,NA,NA,NA,NA,NA,NA,NA,NA,NA,NA,NA,NA,NA,NA,NA,NA,NA,NA,NA,NA,NA,NA,NA,NA,NA,NA,NA,NA,NA,NA,NA,NA,NA,NA,NA,NA,NA,NA,NA,NA,NA,NA,NA,NA,NA,NA,NA,0.355,0.446,NA,NA,NA,NA,NA,NA,NA,NA,NA,NA,NA,NA,NA,NA,NA,NA,NA,NA,NA,NA,NA,NA,NA,NA,NA,NA,NA,NA,NA,NA,NA,NA,NA,NA,NA,NA,NA,NA,NA,NA,NA,NA,NA,NA,NA,NA,NA,NA,NA,NA,NA,NA,NA,NA,NA,NA,NA,NA,NA,NA,NA,NA,NA,NA,NA,NA,NA,NA,NA,NA,NA,NA,NA,FALSE,FALSE
1575,NA,NA,NA,NA,NA,NA,NA,NA,NA,NA,NA,NA,NA,NA,NA,NA,NA,NA,NA,NA,NA,NA,NA,NA,NA,NA,NA,NA,NA,NA,NA,NA,NA,NA,NA,NA,NA,NA,NA,NA,NA,NA,NA,NA,NA,NA,NA,NA,NA,NA,NA,NA,NA,NA,NA,NA,NA,NA,NA,NA,NA,NA,NA,NA,NA,NA,NA,NA,NA,NA,NA,NA,NA,0.345,0.355,NA,NA,NA,NA,NA,NA,NA,NA,NA,NA,NA,NA,NA,NA,NA,NA,NA,NA,NA,NA,NA,NA,NA,NA,NA,NA,NA,NA,NA,NA,NA,NA,NA,NA,NA,NA,NA,NA,NA,NA,NA,NA,NA,NA,NA,NA,NA,NA,NA,NA,NA,NA,NA,NA,NA,NA,NA,NA,NA,NA,NA,NA,NA,NA,NA,NA,NA,NA,NA,NA,NA,NA,NA,FALSE,FALSE
1576,NA,NA,NA,NA,NA,NA,NA,NA,NA,NA,NA,NA,NA,NA,NA,NA,NA,NA,NA,NA,NA,NA,NA,NA,NA,NA,NA,NA,NA,NA,NA,NA,NA,NA,NA,NA,NA,NA,NA,NA,NA,NA,NA,NA,NA,NA,NA,NA,NA,NA,NA,NA,NA,NA,NA,NA,NA,NA,NA,NA,NA,NA,NA,NA,NA,NA,NA,NA,NA,NA,NA,NA,NA,0.373,0.375,NA,NA,NA,NA,NA,NA,NA,NA,NA,NA,NA,NA,NA,NA,NA,NA,NA,NA,NA,NA,NA,NA,NA,NA,NA,NA,NA,NA,NA,NA,NA,NA,NA,NA,NA,NA,NA,NA,NA,NA,NA,NA,NA,NA,NA,NA,NA,NA,NA,NA,NA,NA,NA,NA,NA,NA,NA,NA,NA,NA,NA,NA,NA,NA,NA,NA,NA,NA,NA,NA,NA,NA,NA,FALSE,FALSE
1577,NA,NA,NA,NA,NA,NA,NA,NA,NA,NA,NA,NA,NA,NA,NA,NA,NA,NA,NA,NA,NA,NA,NA,NA,NA,NA,NA,NA,NA,NA,NA,NA,NA,NA,NA,NA,NA,NA,NA,NA,NA,NA,NA,NA,NA,NA,NA,NA,NA,NA,NA,NA,NA,NA,NA,NA,NA,NA,NA,NA,NA,NA,NA,NA,NA,NA,NA,NA,NA,NA,NA,NA,NA,0.423,0.381,NA,NA,NA,NA,NA,NA,NA,NA,NA,NA,NA,NA,NA,NA,NA,NA,NA,NA,NA,NA,NA,NA,NA,NA,NA,NA,NA,NA,NA,NA,NA,NA,NA,NA,NA,NA,NA,NA,NA,NA,NA,NA,NA,NA,NA,NA,NA,NA,NA,NA,NA,NA,NA,NA,NA,NA,NA,NA,NA,NA,NA,NA,NA,NA,NA,NA,NA,NA,NA,NA,NA,NA,NA,FALSE,FALSE
1578,NA,NA,NA,NA,NA,NA,NA,NA,NA,NA,NA,NA,NA,NA,NA,NA,NA,NA,NA,NA,NA,NA,NA,NA,NA,NA,NA,NA,NA,NA,NA,NA,NA,NA,NA,NA,NA,NA,NA,NA,NA,NA,NA,NA,NA,NA,NA,NA,NA,NA,NA,NA,NA,NA,NA,NA,NA,NA,NA,NA,NA,NA,NA,NA,NA,NA,NA,NA,NA,NA,NA,NA,NA,0.328,0.289,NA,NA,NA,NA,NA,NA,NA,NA,NA,NA,NA,NA,NA,NA,NA,NA,NA,NA,NA,NA,NA,NA,NA,NA,NA,NA,NA,NA,NA,NA,NA,NA,NA,NA,NA,NA,NA,NA,NA,NA,NA,NA,NA,NA,NA,NA,NA,NA,NA,NA,NA,NA,NA,NA,NA,NA,NA,NA,NA,NA,NA,NA,NA,NA,NA,NA,NA,NA,NA,NA,NA,NA,NA,FALSE,FALSE
1579,NA,NA,NA,NA,NA,NA,NA,NA,NA,NA,NA,NA,NA,NA,NA,NA,NA,NA,NA,NA,NA,NA,NA,NA,NA,NA,NA,NA,NA,NA,NA,NA,NA,NA,NA,NA,NA,NA,NA,NA,NA,NA,NA,NA,NA,NA,NA,NA,NA,NA,NA,NA,NA,NA,NA,NA,NA,NA,NA,NA,NA,NA,NA,NA,NA,NA,NA,NA,NA,NA,NA,NA,NA,0.364,0.387,NA,NA,NA,NA,NA,NA,NA,NA,NA,NA,NA,NA,NA,NA,NA,NA,NA,NA,NA,NA,NA,NA,NA,NA,NA,NA,NA,NA,NA,NA,NA,NA,NA,NA,NA,NA,NA,NA,NA,NA,NA,NA,NA,NA,NA,NA,NA,NA,NA,NA,NA,NA,NA,NA,NA,NA,NA,NA,NA,NA,NA,NA,NA,NA,NA,NA,NA,NA,NA,NA,NA,NA,NA,FALSE,FALSE
1580,NA,NA,NA,NA,NA,NA,NA,NA,NA,NA,NA,NA,NA,NA,NA,NA,NA,NA,NA,NA,NA,NA,NA,NA,NA,NA,NA,NA,NA,NA,NA,NA,NA,NA,NA,NA,NA,NA,NA,NA,NA,NA,NA,NA,NA,NA,NA,NA,NA,NA,NA,NA,NA,NA,NA,NA,NA,NA,NA,NA,NA,NA,NA,NA,NA,NA,NA,NA,NA,NA,NA,NA,NA,0.065,0.103,NA,NA,NA,NA,NA,NA,NA,NA,NA,NA,NA,NA,NA,NA,NA,NA,NA,NA,NA,NA,NA,NA,NA,NA,NA,NA,NA,NA,NA,NA,NA,NA,NA,NA,NA,NA,NA,NA,NA,NA,NA,NA,NA,NA,NA,NA,NA,NA,NA,NA,NA,NA,NA,NA,NA,NA,NA,NA,NA,NA,NA,NA,NA,NA,NA,NA,NA,NA,NA,NA,NA,NA,NA,FALSE,FALSE
1581,NA,NA,NA,NA,NA,NA,NA,NA,NA,NA,NA,NA,NA,NA,NA,NA,NA,NA,NA,NA,NA,NA,NA,NA,NA,NA,NA,NA,NA,NA,NA,NA,NA,NA,NA,NA,NA,NA,NA,NA,NA,NA,NA,NA,NA,NA,NA,NA,NA,NA,NA,NA,NA,NA,NA,NA,NA,NA,NA,NA,NA,NA,NA,NA,NA,NA,NA,NA,NA,NA,NA,NA,NA,0.414,0.391,NA,NA,NA,NA,NA,NA,NA,NA,NA,NA,NA,NA,NA,NA,NA,NA,NA,NA,NA,NA,NA,NA,NA,NA,NA,NA,NA,NA,NA,NA,NA,NA,NA,NA,NA,NA,NA,NA,NA,NA,NA,NA,NA,NA,NA,NA,NA,NA,NA,NA,NA,NA,NA,NA,NA,NA,NA,NA,NA,NA,NA,NA,NA,NA,NA,NA,NA,NA,NA,NA,NA,NA,NA,FALSE,FALSE
1582,NA,NA,NA,NA,NA,NA,NA,NA,NA,NA,NA,NA,NA,NA,NA,NA,NA,NA,NA,NA,NA,NA,NA,NA,NA,NA,NA,NA,NA,NA,NA,NA,NA,NA,NA,NA,NA,NA,NA,NA,NA,NA,NA,NA,NA,NA,NA,NA,NA,NA,NA,NA,NA,NA,NA,NA,NA,NA,NA,NA,NA,NA,NA,NA,NA,NA,NA,NA,NA,NA,NA,NA,NA,0.652,0.628,NA,NA,NA,NA,NA,NA,NA,NA,NA,NA,NA,NA,NA,NA,NA,NA,NA,NA,NA,NA,NA,NA,NA,NA,NA,NA,NA,NA,NA,NA,NA,NA,NA,NA,NA,NA,NA,NA,NA,NA,NA,NA,NA,NA,NA,NA,NA,NA,NA,NA,NA,NA,NA,NA,NA,NA,NA,NA,NA,NA,NA,NA,NA,NA,NA,NA,NA,NA,NA,NA,NA,NA,NA,FALSE,FALSE
1583,NA,NA,NA,NA,NA,NA,NA,NA,NA,NA,NA,NA,NA,NA,NA,NA,NA,NA,NA,NA,NA,NA,NA,NA,NA,NA,NA,NA,NA,NA,NA,NA,NA,NA,NA,NA,NA,NA,NA,NA,NA,NA,NA,NA,NA,NA,NA,NA,NA,NA,NA,NA,NA,NA,NA,NA,NA,NA,NA,NA,NA,NA,NA,NA,NA,NA,NA,NA,NA,NA,NA,NA,NA,0.812,0.846,NA,NA,NA,NA,NA,NA,NA,NA,NA,NA,NA,NA,NA,NA,NA,NA,NA,NA,NA,NA,NA,NA,NA,NA,NA,NA,NA,NA,NA,NA,NA,NA,NA,NA,NA,NA,NA,NA,NA,NA,NA,NA,NA,NA,NA,NA,NA,NA,NA,NA,NA,NA,NA,NA,NA,NA,NA,NA,NA,NA,NA,NA,NA,NA,NA,NA,NA,NA,NA,NA,NA,NA,NA,FALSE,FALSE
1584,NA,NA,NA,NA,NA,NA,NA,NA,NA,NA,NA,NA,NA,NA,NA,NA,NA,NA,NA,NA,NA,NA,NA,NA,NA,NA,NA,NA,NA,NA,NA,NA,NA,NA,NA,NA,NA,NA,NA,NA,NA,NA,NA,NA,NA,NA,NA,NA,NA,NA,NA,NA,NA,NA,NA,NA,NA,NA,NA,NA,NA,NA,NA,NA,NA,NA,NA,NA,NA,NA,NA,NA,NA,0.467,0.474,NA,NA,NA,NA,NA,NA,NA,NA,NA,NA,NA,NA,NA,NA,NA,NA,NA,NA,NA,NA,NA,NA,NA,NA,NA,NA,NA,NA,NA,NA,NA,NA,NA,NA,NA,NA,NA,NA,NA,NA,NA,NA,NA,NA,NA,NA,NA,NA,NA,NA,NA,NA,NA,NA,NA,NA,NA,NA,NA,NA,NA,NA,NA,NA,NA,NA,NA,NA,NA,NA,NA,NA,NA,FALSE,FALSE
1585,NA,NA,NA,NA,NA,NA,NA,NA,NA,NA,NA,NA,NA,NA,NA,NA,NA,NA,NA,NA,NA,NA,NA,NA,NA,NA,NA,NA,NA,NA,NA,NA,NA,NA,NA,NA,NA,NA,NA,NA,NA,NA,NA,NA,NA,NA,NA,NA,NA,NA,NA,NA,NA,NA,NA,NA,NA,NA,NA,NA,NA,NA,NA,NA,NA,NA,NA,NA,NA,NA,NA,NA,NA,0.247,0.245,NA,NA,NA,NA,NA,NA,NA,NA,NA,NA,NA,NA,NA,NA,NA,NA,NA,NA,NA,NA,NA,NA,NA,NA,NA,NA,NA,NA,NA,NA,NA,NA,NA,NA,NA,NA,NA,NA,NA,NA,NA,NA,NA,NA,NA,NA,NA,NA,NA,NA,NA,NA,NA,NA,NA,NA,NA,NA,NA,NA,NA,NA,NA,NA,NA,NA,NA,NA,NA,NA,NA,NA,NA,FALSE,FALSE
1586,NA,NA,NA,NA,NA,NA,NA,NA,NA,NA,NA,NA,NA,NA,NA,NA,NA,NA,NA,NA,NA,NA,NA,NA,NA,NA,NA,NA,NA,NA,NA,NA,NA,NA,NA,NA,NA,NA,NA,NA,NA,NA,NA,NA,NA,NA,NA,NA,NA,NA,NA,NA,NA,NA,NA,NA,NA,NA,NA,NA,NA,NA,NA,NA,NA,NA,NA,NA,NA,NA,NA,NA,NA,0.349,0.363,NA,NA,NA,NA,NA,NA,NA,NA,NA,NA,NA,NA,NA,NA,NA,NA,NA,NA,NA,NA,NA,NA,NA,NA,NA,NA,NA,NA,NA,NA,NA,NA,NA,NA,NA,NA,NA,NA,NA,NA,NA,NA,NA,NA,NA,NA,NA,NA,NA,NA,NA,NA,NA,NA,NA,NA,NA,NA,NA,NA,NA,NA,NA,NA,NA,NA,NA,NA,NA,NA,NA,NA,NA,FALSE,FALSE
1587,NA,NA,NA,NA,NA,NA,NA,NA,NA,NA,NA,NA,NA,NA,NA,NA,NA,NA,NA,NA,NA,NA,NA,NA,NA,NA,NA,NA,NA,NA,NA,NA,NA,NA,NA,NA,NA,NA,NA,NA,NA,NA,NA,NA,NA,NA,NA,NA,NA,NA,NA,NA,NA,NA,NA,NA,NA,NA,NA,NA,NA,NA,NA,NA,NA,NA,NA,NA,NA,NA,NA,NA,NA,0.71,0.69,NA,NA,NA,NA,NA,NA,NA,NA,NA,NA,NA,NA,NA,NA,NA,NA,NA,NA,NA,NA,NA,NA,NA,NA,NA,NA,NA,NA,NA,NA,NA,NA,NA,NA,NA,NA,NA,NA,NA,NA,NA,NA,NA,NA,NA,NA,NA,NA,NA,NA,NA,NA,NA,NA,NA,NA,NA,NA,NA,NA,NA,NA,NA,NA,NA,NA,NA,NA,NA,NA,NA,NA,NA,FALSE,FALSE
1588,NA,NA,NA,NA,NA,NA,NA,NA,NA,NA,NA,NA,NA,NA,NA,NA,NA,NA,NA,NA,NA,NA,NA,NA,NA,NA,NA,NA,NA,NA,NA,NA,NA,NA,NA,NA,NA,NA,NA,NA,NA,NA,NA,NA,NA,NA,NA,NA,NA,NA,NA,NA,NA,NA,NA,NA,NA,NA,NA,NA,NA,NA,NA,NA,NA,NA,NA,NA,NA,NA,NA,NA,NA,0.816,0.824,NA,NA,NA,NA,NA,NA,NA,NA,NA,NA,NA,NA,NA,NA,NA,NA,NA,NA,NA,NA,NA,NA,NA,NA,NA,NA,NA,NA,NA,NA,NA,NA,NA,NA,NA,NA,NA,NA,NA,NA,NA,NA,NA,NA,NA,NA,NA,NA,NA,NA,NA,NA,NA,NA,NA,NA,NA,NA,NA,NA,NA,NA,NA,NA,NA,NA,NA,NA,NA,NA,NA,NA,NA,FALSE,FALSE
1589,NA,NA,NA,NA,NA,NA,NA,NA,NA,NA,NA,NA,NA,NA,NA,NA,NA,NA,NA,NA,NA,NA,NA,NA,NA,NA,NA,NA,NA,NA,NA,NA,NA,NA,NA,NA,NA,NA,NA,NA,NA,NA,NA,NA,NA,NA,NA,NA,NA,NA,NA,NA,NA,NA,NA,NA,NA,NA,NA,NA,NA,NA,NA,NA,NA,NA,NA,NA,NA,NA,NA,NA,NA,0.725,0.638,NA,NA,NA,NA,NA,NA,NA,NA,NA,NA,NA,NA,NA,NA,NA,NA,NA,NA,NA,NA,NA,NA,NA,NA,NA,NA,NA,NA,NA,NA,NA,NA,NA,NA,NA,NA,NA,NA,NA,NA,NA,NA,NA,NA,NA,NA,NA,NA,NA,NA,NA,NA,NA,NA,NA,NA,NA,NA,NA,NA,NA,NA,NA,NA,NA,NA,NA,NA,NA,NA,NA,NA,NA,FALSE,FALSE
1590,NA,NA,NA,NA,NA,NA,NA,NA,NA,NA,NA,NA,NA,NA,NA,NA,NA,NA,NA,NA,NA,NA,NA,NA,NA,NA,NA,NA,NA,NA,NA,NA,NA,NA,NA,NA,NA,NA,NA,NA,NA,NA,NA,NA,NA,NA,NA,NA,NA,NA,NA,NA,NA,NA,NA,NA,NA,NA,NA,NA,NA,NA,NA,NA,NA,NA,NA,NA,NA,NA,NA,NA,NA,0.555,0.518,NA,NA,NA,NA,NA,NA,NA,NA,NA,NA,NA,NA,NA,NA,NA,NA,NA,NA,NA,NA,NA,NA,NA,NA,NA,NA,NA,NA,NA,NA,NA,NA,NA,NA,NA,NA,NA,NA,NA,NA,NA,NA,NA,NA,NA,NA,NA,NA,NA,NA,NA,NA,NA,NA,NA,NA,NA,NA,NA,NA,NA,NA,NA,NA,NA,NA,NA,NA,NA,NA,NA,NA,NA,FALSE,FALSE
1591,NA,NA,NA,NA,NA,NA,NA,NA,NA,NA,NA,NA,NA,NA,NA,NA,NA,NA,NA,NA,NA,NA,NA,NA,NA,NA,NA,NA,NA,NA,NA,NA,NA,NA,NA,NA,NA,NA,NA,NA,NA,NA,NA,NA,NA,NA,NA,NA,NA,NA,NA,NA,NA,NA,NA,NA,NA,NA,NA,NA,NA,NA,NA,NA,NA,NA,NA,NA,NA,NA,NA,NA,NA,0.812,0.876,NA,NA,NA,NA,NA,NA,NA,NA,NA,NA,NA,NA,NA,NA,NA,NA,NA,NA,NA,NA,NA,NA,NA,NA,NA,NA,NA,NA,NA,NA,NA,NA,NA,NA,NA,NA,NA,NA,NA,NA,NA,NA,NA,NA,NA,NA,NA,NA,NA,NA,NA,NA,NA,NA,NA,NA,NA,NA,NA,NA,NA,NA,NA,NA,NA,NA,NA,NA,NA,NA,NA,NA,NA,FALSE,FALSE
1592,NA,NA,NA,NA,NA,NA,NA,NA,NA,NA,NA,NA,NA,NA,NA,NA,NA,NA,NA,NA,NA,NA,NA,NA,NA,NA,NA,NA,NA,NA,NA,NA,NA,NA,NA,NA,NA,NA,NA,NA,NA,NA,NA,NA,NA,NA,NA,NA,NA,NA,NA,NA,NA,NA,NA,NA,NA,NA,NA,NA,NA,NA,NA,NA,NA,NA,NA,NA,NA,NA,NA,NA,NA,0.495,0.514,NA,NA,NA,NA,NA,NA,NA,NA,NA,NA,NA,NA,NA,NA,NA,NA,NA,NA,NA,NA,NA,NA,NA,NA,NA,NA,NA,NA,NA,NA,NA,NA,NA,NA,NA,NA,NA,NA,NA,NA,NA,NA,NA,NA,NA,NA,NA,NA,NA,NA,NA,NA,NA,NA,NA,NA,NA,NA,NA,NA,NA,NA,NA,NA,NA,NA,NA,NA,NA,NA,NA,NA,NA,FALSE,FALSE
1593,NA,NA,NA,NA,NA,NA,NA,NA,NA,NA,NA,NA,NA,NA,NA,NA,NA,NA,NA,NA,NA,NA,NA,NA,NA,NA,NA,NA,NA,NA,NA,NA,NA,NA,NA,NA,NA,NA,NA,NA,NA,NA,NA,NA,NA,NA,NA,NA,NA,NA,NA,NA,NA,NA,NA,NA,NA,NA,NA,NA,NA,NA,NA,NA,NA,NA,NA,NA,NA,NA,NA,NA,NA,0.488,0.496,NA,NA,NA,NA,NA,NA,NA,NA,NA,NA,NA,NA,NA,NA,NA,NA,NA,NA,NA,NA,NA,NA,NA,NA,NA,NA,NA,NA,NA,NA,NA,NA,NA,NA,NA,NA,NA,NA,NA,NA,NA,NA,NA,NA,NA,NA,NA,NA,NA,NA,NA,NA,NA,NA,NA,NA,NA,NA,NA,NA,NA,NA,NA,NA,NA,NA,NA,NA,NA,NA,NA,NA,NA,FALSE,FALSE
1594,NA,NA,NA,NA,NA,NA,NA,NA,NA,NA,NA,NA,NA,NA,NA,NA,NA,NA,NA,NA,NA,NA,NA,NA,NA,NA,NA,NA,NA,NA,NA,NA,NA,NA,NA,NA,NA,NA,NA,NA,NA,NA,NA,NA,NA,NA,NA,NA,NA,NA,NA,NA,NA,NA,NA,NA,NA,NA,NA,NA,NA,NA,NA,NA,NA,NA,NA,NA,NA,NA,NA,NA,NA,0.416,0.354,NA,NA,NA,NA,NA,NA,NA,NA,NA,NA,NA,NA,NA,NA,NA,NA,NA,NA,NA,NA,NA,NA,NA,NA,NA,NA,NA,NA,NA,NA,NA,NA,NA,NA,NA,NA,NA,NA,NA,NA,NA,NA,NA,NA,NA,NA,NA,NA,NA,NA,NA,NA,NA,NA,NA,NA,NA,NA,NA,NA,NA,NA,NA,NA,NA,NA,NA,NA,NA,NA,NA,NA,NA,FALSE,FALSE
1595,NA,NA,NA,NA,NA,NA,NA,NA,NA,NA,NA,NA,NA,NA,NA,NA,NA,NA,NA,NA,NA,NA,NA,NA,NA,NA,NA,NA,NA,NA,NA,NA,NA,NA,NA,NA,NA,NA,NA,NA,NA,NA,NA,NA,NA,NA,NA,NA,NA,NA,NA,NA,NA,NA,NA,NA,NA,NA,NA,NA,NA,NA,NA,NA,NA,NA,NA,NA,NA,NA,NA,NA,NA,0.388,0.392,NA,NA,NA,NA,NA,NA,NA,NA,NA,NA,NA,NA,NA,NA,NA,NA,NA,NA,NA,NA,NA,NA,NA,NA,NA,NA,NA,NA,NA,NA,NA,NA,NA,NA,NA,NA,NA,NA,NA,NA,NA,NA,NA,NA,NA,NA,NA,NA,NA,NA,NA,NA,NA,NA,NA,NA,NA,NA,NA,NA,NA,NA,NA,NA,NA,NA,NA,NA,NA,NA,NA,NA,NA,FALSE,FALSE
1596,NA,NA,NA,NA,NA,NA,NA,NA,NA,NA,NA,NA,NA,NA,NA,NA,NA,NA,NA,NA,NA,NA,NA,NA,NA,NA,NA,NA,NA,NA,NA,NA,NA,NA,NA,NA,NA,NA,NA,NA,NA,NA,NA,NA,NA,NA,NA,NA,NA,NA,NA,NA,NA,NA,NA,NA,NA,NA,NA,NA,NA,NA,NA,NA,NA,NA,NA,NA,NA,NA,NA,NA,NA,0.711,0.715,NA,NA,NA,NA,NA,NA,NA,NA,NA,NA,NA,NA,NA,NA,NA,NA,NA,NA,NA,NA,NA,NA,NA,NA,NA,NA,NA,NA,NA,NA,NA,NA,NA,NA,NA,NA,NA,NA,NA,NA,NA,NA,NA,NA,NA,NA,NA,NA,NA,NA,NA,NA,NA,NA,NA,NA,NA,NA,NA,NA,NA,NA,NA,NA,NA,NA,NA,NA,NA,NA,NA,NA,NA,FALSE,FALSE
1597,NA,NA,NA,NA,NA,NA,NA,NA,NA,NA,NA,NA,NA,NA,NA,NA,NA,NA,NA,NA,NA,NA,NA,NA,NA,NA,NA,NA,NA,NA,NA,NA,NA,NA,NA,NA,NA,NA,NA,NA,NA,NA,NA,NA,NA,NA,NA,NA,NA,NA,NA,NA,NA,NA,NA,NA,NA,NA,NA,NA,NA,NA,NA,NA,NA,NA,NA,NA,NA,NA,NA,NA,NA,0.677,0.677,NA,NA,NA,NA,NA,NA,NA,NA,NA,NA,NA,NA,NA,NA,NA,NA,NA,NA,NA,NA,NA,NA,NA,NA,NA,NA,NA,NA,NA,NA,NA,NA,NA,NA,NA,NA,NA,NA,NA,NA,NA,NA,NA,NA,NA,NA,NA,NA,NA,NA,NA,NA,NA,NA,NA,NA,NA,NA,NA,NA,NA,NA,NA,NA,NA,NA,NA,NA,NA,NA,NA,NA,NA,FALSE,FALSE
1598,NA,NA,NA,NA,NA,NA,NA,NA,NA,NA,NA,NA,NA,NA,NA,NA,NA,NA,NA,NA,NA,NA,NA,NA,NA,NA,NA,NA,NA,NA,NA,NA,NA,NA,NA,NA,NA,NA,NA,NA,NA,NA,NA,NA,NA,NA,NA,NA,NA,NA,NA,NA,NA,NA,NA,NA,NA,NA,NA,NA,NA,NA,NA,NA,NA,NA,NA,NA,NA,NA,NA,NA,NA,0.82,0.825,NA,NA,NA,NA,NA,NA,NA,NA,NA,NA,NA,NA,NA,NA,NA,NA,NA,NA,NA,NA,NA,NA,NA,NA,NA,NA,NA,NA,NA,NA,NA,NA,NA,NA,NA,NA,NA,NA,NA,NA,NA,NA,NA,NA,NA,NA,NA,NA,NA,NA,NA,NA,NA,NA,NA,NA,NA,NA,NA,NA,NA,NA,NA,NA,NA,NA,NA,NA,NA,NA,NA,NA,NA,FALSE,FALSE
1599,NA,NA,NA,NA,NA,NA,NA,NA,NA,NA,NA,NA,NA,NA,NA,NA,NA,NA,NA,NA,NA,NA,NA,NA,NA,NA,NA,NA,NA,NA,NA,NA,NA,NA,NA,NA,NA,NA,NA,NA,NA,NA,NA,NA,NA,NA,NA,NA,NA,NA,NA,NA,NA,NA,NA,NA,NA,NA,NA,NA,NA,NA,NA,NA,NA,NA,NA,NA,NA,NA,NA,NA,NA,0.96,0.908,NA,NA,NA,NA,NA,NA,NA,NA,NA,NA,NA,NA,NA,NA,NA,NA,NA,NA,NA,NA,NA,NA,NA,NA,NA,NA,NA,NA,NA,NA,NA,NA,NA,NA,NA,NA,NA,NA,NA,NA,NA,NA,NA,NA,NA,NA,NA,NA,NA,NA,NA,NA,NA,NA,NA,NA,NA,NA,NA,NA,NA,NA,NA,NA,NA,NA,NA,NA,NA,NA,NA,NA,NA,FALSE,FALSE
1600,NA,NA,NA,NA,NA,NA,NA,NA,NA,NA,NA,NA,NA,NA,NA,NA,NA,NA,NA,NA,NA,NA,NA,NA,NA,NA,NA,NA,NA,NA,NA,NA,NA,NA,NA,NA,NA,NA,NA,NA,NA,NA,NA,NA,NA,NA,NA,NA,NA,NA,NA,NA,NA,NA,NA,NA,NA,NA,NA,NA,NA,NA,NA,NA,NA,NA,NA,NA,NA,NA,NA,NA,NA,0.6,0.55,NA,NA,NA,NA,NA,NA,NA,NA,NA,NA,NA,NA,NA,NA,NA,NA,NA,NA,NA,NA,NA,NA,NA,NA,NA,NA,NA,NA,NA,NA,NA,NA,NA,NA,NA,NA,NA,NA,NA,NA,NA,NA,NA,NA,NA,NA,NA,NA,NA,NA,NA,NA,NA,NA,NA,NA,NA,NA,NA,NA,NA,NA,NA,NA,NA,NA,NA,NA,NA,NA,NA,NA,NA,FALSE,FALSE
1601,NA,NA,NA,NA,NA,NA,NA,NA,NA,NA,NA,NA,NA,NA,NA,NA,NA,NA,NA,NA,NA,NA,NA,NA,NA,NA,NA,NA,NA,NA,NA,NA,NA,NA,NA,NA,NA,NA,NA,NA,NA,NA,NA,NA,NA,NA,NA,NA,NA,NA,NA,NA,NA,NA,NA,NA,NA,NA,NA,NA,NA,NA,NA,NA,NA,NA,NA,NA,NA,NA,NA,NA,NA,0.991,1.048,NA,NA,NA,NA,NA,NA,NA,NA,NA,NA,NA,NA,NA,NA,NA,NA,NA,NA,NA,NA,NA,NA,NA,NA,NA,NA,NA,NA,NA,NA,NA,NA,NA,NA,NA,NA,NA,NA,NA,NA,NA,NA,NA,NA,NA,NA,NA,NA,NA,NA,NA,NA,NA,NA,NA,NA,NA,NA,NA,NA,NA,NA,NA,NA,NA,NA,NA,NA,NA,NA,NA,NA,NA,FALSE,FALSE
1602,NA,NA,NA,NA,NA,NA,NA,NA,NA,NA,NA,NA,NA,NA,NA,NA,NA,NA,NA,NA,NA,NA,NA,NA,NA,NA,NA,NA,NA,NA,NA,NA,NA,NA,NA,NA,NA,NA,NA,NA,NA,NA,NA,NA,NA,NA,NA,NA,NA,NA,NA,NA,NA,NA,NA,NA,NA,NA,NA,NA,NA,NA,NA,NA,NA,NA,NA,NA,NA,NA,NA,NA,NA,0.682,0.587,NA,NA,NA,NA,NA,NA,NA,NA,NA,NA,NA,NA,NA,NA,NA,NA,NA,NA,NA,NA,NA,NA,NA,NA,NA,NA,NA,NA,NA,NA,NA,NA,NA,NA,NA,NA,NA,NA,NA,NA,NA,NA,NA,NA,NA,NA,NA,NA,NA,NA,NA,NA,NA,NA,NA,NA,NA,NA,NA,NA,NA,NA,NA,NA,NA,NA,NA,NA,NA,NA,NA,NA,NA,FALSE,FALSE
1603,NA,NA,NA,NA,NA,NA,NA,NA,NA,NA,NA,NA,NA,NA,NA,NA,NA,NA,NA,NA,NA,NA,NA,NA,NA,NA,NA,NA,NA,NA,NA,NA,NA,NA,NA,NA,NA,NA,NA,NA,NA,NA,NA,NA,NA,NA,NA,NA,NA,NA,NA,NA,NA,NA,NA,NA,NA,NA,NA,NA,NA,NA,NA,NA,NA,NA,NA,NA,NA,NA,NA,NA,NA,0.863,0.836,NA,NA,NA,NA,NA,NA,NA,NA,NA,NA,NA,NA,NA,NA,NA,NA,NA,NA,NA,NA,NA,NA,NA,NA,NA,NA,NA,NA,NA,NA,NA,NA,NA,NA,NA,NA,NA,NA,NA,NA,NA,NA,NA,NA,NA,NA,NA,NA,NA,NA,NA,NA,NA,NA,NA,NA,NA,NA,NA,NA,NA,NA,NA,NA,NA,NA,NA,NA,NA,NA,NA,NA,NA,FALSE,FALSE
1604,NA,NA,NA,NA,NA,NA,NA,NA,NA,NA,NA,NA,NA,NA,NA,NA,NA,NA,NA,NA,NA,NA,NA,NA,NA,NA,NA,NA,NA,NA,NA,NA,NA,NA,NA,NA,NA,NA,NA,NA,NA,NA,NA,NA,NA,NA,NA,NA,NA,NA,NA,NA,NA,NA,NA,NA,NA,NA,NA,NA,NA,NA,NA,NA,NA,NA,NA,NA,NA,NA,NA,NA,NA,0.961,1.089,NA,NA,NA,NA,NA,NA,NA,NA,NA,NA,NA,NA,NA,NA,NA,NA,NA,NA,NA,NA,NA,NA,NA,NA,NA,NA,NA,NA,NA,NA,NA,NA,NA,NA,NA,NA,NA,NA,NA,NA,NA,NA,NA,NA,NA,NA,NA,NA,NA,NA,NA,NA,NA,NA,NA,NA,NA,NA,NA,NA,NA,NA,NA,NA,NA,NA,NA,NA,NA,NA,NA,NA,NA,FALSE,FALSE
1605,NA,NA,NA,NA,NA,NA,NA,NA,NA,NA,NA,NA,NA,NA,NA,NA,NA,NA,NA,NA,NA,NA,NA,NA,NA,NA,NA,NA,NA,NA,NA,NA,NA,NA,NA,NA,NA,NA,NA,NA,NA,NA,NA,NA,NA,NA,NA,NA,NA,NA,NA,NA,NA,NA,NA,NA,NA,NA,NA,NA,NA,NA,NA,NA,NA,NA,NA,NA,NA,NA,NA,NA,NA,1.184,1.087,NA,NA,NA,NA,NA,NA,NA,NA,NA,NA,NA,NA,NA,NA,NA,NA,NA,NA,NA,NA,NA,NA,NA,NA,NA,NA,NA,NA,NA,NA,NA,NA,NA,NA,NA,NA,NA,NA,NA,NA,NA,NA,NA,NA,NA,NA,NA,NA,NA,NA,NA,NA,NA,NA,NA,NA,NA,NA,NA,NA,NA,NA,NA,NA,NA,NA,NA,NA,NA,NA,NA,NA,NA,FALSE,FALSE
1606,NA,NA,NA,NA,NA,NA,NA,NA,NA,NA,NA,NA,NA,NA,NA,NA,NA,NA,NA,NA,NA,NA,NA,NA,NA,NA,NA,NA,NA,NA,NA,NA,NA,NA,NA,NA,NA,NA,NA,NA,NA,NA,NA,NA,NA,NA,NA,NA,NA,NA,NA,NA,NA,NA,NA,NA,NA,NA,NA,NA,NA,NA,NA,NA,NA,NA,NA,NA,NA,NA,NA,NA,NA,1.024,0.967,NA,NA,NA,NA,NA,NA,NA,NA,NA,NA,NA,NA,NA,NA,NA,NA,NA,NA,NA,NA,NA,NA,NA,NA,NA,NA,NA,NA,NA,NA,NA,NA,NA,NA,NA,NA,NA,NA,NA,NA,NA,NA,NA,NA,NA,NA,NA,NA,NA,NA,NA,NA,NA,NA,NA,NA,NA,NA,NA,NA,NA,NA,NA,NA,NA,NA,NA,NA,NA,NA,NA,NA,NA,FALSE,FALSE
1607,NA,NA,NA,NA,NA,NA,NA,NA,NA,NA,NA,NA,NA,NA,NA,NA,NA,NA,NA,NA,NA,NA,NA,NA,NA,NA,NA,NA,NA,NA,NA,NA,NA,NA,NA,NA,NA,NA,NA,NA,NA,NA,NA,NA,NA,NA,NA,NA,NA,NA,NA,NA,NA,NA,NA,NA,NA,NA,NA,NA,NA,NA,NA,NA,NA,NA,NA,NA,NA,NA,NA,NA,NA,0.858,0.929,NA,NA,NA,NA,NA,NA,NA,NA,NA,NA,NA,NA,NA,NA,NA,NA,NA,NA,NA,NA,NA,NA,NA,NA,NA,NA,NA,NA,NA,NA,NA,NA,NA,NA,NA,NA,NA,NA,NA,NA,NA,NA,NA,NA,NA,NA,NA,NA,NA,NA,NA,NA,NA,NA,NA,NA,NA,NA,NA,NA,NA,NA,NA,NA,NA,NA,NA,NA,NA,NA,NA,NA,NA,FALSE,FALSE
1608,NA,NA,NA,NA,NA,NA,NA,NA,NA,NA,NA,NA,NA,NA,NA,NA,NA,NA,NA,NA,NA,NA,NA,NA,NA,NA,NA,NA,NA,NA,NA,NA,NA,NA,NA,NA,NA,NA,NA,NA,NA,NA,NA,NA,NA,NA,NA,NA,NA,NA,NA,NA,NA,NA,NA,NA,NA,NA,NA,NA,NA,NA,NA,NA,NA,NA,NA,NA,NA,NA,NA,NA,NA,1.225,1.19,NA,NA,NA,NA,NA,NA,NA,NA,NA,NA,NA,NA,NA,NA,NA,NA,NA,NA,NA,NA,NA,NA,NA,NA,NA,NA,NA,NA,NA,NA,NA,NA,NA,NA,NA,NA,NA,NA,NA,NA,NA,NA,NA,NA,NA,NA,NA,NA,NA,NA,NA,NA,NA,NA,NA,NA,NA,NA,NA,NA,NA,NA,NA,NA,NA,NA,NA,NA,NA,NA,NA,NA,NA,FALSE,FALSE
1609,NA,NA,NA,NA,NA,NA,NA,NA,NA,NA,NA,NA,NA,NA,NA,NA,NA,NA,NA,NA,NA,NA,NA,NA,NA,NA,NA,NA,NA,NA,NA,NA,NA,NA,NA,NA,NA,NA,NA,NA,NA,NA,NA,NA,NA,NA,NA,NA,NA,NA,NA,NA,NA,NA,NA,NA,NA,NA,NA,NA,NA,NA,NA,NA,NA,NA,NA,NA,NA,NA,NA,NA,NA,0.696,0.69,NA,NA,NA,NA,NA,NA,NA,NA,NA,NA,NA,NA,NA,NA,NA,NA,NA,NA,NA,NA,NA,NA,NA,NA,NA,NA,NA,NA,NA,NA,NA,NA,NA,NA,NA,NA,NA,NA,NA,NA,NA,NA,NA,NA,NA,NA,NA,NA,NA,NA,NA,NA,NA,NA,NA,NA,NA,NA,NA,NA,NA,NA,NA,NA,NA,NA,NA,NA,NA,NA,NA,NA,NA,FALSE,FALSE
1610,NA,NA,NA,NA,NA,NA,NA,NA,NA,NA,NA,NA,NA,NA,NA,NA,NA,NA,NA,NA,NA,NA,NA,NA,NA,NA,NA,NA,NA,NA,NA,NA,NA,NA,NA,NA,NA,NA,NA,NA,NA,NA,NA,NA,NA,NA,NA,NA,NA,NA,NA,NA,NA,NA,NA,NA,NA,NA,NA,NA,NA,NA,NA,NA,NA,NA,NA,NA,NA,NA,NA,NA,NA,1.27,1.352,NA,NA,NA,NA,NA,NA,NA,NA,NA,NA,NA,NA,NA,NA,NA,NA,NA,NA,NA,NA,NA,NA,NA,NA,NA,NA,NA,NA,NA,NA,NA,NA,NA,NA,NA,NA,NA,NA,NA,NA,NA,NA,NA,NA,NA,NA,NA,NA,NA,NA,NA,NA,NA,NA,NA,NA,NA,NA,NA,NA,NA,NA,NA,NA,NA,NA,NA,NA,NA,NA,NA,NA,NA,FALSE,FALSE
1611,NA,NA,NA,NA,NA,NA,NA,NA,NA,NA,NA,NA,NA,NA,NA,NA,NA,NA,NA,NA,NA,NA,NA,NA,NA,NA,NA,NA,NA,NA,NA,NA,NA,NA,NA,NA,NA,NA,NA,NA,NA,NA,NA,NA,NA,NA,NA,NA,NA,NA,NA,NA,NA,NA,NA,NA,NA,NA,NA,NA,NA,NA,NA,NA,NA,NA,NA,NA,NA,NA,NA,NA,NA,1.137,0.755,NA,NA,NA,NA,NA,NA,NA,NA,NA,NA,NA,NA,NA,NA,NA,NA,NA,NA,NA,NA,NA,NA,NA,NA,NA,NA,NA,NA,NA,NA,NA,NA,NA,NA,NA,NA,NA,NA,NA,NA,NA,NA,NA,NA,NA,NA,NA,NA,NA,NA,NA,NA,NA,NA,NA,NA,NA,NA,NA,NA,NA,NA,NA,NA,NA,NA,NA,NA,NA,NA,NA,NA,NA,FALSE,FALSE
1612,NA,NA,NA,NA,NA,NA,NA,NA,NA,NA,NA,NA,NA,NA,NA,NA,NA,NA,NA,NA,NA,NA,NA,NA,NA,NA,NA,NA,NA,NA,NA,NA,NA,NA,NA,NA,NA,NA,NA,NA,NA,NA,NA,NA,NA,NA,NA,NA,NA,NA,NA,NA,NA,NA,NA,NA,NA,NA,NA,NA,NA,NA,NA,NA,NA,NA,NA,NA,NA,NA,NA,NA,NA,1.014,0.903,NA,NA,NA,NA,NA,NA,NA,NA,NA,NA,NA,NA,NA,NA,NA,NA,NA,NA,NA,NA,NA,NA,NA,NA,NA,NA,NA,NA,NA,NA,NA,NA,NA,NA,NA,NA,NA,NA,NA,NA,NA,NA,NA,NA,NA,NA,NA,NA,NA,NA,NA,NA,NA,NA,NA,NA,NA,NA,NA,NA,NA,NA,NA,NA,NA,NA,NA,NA,NA,NA,NA,NA,NA,FALSE,FALSE
1613,NA,NA,NA,NA,NA,NA,NA,NA,NA,NA,NA,NA,NA,NA,NA,NA,NA,NA,NA,NA,NA,NA,NA,NA,NA,NA,NA,NA,NA,NA,NA,NA,NA,NA,NA,NA,NA,NA,NA,NA,NA,NA,NA,NA,NA,NA,NA,NA,NA,NA,NA,NA,NA,NA,NA,NA,NA,NA,NA,NA,NA,NA,NA,NA,NA,NA,NA,NA,NA,1.072,NA,NA,NA,0.641,0.659,NA,NA,NA,NA,NA,NA,NA,NA,NA,NA,NA,NA,NA,NA,NA,NA,NA,NA,NA,NA,NA,NA,NA,NA,NA,NA,NA,NA,NA,NA,NA,NA,NA,NA,NA,NA,NA,NA,NA,NA,NA,NA,NA,NA,NA,NA,NA,NA,NA,NA,NA,NA,NA,NA,NA,NA,NA,NA,NA,NA,NA,NA,NA,NA,NA,NA,NA,NA,NA,FALSE,NA,NA,NA,FALSE,FALSE
1614,NA,NA,NA,NA,NA,NA,NA,NA,NA,NA,NA,NA,NA,NA,NA,NA,NA,NA,NA,NA,NA,NA,NA,NA,NA,NA,NA,NA,NA,NA,NA,NA,NA,NA,NA,NA,NA,NA,NA,NA,NA,NA,NA,NA,NA,NA,NA,NA,NA,NA,NA,NA,NA,NA,NA,NA,NA,NA,NA,NA,NA,NA,NA,NA,NA,NA,NA,NA,NA,3.256,NA,NA,NA,1.365,1.041,NA,NA,NA,NA,NA,NA,NA,NA,NA,NA,NA,NA,NA,NA,NA,NA,NA,NA,NA,NA,NA,NA,NA,NA,NA,NA,NA,NA,NA,NA,NA,NA,NA,NA,NA,NA,NA,NA,NA,NA,NA,NA,NA,NA,NA,NA,NA,NA,NA,NA,NA,NA,NA,NA,NA,NA,NA,NA,NA,NA,NA,NA,NA,NA,NA,NA,NA,NA,NA,TRUE,NA,NA,NA,FALSE,FALSE
1615,NA,NA,NA,NA,NA,NA,NA,NA,NA,NA,NA,NA,NA,NA,NA,NA,NA,NA,NA,NA,NA,NA,NA,NA,NA,NA,NA,NA,NA,NA,NA,NA,NA,NA,NA,NA,NA,NA,NA,NA,NA,NA,NA,NA,NA,NA,NA,NA,NA,NA,NA,NA,NA,NA,NA,NA,NA,NA,NA,NA,NA,NA,NA,NA,NA,NA,NA,NA,NA,2.536,NA,NA,NA,1.021,0.928,NA,NA,NA,NA,NA,NA,NA,NA,NA,NA,NA,NA,NA,NA,NA,NA,NA,NA,NA,NA,NA,NA,NA,NA,NA,NA,NA,NA,NA,NA,NA,NA,NA,NA,NA,NA,NA,NA,NA,NA,NA,NA,NA,NA,NA,NA,NA,NA,NA,NA,NA,NA,NA,NA,NA,NA,NA,NA,NA,NA,NA,NA,NA,NA,NA,NA,NA,NA,NA,FALSE,NA,NA,NA,FALSE,FALSE
1616,NA,NA,NA,NA,NA,NA,NA,NA,NA,NA,NA,NA,NA,NA,NA,NA,NA,NA,NA,NA,NA,NA,NA,NA,NA,NA,NA,NA,NA,NA,NA,NA,NA,NA,NA,NA,NA,NA,NA,NA,NA,NA,NA,NA,NA,NA,NA,NA,NA,NA,NA,NA,NA,NA,NA,NA,NA,NA,NA,NA,NA,NA,NA,NA,NA,NA,NA,NA,NA,2.831,NA,NA,NA,0.796,0.773,NA,NA,NA,NA,NA,NA,NA,NA,NA,NA,NA,NA,NA,NA,NA,NA,NA,NA,NA,NA,NA,NA,NA,NA,NA,NA,NA,NA,NA,NA,NA,NA,NA,NA,NA,NA,NA,NA,NA,NA,NA,NA,NA,NA,NA,NA,NA,NA,NA,NA,NA,NA,NA,NA,NA,NA,NA,NA,NA,NA,NA,NA,NA,NA,NA,NA,NA,NA,NA,TRUE,NA,NA,NA,FALSE,FALSE
1617,NA,NA,NA,NA,NA,NA,NA,NA,NA,NA,NA,NA,NA,NA,NA,NA,NA,NA,NA,NA,NA,NA,NA,NA,NA,NA,NA,NA,NA,NA,NA,NA,NA,NA,NA,NA,NA,NA,NA,NA,NA,NA,NA,NA,NA,NA,NA,NA,NA,NA,NA,NA,NA,NA,NA,NA,NA,NA,NA,NA,NA,NA,NA,NA,NA,NA,NA,NA,NA,3.094,NA,NA,NA,1.12,0.981,NA,NA,NA,NA,NA,NA,NA,NA,NA,NA,NA,NA,NA,NA,NA,NA,NA,NA,NA,NA,NA,NA,NA,NA,NA,NA,NA,NA,NA,NA,NA,NA,NA,NA,NA,NA,NA,NA,NA,NA,NA,NA,NA,NA,NA,NA,NA,NA,NA,NA,NA,NA,NA,NA,NA,NA,NA,NA,NA,NA,NA,NA,NA,NA,NA,NA,NA,NA,NA,TRUE,NA,NA,NA,FALSE,FALSE
1618,NA,NA,NA,NA,NA,NA,NA,NA,NA,NA,NA,NA,NA,NA,NA,NA,NA,NA,NA,NA,NA,NA,NA,NA,NA,NA,NA,NA,NA,NA,NA,NA,NA,NA,NA,NA,NA,NA,NA,NA,NA,NA,NA,NA,NA,NA,NA,NA,NA,NA,NA,NA,NA,NA,NA,NA,NA,NA,NA,NA,NA,NA,NA,NA,NA,NA,NA,NA,NA,2.286,NA,NA,NA,0.85,0.648,NA,NA,NA,NA,NA,NA,NA,NA,NA,NA,NA,NA,NA,NA,NA,NA,NA,NA,NA,NA,NA,NA,NA,NA,NA,NA,NA,NA,NA,NA,NA,NA,NA,NA,NA,NA,NA,NA,NA,NA,NA,NA,NA,NA,NA,NA,NA,NA,NA,NA,NA,NA,NA,NA,NA,NA,NA,NA,NA,NA,NA,NA,NA,NA,NA,NA,NA,NA,NA,FALSE,NA,NA,NA,FALSE,FALSE
1619,NA,NA,NA,NA,NA,NA,NA,NA,NA,NA,NA,NA,NA,NA,NA,NA,NA,NA,NA,NA,NA,NA,NA,NA,NA,NA,NA,NA,NA,NA,NA,NA,NA,NA,NA,NA,NA,NA,NA,NA,NA,NA,NA,NA,NA,NA,NA,NA,NA,NA,NA,NA,NA,NA,NA,NA,NA,NA,NA,NA,NA,NA,NA,NA,NA,NA,NA,NA,NA,2.167,NA,NA,NA,0.755,0.645,NA,NA,NA,NA,NA,NA,NA,NA,NA,NA,NA,NA,NA,NA,NA,NA,NA,NA,NA,NA,NA,NA,NA,NA,NA,NA,NA,NA,NA,NA,NA,NA,NA,NA,NA,NA,NA,NA,NA,NA,NA,NA,NA,NA,NA,NA,NA,NA,NA,NA,NA,NA,NA,NA,NA,NA,NA,NA,NA,NA,NA,NA,NA,NA,NA,NA,NA,NA,NA,FALSE,NA,NA,NA,FALSE,FALSE
1620,NA,NA,NA,NA,NA,NA,NA,NA,NA,NA,NA,NA,NA,NA,NA,NA,NA,NA,NA,NA,NA,NA,NA,NA,NA,NA,NA,NA,NA,NA,NA,NA,NA,NA,NA,NA,NA,NA,NA,NA,NA,NA,NA,NA,NA,NA,NA,NA,NA,NA,NA,NA,NA,NA,NA,NA,NA,NA,NA,NA,NA,NA,NA,NA,NA,NA,NA,NA,NA,2.349,NA,NA,NA,0.683,1.062,NA,NA,NA,NA,NA,NA,NA,NA,NA,NA,NA,NA,NA,NA,NA,NA,NA,NA,NA,NA,NA,NA,NA,NA,NA,NA,NA,NA,NA,NA,NA,NA,NA,NA,NA,NA,NA,NA,NA,NA,NA,NA,NA,NA,NA,NA,NA,NA,NA,NA,NA,NA,NA,NA,NA,NA,NA,NA,NA,NA,NA,NA,NA,NA,NA,NA,NA,NA,NA,FALSE,NA,NA,NA,FALSE,FALSE
1621,NA,NA,NA,NA,NA,NA,NA,NA,NA,NA,NA,NA,NA,NA,NA,NA,NA,NA,NA,NA,NA,NA,NA,NA,NA,NA,NA,NA,NA,NA,NA,NA,NA,NA,NA,NA,NA,NA,NA,NA,NA,NA,NA,NA,NA,NA,NA,NA,NA,NA,NA,NA,NA,NA,NA,NA,NA,NA,NA,NA,NA,NA,NA,NA,NA,NA,NA,NA,NA,0.909,NA,NA,NA,0.566,0.646,NA,NA,NA,NA,NA,NA,NA,NA,NA,NA,NA,NA,NA,NA,NA,NA,NA,NA,NA,NA,NA,NA,NA,NA,NA,NA,NA,NA,NA,NA,NA,NA,NA,NA,NA,NA,NA,NA,NA,NA,NA,NA,NA,NA,NA,NA,NA,NA,NA,NA,NA,NA,NA,NA,NA,NA,NA,NA,NA,NA,NA,NA,NA,NA,NA,NA,NA,NA,NA,FALSE,NA,NA,NA,FALSE,FALSE
1622,NA,NA,NA,NA,NA,NA,NA,NA,NA,NA,NA,NA,NA,NA,NA,NA,NA,NA,NA,NA,NA,NA,NA,NA,NA,NA,NA,NA,NA,NA,NA,NA,NA,NA,NA,NA,NA,NA,NA,NA,NA,NA,NA,NA,NA,NA,NA,NA,NA,NA,NA,NA,NA,NA,NA,NA,NA,NA,NA,NA,NA,NA,NA,NA,NA,NA,NA,NA,NA,0.908,NA,NA,NA,0.634,0.555,NA,NA,NA,NA,NA,NA,NA,NA,NA,NA,NA,NA,NA,NA,NA,NA,NA,NA,NA,NA,NA,NA,NA,NA,NA,NA,NA,NA,NA,NA,NA,NA,NA,NA,NA,NA,NA,NA,NA,NA,NA,NA,NA,NA,NA,NA,NA,NA,NA,NA,NA,NA,NA,NA,NA,NA,NA,NA,NA,NA,NA,NA,NA,NA,NA,NA,NA,NA,NA,FALSE,NA,NA,NA,FALSE,FALSE
1623,NA,NA,NA,NA,NA,NA,NA,NA,NA,NA,NA,NA,NA,NA,NA,NA,NA,NA,NA,NA,NA,NA,NA,NA,NA,NA,NA,NA,NA,NA,NA,NA,NA,NA,NA,NA,NA,NA,NA,NA,NA,NA,NA,NA,NA,NA,NA,NA,NA,NA,NA,NA,NA,NA,NA,NA,NA,NA,NA,NA,NA,NA,NA,NA,NA,NA,NA,NA,NA,1.975,NA,NA,NA,0.84,1.059,NA,NA,NA,NA,NA,NA,NA,NA,NA,NA,NA,NA,NA,NA,NA,NA,NA,NA,NA,NA,NA,NA,NA,NA,NA,NA,NA,NA,NA,NA,NA,NA,NA,NA,NA,NA,NA,NA,NA,NA,NA,NA,NA,NA,NA,NA,NA,NA,NA,NA,NA,NA,NA,NA,NA,NA,NA,NA,NA,NA,NA,NA,NA,NA,NA,NA,NA,NA,NA,FALSE,NA,NA,NA,FALSE,FALSE
1624,NA,NA,NA,NA,NA,NA,NA,NA,NA,NA,NA,NA,NA,NA,NA,NA,NA,NA,NA,NA,NA,NA,NA,NA,NA,NA,NA,NA,NA,NA,NA,NA,NA,NA,NA,NA,NA,NA,NA,NA,NA,NA,NA,NA,NA,NA,NA,NA,NA,NA,NA,NA,NA,NA,NA,NA,NA,NA,NA,NA,NA,NA,NA,NA,NA,NA,NA,NA,NA,1.954,NA,NA,NA,0.93,1.187,NA,NA,NA,NA,NA,NA,NA,NA,NA,NA,NA,NA,NA,NA,NA,NA,NA,NA,NA,NA,NA,NA,NA,NA,NA,NA,NA,NA,NA,NA,NA,NA,NA,NA,NA,NA,NA,NA,NA,NA,NA,NA,NA,NA,NA,NA,NA,NA,NA,NA,NA,NA,NA,NA,NA,NA,NA,NA,NA,NA,NA,NA,NA,NA,NA,NA,NA,NA,NA,FALSE,NA,NA,NA,FALSE,FALSE
1625,NA,NA,NA,NA,NA,NA,NA,NA,NA,NA,NA,NA,NA,NA,NA,NA,NA,NA,NA,NA,NA,NA,NA,NA,NA,NA,NA,NA,NA,NA,NA,NA,NA,NA,NA,NA,NA,NA,NA,NA,NA,NA,NA,NA,NA,NA,NA,NA,NA,NA,NA,NA,NA,NA,NA,NA,NA,NA,NA,NA,NA,NA,NA,NA,NA,NA,NA,NA,NA,1.687,NA,NA,NA,0.991,1.036,NA,NA,NA,NA,NA,NA,NA,NA,NA,NA,NA,NA,NA,NA,NA,NA,NA,NA,NA,NA,NA,NA,NA,NA,NA,NA,NA,NA,NA,NA,NA,NA,NA,NA,NA,NA,NA,NA,NA,NA,NA,NA,NA,NA,NA,NA,NA,NA,NA,NA,NA,NA,NA,NA,NA,NA,NA,NA,NA,NA,NA,NA,NA,NA,NA,NA,NA,NA,NA,FALSE,NA,NA,NA,FALSE,FALSE
1626,NA,NA,NA,NA,NA,NA,NA,NA,NA,NA,NA,NA,NA,NA,NA,NA,NA,NA,NA,NA,NA,NA,NA,NA,NA,NA,NA,NA,NA,NA,NA,NA,NA,NA,NA,NA,NA,NA,NA,NA,NA,NA,NA,NA,NA,NA,NA,NA,NA,NA,NA,NA,NA,NA,NA,NA,NA,NA,NA,NA,NA,NA,NA,NA,NA,NA,NA,NA,NA,0.931,NA,NA,NA,0.75,0.91,NA,NA,NA,NA,NA,NA,NA,NA,NA,NA,NA,NA,NA,NA,NA,NA,NA,NA,NA,NA,NA,NA,NA,NA,NA,NA,NA,NA,NA,NA,NA,NA,NA,NA,NA,NA,NA,NA,NA,NA,NA,NA,NA,NA,NA,NA,NA,NA,NA,NA,NA,NA,NA,NA,NA,NA,NA,NA,NA,NA,NA,NA,NA,NA,NA,NA,NA,NA,NA,FALSE,NA,NA,NA,FALSE,FALSE
1627,NA,NA,NA,NA,NA,NA,NA,NA,NA,NA,NA,NA,NA,NA,NA,NA,NA,NA,NA,NA,NA,NA,NA,NA,NA,NA,NA,NA,NA,NA,NA,NA,NA,NA,NA,NA,NA,NA,NA,NA,NA,NA,NA,NA,NA,NA,NA,NA,NA,NA,NA,NA,NA,NA,NA,NA,NA,NA,NA,NA,NA,NA,NA,NA,NA,NA,NA,NA,NA,1.817,NA,NA,NA,0.806,0.818,NA,NA,NA,NA,NA,NA,NA,NA,NA,NA,NA,NA,NA,NA,NA,NA,NA,NA,NA,NA,NA,NA,NA,NA,NA,NA,NA,NA,NA,NA,NA,NA,NA,NA,NA,NA,NA,NA,NA,NA,NA,NA,NA,NA,NA,NA,NA,NA,NA,NA,NA,NA,NA,NA,NA,NA,NA,NA,NA,NA,NA,NA,NA,NA,NA,NA,NA,NA,NA,FALSE,NA,NA,NA,FALSE,FALSE
1628,NA,NA,NA,NA,NA,NA,NA,NA,NA,NA,NA,NA,NA,NA,NA,NA,NA,NA,NA,NA,NA,NA,NA,NA,NA,NA,NA,NA,NA,NA,NA,NA,NA,NA,NA,NA,NA,NA,NA,NA,NA,NA,NA,NA,NA,NA,NA,NA,NA,NA,NA,NA,NA,NA,NA,NA,NA,NA,NA,NA,NA,NA,NA,NA,NA,NA,NA,NA,NA,1.524,NA,NA,NA,1.101,0.888,NA,NA,NA,NA,NA,NA,NA,NA,NA,NA,NA,NA,NA,NA,NA,NA,NA,NA,NA,NA,NA,NA,NA,NA,NA,NA,NA,NA,NA,NA,NA,NA,NA,NA,NA,NA,NA,NA,NA,NA,NA,NA,NA,NA,NA,NA,NA,NA,NA,NA,NA,NA,NA,NA,NA,NA,NA,NA,NA,NA,NA,NA,NA,NA,NA,NA,NA,NA,NA,FALSE,NA,NA,NA,FALSE,FALSE
1629,NA,NA,NA,NA,NA,NA,NA,NA,NA,NA,NA,NA,NA,NA,NA,NA,NA,NA,NA,NA,NA,NA,NA,NA,NA,NA,NA,NA,NA,NA,NA,NA,NA,NA,NA,NA,NA,NA,NA,NA,NA,NA,NA,NA,NA,NA,NA,NA,NA,NA,NA,NA,NA,NA,NA,NA,NA,NA,NA,NA,NA,NA,NA,NA,NA,NA,NA,NA,NA,1.156,NA,NA,NA,0.873,0.64,NA,NA,NA,NA,NA,NA,NA,NA,NA,NA,NA,NA,NA,NA,NA,NA,NA,NA,NA,NA,NA,NA,NA,NA,NA,NA,NA,NA,NA,NA,NA,NA,NA,NA,NA,NA,NA,NA,NA,NA,NA,NA,NA,NA,NA,NA,NA,NA,NA,NA,NA,NA,NA,NA,NA,NA,NA,NA,NA,NA,NA,NA,NA,NA,NA,NA,NA,NA,NA,FALSE,NA,NA,NA,FALSE,FALSE
1630,NA,NA,NA,NA,NA,NA,NA,NA,NA,NA,NA,NA,NA,NA,NA,NA,NA,NA,NA,NA,NA,NA,NA,NA,NA,NA,NA,NA,NA,NA,NA,NA,NA,NA,NA,NA,NA,NA,NA,NA,NA,NA,NA,NA,NA,NA,NA,NA,NA,NA,NA,NA,NA,NA,NA,NA,NA,NA,NA,NA,NA,NA,NA,NA,NA,NA,NA,NA,NA,1.494,NA,NA,NA,0.83,0.545,NA,NA,NA,NA,NA,NA,NA,NA,NA,NA,NA,NA,NA,NA,NA,NA,NA,NA,NA,NA,NA,NA,NA,NA,NA,NA,NA,NA,NA,NA,NA,NA,NA,NA,NA,NA,NA,NA,NA,NA,NA,NA,NA,NA,NA,NA,NA,NA,NA,NA,NA,NA,NA,NA,NA,NA,NA,NA,NA,NA,NA,NA,NA,NA,NA,NA,NA,NA,NA,FALSE,NA,NA,NA,FALSE,FALSE
1631,NA,NA,NA,NA,NA,NA,NA,NA,NA,NA,NA,NA,NA,NA,NA,NA,NA,NA,NA,NA,NA,NA,NA,NA,NA,NA,NA,NA,NA,NA,NA,NA,NA,NA,NA,NA,NA,NA,NA,NA,NA,NA,NA,NA,NA,NA,NA,NA,NA,NA,NA,NA,NA,NA,NA,NA,NA,NA,NA,NA,NA,NA,NA,NA,NA,NA,NA,NA,NA,1.071,NA,NA,NA,0.578,0.631,NA,NA,NA,NA,NA,NA,NA,NA,NA,NA,NA,NA,NA,NA,NA,NA,NA,NA,NA,NA,NA,NA,NA,NA,NA,NA,NA,NA,NA,NA,NA,NA,NA,NA,NA,NA,NA,NA,NA,NA,NA,NA,NA,NA,NA,NA,NA,NA,NA,NA,NA,NA,NA,NA,NA,NA,NA,NA,NA,NA,NA,NA,NA,NA,NA,NA,NA,NA,NA,FALSE,NA,NA,NA,FALSE,FALSE
1632,NA,NA,NA,NA,NA,NA,NA,NA,NA,NA,NA,NA,NA,NA,NA,NA,NA,NA,NA,NA,NA,NA,NA,NA,NA,NA,NA,NA,NA,NA,NA,NA,NA,NA,NA,NA,NA,NA,NA,NA,NA,NA,NA,NA,NA,NA,NA,NA,NA,NA,NA,NA,NA,NA,NA,NA,NA,NA,NA,NA,NA,NA,NA,NA,NA,NA,NA,NA,NA,0.728,NA,NA,NA,0.569,0.55,NA,NA,NA,NA,NA,NA,NA,NA,NA,NA,NA,NA,NA,NA,NA,NA,NA,NA,NA,NA,NA,NA,NA,NA,NA,NA,NA,NA,NA,NA,NA,NA,NA,NA,NA,NA,NA,NA,NA,NA,NA,NA,NA,NA,NA,NA,NA,NA,NA,NA,NA,NA,NA,NA,NA,NA,NA,NA,NA,NA,NA,NA,NA,NA,NA,NA,NA,NA,NA,FALSE,NA,NA,NA,FALSE,FALSE
1633,NA,NA,NA,NA,NA,NA,NA,NA,NA,NA,NA,NA,NA,NA,NA,NA,NA,NA,NA,NA,NA,NA,NA,NA,NA,NA,NA,NA,NA,NA,NA,NA,NA,NA,NA,NA,NA,NA,NA,NA,NA,NA,NA,NA,NA,NA,NA,NA,NA,NA,NA,NA,NA,NA,NA,NA,NA,NA,NA,NA,NA,NA,NA,NA,NA,NA,NA,NA,NA,0.924,NA,NA,NA,0.761,0.801,NA,NA,NA,NA,NA,NA,NA,NA,NA,NA,NA,NA,NA,NA,NA,NA,NA,NA,NA,NA,NA,NA,NA,NA,NA,NA,NA,NA,NA,NA,NA,NA,NA,NA,NA,NA,NA,NA,NA,NA,NA,NA,NA,NA,NA,NA,NA,NA,NA,NA,NA,NA,NA,NA,NA,NA,NA,NA,NA,NA,NA,NA,NA,NA,NA,NA,NA,NA,NA,FALSE,NA,NA,NA,FALSE,FALSE
1634,NA,NA,NA,NA,NA,NA,NA,NA,NA,NA,NA,NA,NA,NA,NA,NA,NA,NA,NA,NA,NA,NA,NA,NA,NA,NA,NA,NA,NA,NA,NA,NA,NA,NA,NA,NA,NA,NA,NA,NA,NA,NA,NA,NA,NA,NA,NA,NA,NA,NA,NA,NA,NA,NA,NA,NA,NA,NA,NA,NA,NA,NA,NA,NA,NA,NA,NA,NA,NA,0.554,NA,NA,NA,0.225,0.344,NA,NA,NA,NA,NA,NA,NA,NA,NA,NA,NA,NA,NA,NA,NA,NA,NA,NA,NA,NA,NA,NA,NA,NA,NA,NA,NA,NA,NA,NA,NA,NA,NA,NA,NA,NA,NA,NA,NA,NA,NA,NA,NA,NA,NA,NA,NA,NA,NA,NA,NA,NA,NA,NA,NA,NA,NA,NA,NA,NA,NA,NA,NA,NA,NA,NA,NA,NA,NA,FALSE,NA,NA,NA,FALSE,FALSE
1635,NA,NA,NA,NA,NA,NA,NA,NA,NA,NA,NA,NA,NA,NA,NA,NA,NA,NA,NA,NA,NA,NA,NA,NA,NA,NA,NA,NA,NA,NA,NA,NA,NA,NA,NA,NA,NA,NA,NA,NA,NA,NA,NA,NA,NA,NA,NA,NA,NA,NA,NA,NA,NA,NA,NA,NA,NA,NA,NA,NA,NA,NA,NA,NA,NA,NA,NA,NA,NA,0.942,NA,NA,NA,0.845,0.874,NA,NA,NA,NA,NA,NA,NA,NA,NA,NA,NA,NA,NA,NA,NA,NA,NA,NA,NA,NA,NA,NA,NA,NA,NA,NA,NA,NA,NA,NA,NA,NA,NA,NA,NA,NA,NA,NA,NA,NA,NA,NA,NA,NA,NA,NA,NA,NA,NA,NA,NA,NA,NA,NA,NA,NA,NA,NA,NA,NA,NA,NA,NA,NA,NA,NA,NA,NA,NA,FALSE,NA,NA,NA,FALSE,FALSE
1636,NA,NA,NA,NA,NA,NA,NA,NA,NA,NA,NA,NA,NA,NA,NA,NA,NA,NA,NA,NA,NA,NA,NA,NA,NA,NA,NA,NA,NA,NA,NA,NA,NA,NA,NA,NA,NA,NA,NA,NA,NA,NA,NA,NA,NA,NA,NA,NA,NA,NA,NA,NA,NA,NA,NA,NA,NA,NA,NA,NA,NA,NA,NA,NA,NA,NA,NA,NA,NA,0.697,NA,NA,NA,0.714,0.708,NA,NA,NA,NA,NA,NA,NA,NA,NA,NA,NA,NA,NA,NA,NA,NA,NA,NA,NA,NA,NA,NA,NA,NA,NA,NA,NA,NA,NA,NA,NA,NA,NA,NA,NA,NA,NA,NA,NA,NA,NA,NA,NA,NA,NA,NA,NA,NA,NA,NA,NA,NA,NA,NA,NA,NA,NA,NA,NA,NA,NA,NA,NA,NA,NA,NA,NA,NA,NA,FALSE,NA,NA,NA,FALSE,FALSE
1637,NA,NA,NA,NA,NA,NA,NA,NA,NA,NA,NA,NA,NA,NA,NA,NA,NA,NA,NA,NA,NA,NA,NA,NA,NA,NA,NA,NA,NA,NA,NA,NA,NA,NA,NA,NA,NA,NA,NA,NA,NA,NA,NA,NA,NA,NA,NA,NA,NA,NA,NA,NA,NA,NA,NA,NA,NA,NA,NA,NA,NA,NA,NA,NA,NA,NA,NA,NA,NA,0.619,NA,NA,NA,0.423,0.563,NA,NA,NA,NA,NA,NA,NA,NA,NA,NA,NA,NA,NA,NA,NA,NA,NA,NA,NA,NA,NA,NA,NA,NA,NA,NA,NA,NA,NA,NA,NA,NA,NA,NA,NA,NA,NA,NA,NA,NA,NA,NA,NA,NA,NA,NA,NA,NA,NA,NA,NA,NA,NA,NA,NA,NA,NA,NA,NA,NA,NA,NA,NA,NA,NA,NA,NA,NA,NA,FALSE,NA,NA,NA,FALSE,FALSE
1638,NA,NA,NA,NA,NA,NA,NA,NA,NA,NA,NA,NA,NA,NA,NA,NA,NA,NA,NA,NA,NA,NA,NA,NA,NA,NA,NA,NA,NA,NA,NA,NA,NA,NA,NA,NA,NA,NA,NA,NA,NA,NA,NA,NA,NA,NA,NA,NA,NA,NA,NA,NA,NA,NA,NA,NA,NA,NA,NA,NA,NA,NA,NA,NA,NA,NA,NA,NA,NA,1.138,NA,1.118,NA,0.492,0.616,NA,NA,NA,NA,NA,NA,NA,NA,NA,NA,NA,NA,NA,NA,NA,NA,NA,NA,NA,NA,NA,NA,NA,NA,NA,NA,NA,NA,NA,NA,NA,NA,NA,NA,NA,NA,NA,NA,NA,NA,NA,NA,NA,NA,NA,NA,NA,NA,NA,NA,NA,NA,NA,NA,NA,NA,NA,NA,NA,NA,NA,NA,NA,NA,NA,NA,NA,NA,NA,FALSE,NA,FALSE,NA,FALSE,FALSE
1639,NA,NA,NA,NA,NA,NA,NA,NA,NA,NA,NA,NA,NA,NA,NA,NA,NA,NA,NA,NA,NA,NA,NA,NA,NA,NA,NA,NA,NA,NA,NA,NA,NA,NA,NA,NA,NA,NA,NA,NA,NA,NA,NA,NA,NA,NA,NA,NA,NA,NA,NA,NA,NA,NA,NA,NA,NA,NA,NA,NA,NA,NA,NA,NA,NA,NA,NA,NA,NA,0.902,NA,0.615,NA,0.419,0.508,NA,NA,NA,NA,NA,NA,NA,NA,NA,NA,NA,NA,NA,NA,NA,NA,NA,NA,NA,NA,NA,NA,NA,NA,NA,NA,NA,NA,NA,NA,NA,NA,NA,NA,NA,NA,NA,NA,NA,NA,NA,NA,NA,NA,NA,NA,NA,NA,NA,NA,NA,NA,NA,NA,NA,NA,NA,NA,NA,NA,NA,NA,NA,NA,NA,NA,NA,NA,NA,FALSE,NA,FALSE,NA,FALSE,FALSE
1640,NA,NA,NA,NA,NA,NA,NA,NA,NA,NA,NA,NA,NA,NA,NA,NA,NA,NA,NA,NA,NA,NA,NA,NA,NA,NA,NA,NA,NA,NA,NA,NA,NA,NA,NA,NA,NA,NA,NA,NA,NA,NA,NA,NA,NA,NA,NA,NA,NA,NA,NA,NA,NA,NA,NA,NA,NA,NA,NA,NA,NA,NA,NA,NA,NA,NA,NA,NA,NA,2.157,NA,1.526,NA,0.844,0.886,NA,NA,NA,NA,NA,NA,NA,NA,NA,NA,NA,NA,NA,NA,NA,NA,NA,NA,NA,NA,NA,NA,NA,NA,NA,NA,NA,NA,NA,NA,NA,NA,NA,NA,NA,NA,NA,NA,NA,NA,NA,NA,NA,NA,NA,NA,NA,NA,NA,NA,NA,NA,NA,NA,NA,NA,NA,NA,NA,NA,NA,NA,NA,NA,NA,NA,NA,NA,NA,FALSE,NA,FALSE,NA,FALSE,FALSE
1641,NA,NA,NA,NA,NA,NA,NA,NA,NA,NA,NA,NA,NA,NA,NA,NA,NA,NA,NA,NA,NA,NA,NA,NA,NA,NA,NA,NA,NA,NA,NA,NA,NA,NA,NA,NA,NA,NA,NA,NA,NA,NA,NA,NA,NA,NA,NA,NA,NA,NA,NA,NA,NA,NA,NA,NA,NA,NA,NA,NA,NA,NA,NA,1.348,NA,NA,NA,NA,NA,2.099,NA,1.06,NA,1.254,0.917,NA,NA,NA,NA,NA,NA,NA,NA,NA,NA,NA,NA,NA,NA,NA,NA,NA,NA,NA,NA,NA,NA,NA,NA,NA,NA,NA,NA,NA,NA,NA,NA,NA,NA,NA,NA,NA,NA,NA,NA,NA,NA,NA,NA,NA,NA,NA,NA,NA,NA,NA,NA,NA,NA,NA,NA,NA,NA,NA,NA,NA,NA,NA,FALSE,NA,NA,NA,NA,NA,FALSE,NA,FALSE,NA,FALSE,FALSE
1642,NA,NA,NA,NA,NA,NA,NA,NA,NA,NA,NA,NA,NA,NA,NA,NA,NA,NA,NA,NA,NA,NA,NA,NA,NA,NA,NA,NA,NA,NA,NA,NA,NA,NA,NA,NA,NA,NA,NA,NA,NA,NA,NA,NA,NA,NA,NA,NA,NA,NA,NA,NA,NA,NA,NA,NA,NA,NA,NA,NA,NA,NA,NA,0.697,NA,NA,NA,NA,NA,1.675,NA,1.35,NA,1.536,1.493,NA,NA,NA,NA,NA,NA,NA,NA,NA,NA,NA,NA,NA,NA,NA,NA,NA,NA,NA,NA,NA,NA,NA,NA,NA,NA,NA,NA,NA,NA,NA,NA,NA,NA,NA,NA,NA,NA,NA,NA,NA,NA,NA,NA,NA,NA,NA,NA,NA,NA,NA,NA,NA,NA,NA,NA,NA,NA,NA,NA,NA,NA,NA,FALSE,NA,NA,NA,NA,NA,FALSE,NA,FALSE,NA,TRUE,TRUE
1643,NA,NA,NA,NA,NA,NA,NA,NA,NA,NA,NA,NA,NA,NA,NA,NA,NA,NA,NA,NA,NA,NA,NA,NA,NA,NA,NA,NA,NA,NA,NA,NA,NA,NA,NA,NA,NA,NA,NA,NA,NA,NA,NA,NA,NA,NA,NA,NA,NA,NA,NA,NA,NA,NA,NA,NA,NA,NA,NA,NA,NA,NA,NA,0.335,NA,NA,NA,NA,NA,1.266,NA,1.098,NA,0.914,0.728,NA,NA,NA,NA,NA,NA,NA,NA,NA,NA,NA,NA,NA,NA,NA,NA,NA,NA,NA,NA,NA,NA,NA,NA,NA,NA,NA,NA,NA,NA,NA,NA,NA,NA,NA,NA,NA,NA,NA,NA,NA,NA,NA,NA,NA,NA,NA,NA,NA,NA,NA,NA,NA,NA,NA,NA,NA,NA,NA,NA,NA,NA,NA,FALSE,NA,NA,NA,NA,NA,FALSE,NA,FALSE,NA,FALSE,FALSE
1644,NA,NA,NA,NA,NA,NA,NA,NA,NA,NA,NA,NA,NA,NA,NA,NA,NA,NA,NA,NA,NA,NA,NA,NA,NA,NA,NA,NA,NA,NA,NA,NA,NA,NA,NA,NA,NA,NA,NA,NA,NA,NA,NA,NA,NA,NA,NA,NA,NA,NA,NA,NA,NA,NA,NA,NA,NA,NA,NA,NA,NA,NA,NA,0.264,NA,NA,NA,NA,NA,1.134,NA,1.167,NA,1.102,1.048,NA,NA,NA,NA,NA,NA,NA,NA,NA,NA,NA,NA,NA,NA,NA,NA,NA,NA,NA,NA,NA,NA,NA,NA,NA,NA,NA,NA,NA,NA,NA,NA,NA,NA,NA,NA,NA,NA,NA,NA,NA,NA,NA,NA,NA,NA,NA,NA,NA,NA,NA,NA,NA,NA,NA,NA,NA,NA,NA,NA,NA,NA,NA,FALSE,NA,NA,NA,NA,NA,FALSE,NA,FALSE,NA,FALSE,FALSE
1645,NA,NA,NA,NA,NA,NA,NA,NA,NA,NA,NA,NA,NA,NA,NA,NA,NA,NA,NA,NA,NA,NA,NA,NA,NA,NA,NA,NA,NA,NA,NA,NA,NA,NA,NA,NA,NA,NA,NA,NA,NA,NA,NA,NA,NA,NA,NA,NA,NA,NA,NA,NA,NA,NA,NA,NA,NA,NA,NA,NA,NA,NA,NA,0.232,NA,NA,NA,NA,NA,1.336,NA,1.096,NA,0.678,0.744,NA,NA,NA,NA,NA,NA,NA,NA,NA,NA,NA,NA,NA,NA,NA,NA,NA,NA,NA,NA,NA,NA,NA,NA,NA,NA,NA,NA,NA,NA,NA,NA,NA,NA,NA,NA,NA,NA,NA,NA,NA,NA,NA,NA,NA,NA,NA,NA,NA,NA,NA,NA,NA,NA,NA,NA,NA,NA,NA,NA,NA,NA,NA,FALSE,NA,NA,NA,NA,NA,FALSE,NA,FALSE,NA,FALSE,FALSE
1646,NA,NA,NA,NA,NA,NA,NA,NA,NA,NA,NA,NA,NA,NA,NA,NA,NA,NA,NA,NA,NA,NA,NA,NA,NA,NA,NA,NA,NA,NA,NA,NA,NA,NA,NA,NA,NA,NA,NA,NA,NA,NA,NA,NA,NA,NA,NA,NA,NA,NA,NA,NA,NA,NA,NA,NA,NA,NA,NA,NA,NA,NA,NA,0.798,NA,NA,NA,NA,NA,1.416,NA,1.107,NA,1.066,0.82,NA,NA,NA,NA,NA,NA,NA,NA,NA,NA,NA,NA,NA,NA,NA,NA,NA,NA,NA,NA,NA,NA,NA,NA,NA,NA,NA,NA,NA,NA,NA,NA,NA,NA,NA,NA,NA,NA,NA,NA,NA,NA,NA,NA,NA,NA,NA,NA,NA,NA,NA,NA,NA,NA,NA,NA,NA,NA,NA,NA,NA,NA,NA,FALSE,NA,NA,NA,NA,NA,FALSE,NA,FALSE,NA,FALSE,FALSE
1647,NA,NA,NA,NA,NA,NA,NA,NA,NA,NA,NA,NA,NA,NA,NA,NA,NA,NA,NA,NA,NA,NA,NA,NA,NA,NA,NA,NA,NA,NA,NA,NA,NA,NA,NA,NA,NA,NA,NA,NA,NA,NA,NA,NA,NA,NA,NA,NA,NA,NA,NA,NA,NA,NA,NA,NA,NA,NA,NA,NA,NA,NA,NA,0.521,NA,NA,NA,NA,NA,1.097,NA,1.098,NA,0.879,0.753,NA,NA,NA,NA,NA,NA,NA,NA,NA,NA,NA,NA,NA,NA,NA,NA,NA,NA,NA,NA,NA,NA,NA,NA,NA,NA,NA,NA,NA,NA,NA,NA,NA,NA,NA,NA,NA,NA,NA,NA,NA,NA,NA,NA,NA,NA,NA,NA,NA,NA,NA,NA,NA,NA,NA,NA,NA,NA,NA,NA,NA,NA,NA,FALSE,NA,NA,NA,NA,NA,FALSE,NA,FALSE,NA,FALSE,FALSE
1648,NA,NA,NA,NA,NA,NA,NA,NA,NA,NA,NA,NA,NA,NA,NA,NA,NA,NA,NA,NA,NA,NA,NA,NA,NA,NA,NA,NA,NA,NA,NA,NA,NA,NA,NA,NA,NA,NA,NA,NA,NA,NA,NA,NA,NA,NA,NA,NA,NA,NA,NA,NA,NA,NA,NA,NA,NA,NA,NA,NA,NA,NA,NA,0.28,NA,NA,NA,NA,NA,1.294,NA,1.515,NA,0.944,0.825,NA,NA,NA,NA,NA,NA,NA,NA,NA,NA,NA,NA,NA,NA,NA,NA,NA,NA,NA,NA,NA,NA,NA,NA,NA,NA,NA,NA,NA,NA,NA,NA,NA,NA,NA,NA,NA,NA,NA,NA,NA,NA,NA,NA,NA,NA,NA,NA,NA,NA,NA,NA,NA,NA,NA,NA,NA,NA,NA,NA,NA,NA,NA,FALSE,NA,NA,NA,NA,NA,FALSE,NA,FALSE,NA,FALSE,FALSE
1649,NA,NA,NA,NA,NA,NA,NA,NA,NA,NA,NA,NA,NA,NA,NA,NA,NA,NA,NA,NA,NA,NA,NA,NA,NA,NA,NA,NA,NA,NA,NA,NA,NA,NA,NA,NA,NA,NA,NA,NA,NA,NA,NA,NA,NA,NA,NA,NA,NA,NA,NA,NA,NA,NA,NA,NA,NA,NA,NA,NA,NA,NA,NA,0.766,NA,NA,NA,NA,NA,1.547,NA,1.416,NA,1.298,0.908,NA,NA,NA,NA,NA,NA,NA,NA,NA,NA,NA,NA,NA,NA,NA,NA,NA,NA,NA,NA,NA,NA,NA,NA,NA,NA,NA,NA,NA,NA,NA,NA,NA,NA,NA,NA,NA,NA,NA,NA,NA,NA,NA,NA,NA,NA,NA,NA,NA,NA,NA,NA,NA,NA,NA,NA,NA,NA,NA,NA,NA,NA,NA,FALSE,NA,NA,NA,NA,NA,FALSE,NA,FALSE,NA,FALSE,FALSE
1650,NA,NA,NA,NA,NA,NA,NA,NA,NA,NA,NA,NA,NA,NA,NA,NA,NA,NA,NA,NA,NA,NA,NA,NA,NA,NA,NA,NA,NA,NA,NA,NA,NA,NA,NA,1.218,NA,NA,NA,NA,NA,NA,NA,NA,NA,NA,NA,NA,NA,NA,NA,NA,NA,NA,NA,NA,NA,NA,NA,NA,NA,NA,NA,0.305,NA,NA,NA,NA,NA,1,NA,1.234,NA,0.926,0.569,NA,NA,NA,NA,NA,NA,NA,NA,NA,NA,NA,NA,NA,NA,NA,NA,NA,NA,NA,NA,NA,NA,NA,NA,NA,NA,NA,NA,NA,NA,NA,NA,NA,NA,NA,FALSE,NA,NA,NA,NA,NA,NA,NA,NA,NA,NA,NA,NA,NA,NA,NA,NA,NA,NA,NA,NA,NA,NA,NA,NA,NA,NA,NA,FALSE,NA,NA,NA,NA,NA,FALSE,NA,FALSE,NA,FALSE,FALSE
1651,NA,NA,NA,NA,NA,NA,NA,NA,NA,NA,NA,NA,NA,NA,NA,NA,NA,NA,NA,NA,NA,NA,NA,NA,NA,NA,NA,NA,NA,NA,NA,NA,NA,NA,NA,1.607,NA,NA,NA,NA,NA,NA,NA,NA,NA,NA,NA,NA,NA,NA,NA,NA,NA,NA,NA,NA,NA,NA,NA,NA,NA,NA,NA,0.298,NA,NA,NA,NA,NA,0.986,NA,1.366,NA,0.932,0.878,NA,NA,NA,NA,NA,NA,NA,NA,NA,NA,NA,NA,NA,NA,NA,NA,NA,NA,NA,NA,NA,NA,NA,NA,NA,NA,NA,NA,NA,NA,NA,NA,NA,NA,NA,FALSE,NA,NA,NA,NA,NA,NA,NA,NA,NA,NA,NA,NA,NA,NA,NA,NA,NA,NA,NA,NA,NA,NA,NA,NA,NA,NA,NA,FALSE,NA,NA,NA,NA,NA,FALSE,NA,FALSE,NA,FALSE,FALSE
1652,NA,NA,NA,NA,NA,NA,NA,NA,NA,NA,NA,NA,NA,NA,NA,NA,NA,NA,NA,NA,NA,NA,NA,NA,NA,NA,NA,NA,NA,NA,NA,NA,NA,NA,NA,0.716,NA,NA,NA,NA,NA,NA,NA,NA,NA,NA,NA,NA,NA,NA,NA,NA,NA,NA,NA,NA,NA,NA,NA,NA,NA,NA,NA,0.199,NA,NA,NA,NA,NA,0.665,NA,0.594,NA,0.508,0.52,NA,NA,NA,NA,NA,NA,NA,NA,NA,NA,NA,NA,NA,NA,NA,NA,NA,NA,NA,NA,NA,NA,NA,NA,NA,NA,NA,NA,NA,NA,NA,NA,NA,NA,NA,FALSE,NA,NA,NA,NA,NA,NA,NA,NA,NA,NA,NA,NA,NA,NA,NA,NA,NA,NA,NA,NA,NA,NA,NA,NA,NA,NA,NA,FALSE,NA,NA,NA,NA,NA,FALSE,NA,FALSE,NA,FALSE,FALSE
1653,NA,NA,NA,NA,NA,NA,NA,NA,NA,NA,NA,NA,NA,NA,NA,NA,NA,NA,NA,NA,NA,NA,NA,NA,NA,NA,NA,NA,NA,NA,NA,NA,NA,NA,NA,0.743,NA,NA,NA,NA,NA,NA,NA,NA,NA,NA,NA,NA,NA,NA,NA,NA,NA,NA,NA,NA,NA,NA,NA,NA,NA,NA,NA,0.181,NA,NA,NA,NA,NA,0.5,NA,0.569,NA,0.431,0.422,NA,NA,NA,NA,NA,NA,NA,NA,NA,NA,NA,NA,NA,NA,NA,NA,NA,NA,NA,NA,NA,NA,NA,NA,NA,NA,NA,NA,NA,NA,NA,NA,NA,NA,NA,FALSE,NA,NA,NA,NA,NA,NA,NA,NA,NA,NA,NA,NA,NA,NA,NA,NA,NA,NA,NA,NA,NA,NA,NA,NA,NA,NA,NA,FALSE,NA,NA,NA,NA,NA,FALSE,NA,FALSE,NA,FALSE,FALSE
1654,NA,NA,NA,NA,NA,NA,NA,NA,NA,NA,NA,NA,NA,NA,NA,NA,NA,NA,NA,NA,NA,NA,NA,NA,NA,NA,NA,NA,NA,NA,NA,NA,NA,NA,NA,0.216,NA,NA,NA,NA,NA,NA,NA,NA,NA,NA,NA,NA,NA,NA,NA,NA,NA,NA,NA,NA,NA,NA,NA,NA,NA,NA,NA,0.058,NA,NA,NA,NA,NA,0.241,NA,0.147,NA,0.275,0.22,NA,NA,NA,NA,NA,NA,NA,NA,NA,NA,NA,NA,NA,NA,NA,NA,NA,NA,NA,NA,NA,NA,NA,NA,NA,NA,NA,NA,NA,NA,NA,NA,NA,NA,NA,FALSE,NA,NA,NA,NA,NA,NA,NA,NA,NA,NA,NA,NA,NA,NA,NA,NA,NA,NA,NA,NA,NA,NA,NA,NA,NA,NA,NA,FALSE,NA,NA,NA,NA,NA,FALSE,NA,FALSE,NA,FALSE,FALSE
1655,NA,NA,NA,NA,NA,NA,NA,NA,NA,NA,NA,NA,NA,NA,NA,NA,NA,NA,NA,NA,NA,NA,NA,NA,NA,NA,NA,NA,NA,NA,NA,NA,NA,NA,NA,0.785,NA,NA,NA,NA,NA,NA,NA,NA,NA,NA,NA,NA,NA,NA,NA,NA,NA,NA,NA,NA,NA,NA,NA,NA,NA,NA,NA,0.163,NA,NA,NA,NA,NA,0.678,NA,0.489,NA,0.72,0.67,NA,NA,NA,NA,NA,NA,NA,NA,NA,NA,NA,NA,NA,NA,NA,NA,NA,NA,NA,NA,NA,NA,NA,NA,NA,NA,NA,NA,NA,NA,NA,NA,NA,NA,NA,FALSE,NA,NA,NA,NA,NA,NA,NA,NA,NA,NA,NA,NA,NA,NA,NA,NA,NA,NA,NA,NA,NA,NA,NA,NA,NA,NA,NA,FALSE,NA,NA,NA,NA,NA,FALSE,NA,FALSE,NA,FALSE,FALSE
1656,NA,NA,NA,NA,NA,NA,NA,NA,NA,NA,NA,NA,NA,NA,NA,NA,NA,NA,NA,NA,NA,NA,NA,NA,NA,NA,NA,NA,NA,NA,NA,NA,NA,NA,NA,1.375,NA,NA,NA,NA,NA,NA,NA,NA,NA,NA,NA,NA,NA,NA,NA,NA,NA,NA,NA,NA,NA,NA,NA,NA,NA,NA,NA,0.476,NA,NA,NA,NA,NA,0.732,NA,1.03,NA,0.938,0.981,NA,NA,NA,NA,NA,NA,NA,NA,NA,NA,NA,NA,NA,NA,NA,NA,NA,NA,NA,NA,NA,NA,NA,NA,NA,NA,NA,NA,NA,NA,NA,NA,NA,NA,NA,FALSE,NA,NA,NA,NA,NA,NA,NA,NA,NA,NA,NA,NA,NA,NA,NA,NA,NA,NA,NA,NA,NA,NA,NA,NA,NA,NA,NA,FALSE,NA,NA,NA,NA,NA,FALSE,NA,FALSE,NA,FALSE,FALSE
1657,NA,NA,NA,NA,NA,NA,NA,NA,NA,NA,NA,NA,NA,NA,NA,NA,NA,NA,NA,NA,NA,NA,NA,NA,NA,NA,NA,NA,NA,NA,NA,NA,NA,NA,NA,1.525,NA,NA,NA,NA,NA,NA,NA,NA,NA,NA,NA,NA,NA,NA,NA,NA,NA,NA,NA,NA,NA,NA,NA,NA,NA,NA,NA,0.556,NA,NA,NA,NA,NA,1.013,NA,1.202,NA,0.899,0.952,NA,NA,NA,NA,NA,NA,NA,NA,NA,NA,NA,NA,NA,NA,NA,NA,NA,NA,NA,NA,NA,NA,NA,NA,NA,NA,NA,NA,NA,NA,NA,NA,NA,NA,NA,FALSE,NA,NA,NA,NA,NA,NA,NA,NA,NA,NA,NA,NA,NA,NA,NA,NA,NA,NA,NA,NA,NA,NA,NA,NA,NA,NA,NA,FALSE,NA,NA,NA,NA,NA,FALSE,NA,FALSE,NA,FALSE,FALSE
1658,NA,NA,NA,NA,NA,NA,NA,NA,NA,NA,NA,NA,NA,NA,NA,NA,NA,NA,NA,NA,NA,NA,NA,NA,NA,NA,NA,NA,NA,NA,NA,NA,NA,NA,NA,0.685,NA,NA,NA,NA,NA,NA,NA,NA,NA,NA,NA,NA,NA,NA,NA,NA,NA,NA,NA,NA,NA,NA,NA,NA,NA,NA,NA,0.293,NA,NA,NA,NA,NA,0.84,NA,0.797,NA,0.486,0.458,NA,NA,NA,NA,NA,NA,NA,NA,NA,NA,NA,NA,NA,NA,NA,NA,NA,NA,NA,NA,NA,NA,NA,NA,NA,NA,NA,NA,NA,NA,NA,NA,NA,NA,NA,FALSE,NA,NA,NA,NA,NA,NA,NA,NA,NA,NA,NA,NA,NA,NA,NA,NA,NA,NA,NA,NA,NA,NA,NA,NA,NA,NA,NA,FALSE,NA,NA,NA,NA,NA,FALSE,NA,FALSE,NA,FALSE,FALSE
1659,NA,NA,NA,NA,NA,NA,NA,NA,NA,NA,NA,NA,NA,NA,NA,NA,NA,NA,NA,NA,NA,NA,NA,NA,NA,NA,NA,NA,NA,NA,NA,NA,NA,NA,NA,1.189,NA,NA,NA,NA,NA,NA,NA,NA,NA,NA,NA,NA,NA,NA,NA,NA,NA,NA,NA,NA,NA,NA,NA,NA,NA,NA,NA,0.286,NA,NA,NA,NA,NA,0.728,1.412,0.695,NA,0.641,0.538,NA,NA,NA,NA,NA,NA,NA,NA,NA,NA,NA,NA,NA,NA,NA,NA,NA,NA,NA,NA,NA,NA,NA,NA,NA,NA,NA,NA,NA,NA,NA,NA,NA,NA,NA,FALSE,NA,NA,NA,NA,NA,NA,NA,NA,NA,NA,NA,NA,NA,NA,NA,NA,NA,NA,NA,NA,NA,NA,NA,NA,NA,NA,NA,FALSE,NA,NA,NA,NA,NA,FALSE,FALSE,FALSE,NA,FALSE,FALSE
1660,NA,NA,NA,NA,NA,NA,NA,NA,NA,NA,NA,NA,NA,NA,NA,NA,NA,NA,NA,NA,NA,NA,NA,NA,NA,NA,NA,NA,NA,NA,NA,NA,NA,NA,NA,1.688,NA,NA,NA,NA,NA,NA,NA,NA,NA,NA,NA,NA,NA,NA,NA,NA,NA,NA,NA,NA,NA,NA,NA,NA,NA,NA,NA,0.593,NA,NA,NA,NA,NA,1.164,1.806,0.906,NA,1.179,0.996,NA,NA,NA,NA,NA,NA,NA,NA,NA,NA,NA,NA,NA,NA,NA,NA,NA,NA,NA,NA,NA,NA,NA,NA,NA,NA,NA,NA,NA,NA,NA,NA,NA,NA,NA,FALSE,NA,NA,NA,NA,NA,NA,NA,NA,NA,NA,NA,NA,NA,NA,NA,NA,NA,NA,NA,NA,NA,NA,NA,NA,NA,NA,NA,FALSE,NA,NA,NA,NA,NA,FALSE,FALSE,FALSE,NA,FALSE,FALSE
1661,NA,NA,NA,NA,NA,NA,NA,NA,NA,NA,NA,NA,NA,NA,NA,NA,NA,NA,NA,NA,NA,NA,NA,NA,NA,NA,NA,NA,NA,NA,NA,NA,NA,NA,NA,1.546,NA,NA,NA,NA,NA,NA,NA,NA,NA,NA,NA,NA,NA,NA,NA,NA,NA,NA,NA,NA,NA,NA,NA,NA,NA,NA,NA,0.574,NA,NA,NA,NA,NA,1.373,1.707,0.859,NA,1.045,1.065,NA,NA,NA,NA,NA,NA,NA,NA,NA,NA,NA,NA,NA,NA,NA,NA,NA,NA,NA,NA,NA,NA,NA,NA,NA,NA,NA,NA,NA,NA,NA,NA,NA,NA,NA,FALSE,NA,NA,NA,NA,NA,NA,NA,NA,NA,NA,NA,NA,NA,NA,NA,NA,NA,NA,NA,NA,NA,NA,NA,NA,NA,NA,NA,FALSE,NA,NA,NA,NA,NA,FALSE,FALSE,FALSE,NA,FALSE,FALSE
1662,NA,NA,NA,NA,NA,NA,NA,NA,NA,NA,NA,NA,NA,NA,NA,NA,NA,NA,NA,NA,NA,NA,NA,NA,NA,NA,NA,NA,NA,NA,NA,NA,NA,NA,NA,1.758,NA,NA,NA,NA,NA,NA,NA,NA,NA,NA,NA,NA,NA,NA,NA,NA,NA,NA,NA,NA,NA,NA,NA,NA,NA,NA,NA,0.534,NA,NA,NA,NA,NA,1.18,1.762,1.038,NA,0.919,0.89,NA,NA,NA,NA,NA,NA,NA,NA,NA,NA,NA,NA,NA,NA,NA,NA,NA,NA,NA,NA,NA,NA,NA,NA,NA,NA,NA,NA,NA,NA,NA,NA,NA,NA,NA,FALSE,NA,NA,NA,NA,NA,NA,NA,NA,NA,NA,NA,NA,NA,NA,NA,NA,NA,NA,NA,NA,NA,NA,NA,NA,NA,NA,NA,FALSE,NA,NA,NA,NA,NA,FALSE,FALSE,FALSE,NA,FALSE,FALSE
1663,NA,NA,NA,NA,NA,NA,NA,NA,NA,NA,NA,NA,NA,NA,NA,NA,NA,NA,NA,NA,NA,NA,NA,NA,NA,NA,NA,NA,NA,NA,NA,NA,NA,NA,NA,0.791,NA,NA,NA,NA,NA,NA,NA,NA,NA,NA,NA,NA,NA,NA,NA,NA,NA,NA,NA,NA,NA,NA,NA,NA,NA,NA,NA,0.203,NA,NA,NA,NA,NA,0.962,1.327,0.806,NA,0.725,0.694,NA,NA,NA,NA,NA,NA,NA,NA,NA,NA,NA,NA,NA,NA,NA,NA,NA,NA,NA,NA,NA,NA,NA,NA,NA,NA,NA,NA,NA,NA,NA,NA,NA,NA,NA,FALSE,NA,NA,NA,NA,NA,NA,NA,NA,NA,NA,NA,NA,NA,NA,NA,NA,NA,NA,NA,NA,NA,NA,NA,NA,NA,NA,NA,FALSE,NA,NA,NA,NA,NA,FALSE,FALSE,FALSE,NA,FALSE,FALSE
1664,NA,NA,NA,NA,NA,NA,NA,NA,NA,NA,NA,NA,NA,NA,NA,NA,NA,NA,NA,NA,NA,NA,NA,NA,NA,NA,NA,NA,NA,NA,NA,NA,NA,NA,NA,1.411,NA,NA,NA,NA,NA,NA,NA,NA,NA,NA,NA,NA,NA,NA,NA,NA,NA,NA,NA,NA,NA,NA,NA,NA,NA,NA,NA,0.46,NA,NA,NA,NA,NA,0.795,1.459,0.607,NA,0.994,0.662,NA,NA,NA,NA,NA,NA,NA,NA,NA,NA,NA,NA,NA,NA,NA,NA,NA,NA,NA,NA,NA,NA,NA,NA,NA,NA,NA,NA,NA,NA,NA,NA,NA,NA,NA,FALSE,NA,NA,NA,NA,NA,NA,NA,NA,NA,NA,NA,NA,NA,NA,NA,NA,NA,NA,NA,NA,NA,NA,NA,NA,NA,NA,NA,FALSE,NA,NA,NA,NA,NA,FALSE,FALSE,FALSE,NA,FALSE,FALSE
1665,NA,NA,NA,NA,NA,NA,NA,NA,NA,NA,NA,NA,NA,NA,NA,NA,NA,NA,NA,NA,NA,NA,NA,NA,NA,NA,NA,NA,NA,NA,NA,NA,NA,NA,NA,1.586,NA,NA,NA,NA,NA,NA,NA,NA,NA,NA,NA,NA,NA,NA,NA,NA,NA,NA,1.746,NA,NA,NA,NA,NA,NA,NA,NA,0.697,NA,NA,NA,NA,NA,1.013,1.805,0.819,NA,0.796,0.671,NA,NA,NA,NA,NA,NA,NA,NA,NA,NA,NA,NA,NA,NA,NA,NA,NA,NA,NA,NA,NA,NA,NA,NA,NA,NA,NA,NA,NA,NA,NA,NA,NA,NA,NA,FALSE,NA,NA,NA,NA,NA,NA,NA,NA,NA,NA,NA,NA,NA,NA,NA,NA,NA,NA,FALSE,NA,NA,NA,NA,NA,NA,NA,NA,FALSE,NA,NA,NA,NA,NA,FALSE,FALSE,FALSE,NA,FALSE,FALSE
1666,NA,NA,NA,NA,NA,NA,NA,NA,NA,NA,NA,NA,NA,NA,NA,NA,NA,NA,NA,NA,NA,NA,NA,NA,NA,NA,NA,NA,NA,NA,NA,NA,NA,NA,NA,1.357,NA,NA,NA,NA,NA,NA,NA,NA,NA,NA,NA,NA,NA,NA,NA,NA,NA,NA,2.046,NA,NA,NA,NA,NA,NA,NA,NA,0.275,NA,NA,NA,NA,NA,0.822,1.081,0.669,NA,0.487,0.509,NA,NA,NA,NA,NA,NA,NA,NA,NA,NA,NA,NA,NA,NA,NA,NA,NA,NA,NA,NA,NA,NA,NA,NA,NA,NA,NA,NA,NA,NA,NA,NA,NA,NA,NA,FALSE,NA,NA,NA,NA,NA,NA,NA,NA,NA,NA,NA,NA,NA,NA,NA,NA,NA,NA,FALSE,NA,NA,NA,NA,NA,NA,NA,NA,FALSE,NA,NA,NA,NA,NA,FALSE,FALSE,FALSE,NA,FALSE,FALSE
1667,NA,NA,NA,NA,NA,NA,NA,NA,NA,NA,NA,NA,NA,NA,NA,NA,NA,NA,NA,NA,NA,NA,NA,NA,NA,NA,NA,NA,NA,NA,NA,NA,NA,NA,NA,0.593,NA,NA,NA,NA,NA,NA,NA,NA,NA,NA,NA,NA,NA,NA,NA,NA,NA,NA,2.417,NA,NA,NA,NA,NA,NA,NA,NA,0.309,NA,NA,NA,NA,NA,0.396,0.543,0.309,NA,0.527,0.423,NA,NA,NA,NA,NA,NA,NA,NA,NA,NA,NA,NA,NA,NA,NA,NA,NA,NA,NA,NA,NA,NA,NA,NA,NA,NA,NA,NA,NA,NA,NA,NA,NA,NA,NA,FALSE,NA,NA,NA,NA,NA,NA,NA,NA,NA,NA,NA,NA,NA,NA,NA,NA,NA,NA,FALSE,NA,NA,NA,NA,NA,NA,NA,NA,FALSE,NA,NA,NA,NA,NA,FALSE,FALSE,FALSE,NA,FALSE,FALSE
1668,NA,NA,NA,NA,NA,NA,NA,NA,NA,NA,NA,NA,NA,NA,NA,NA,NA,NA,NA,NA,NA,NA,NA,NA,NA,NA,NA,NA,NA,NA,NA,NA,NA,NA,NA,1.1,NA,NA,NA,NA,NA,NA,NA,NA,NA,NA,NA,NA,NA,NA,NA,NA,NA,NA,3.305,NA,NA,NA,NA,NA,NA,NA,NA,0.626,NA,NA,NA,NA,NA,1.662,1.571,0.593,NA,0.774,0.68,NA,NA,NA,NA,NA,NA,NA,NA,NA,NA,NA,NA,NA,NA,NA,NA,NA,NA,NA,NA,NA,NA,NA,NA,NA,NA,NA,NA,NA,NA,NA,NA,NA,NA,NA,FALSE,NA,NA,NA,NA,NA,NA,NA,NA,NA,NA,NA,NA,NA,NA,NA,NA,NA,NA,FALSE,NA,NA,NA,NA,NA,NA,NA,NA,FALSE,NA,NA,NA,NA,NA,FALSE,FALSE,FALSE,NA,FALSE,FALSE
1669,NA,NA,NA,NA,NA,NA,NA,NA,NA,NA,NA,NA,NA,NA,NA,NA,NA,NA,NA,NA,NA,NA,NA,NA,NA,NA,NA,NA,NA,NA,NA,NA,NA,NA,NA,0.67,NA,NA,NA,NA,NA,NA,NA,NA,NA,NA,NA,NA,NA,NA,NA,NA,NA,NA,0.862,NA,1.815,NA,NA,NA,NA,NA,NA,0.372,NA,NA,NA,NA,NA,0.529,0.918,0.357,NA,0.397,0.373,NA,NA,NA,NA,NA,NA,NA,NA,NA,NA,NA,NA,NA,NA,NA,NA,NA,NA,NA,NA,NA,NA,NA,NA,NA,NA,NA,NA,NA,NA,NA,NA,NA,NA,NA,FALSE,NA,NA,NA,NA,NA,NA,NA,NA,NA,NA,NA,NA,NA,NA,NA,NA,NA,NA,FALSE,NA,FALSE,NA,NA,NA,NA,NA,NA,FALSE,NA,NA,NA,NA,NA,FALSE,FALSE,FALSE,NA,FALSE,FALSE
1670,NA,NA,NA,NA,NA,NA,NA,NA,NA,NA,NA,NA,NA,NA,NA,NA,NA,NA,NA,NA,NA,NA,NA,NA,NA,NA,NA,NA,NA,NA,NA,NA,NA,NA,NA,0.563,NA,NA,NA,NA,NA,NA,NA,NA,NA,NA,NA,NA,NA,NA,NA,NA,NA,NA,0.676,NA,0.869,NA,NA,NA,NA,NA,NA,0.274,NA,NA,NA,NA,NA,0.404,0.602,0.27,0.541,0.241,0.4,NA,NA,NA,NA,NA,NA,NA,NA,NA,NA,NA,NA,NA,NA,NA,NA,NA,NA,NA,NA,NA,NA,NA,NA,NA,NA,NA,NA,NA,NA,NA,NA,NA,NA,NA,FALSE,NA,NA,NA,NA,NA,NA,NA,NA,NA,NA,NA,NA,NA,NA,NA,NA,NA,NA,FALSE,NA,FALSE,NA,NA,NA,NA,NA,NA,FALSE,NA,NA,NA,NA,NA,FALSE,FALSE,FALSE,FALSE,FALSE,FALSE
1671,NA,NA,NA,NA,NA,NA,NA,NA,NA,NA,NA,NA,NA,NA,NA,NA,NA,NA,NA,NA,NA,NA,NA,NA,NA,NA,NA,NA,NA,NA,NA,NA,NA,NA,NA,1.038,NA,NA,NA,NA,NA,NA,NA,NA,NA,NA,NA,NA,NA,NA,NA,NA,NA,NA,0.937,NA,1.648,NA,NA,NA,NA,1.726,NA,1.164,NA,NA,NA,NA,NA,1.288,2.262,0.472,2.306,0.5,NA,NA,NA,NA,NA,NA,NA,NA,NA,NA,NA,NA,NA,NA,NA,NA,NA,NA,NA,NA,NA,NA,NA,NA,NA,NA,NA,NA,NA,NA,NA,NA,NA,NA,NA,NA,FALSE,NA,NA,NA,NA,NA,NA,NA,NA,NA,NA,NA,NA,NA,NA,NA,NA,NA,NA,FALSE,NA,FALSE,NA,NA,NA,NA,FALSE,NA,FALSE,NA,NA,NA,NA,NA,FALSE,TRUE,FALSE,FALSE,FALSE,NA
1672,NA,NA,NA,NA,NA,NA,NA,NA,NA,NA,NA,NA,NA,NA,NA,NA,NA,NA,NA,NA,NA,NA,NA,NA,NA,NA,NA,NA,NA,NA,NA,NA,NA,NA,NA,2.093,NA,NA,NA,NA,NA,NA,NA,NA,NA,NA,NA,NA,NA,NA,NA,NA,NA,NA,1.983,NA,2.197,NA,NA,NA,NA,3.07,NA,1.529,NA,NA,NA,NA,NA,2.025,3.034,1.561,3.86,0.972,NA,NA,NA,NA,NA,NA,NA,NA,NA,NA,NA,NA,NA,NA,NA,NA,NA,NA,NA,NA,NA,NA,NA,NA,NA,NA,NA,NA,NA,NA,NA,NA,NA,NA,NA,NA,FALSE,NA,NA,NA,NA,NA,NA,NA,NA,NA,NA,NA,NA,NA,NA,NA,NA,NA,NA,FALSE,NA,FALSE,NA,NA,NA,NA,TRUE,NA,FALSE,NA,NA,NA,NA,NA,FALSE,TRUE,FALSE,TRUE,FALSE,NA
1673,NA,NA,NA,NA,NA,NA,NA,NA,NA,NA,NA,NA,NA,NA,NA,NA,NA,NA,NA,NA,NA,NA,NA,NA,NA,NA,NA,NA,NA,NA,NA,NA,NA,NA,NA,1.687,NA,NA,NA,NA,NA,NA,NA,NA,NA,NA,NA,NA,NA,NA,NA,NA,NA,NA,1.445,NA,1.497,NA,NA,NA,NA,2.222,NA,0.526,NA,NA,NA,NA,NA,1.575,1.721,1.709,1.879,0.819,NA,NA,NA,NA,NA,NA,NA,NA,NA,NA,NA,NA,NA,NA,NA,NA,NA,NA,NA,NA,NA,NA,NA,NA,NA,NA,NA,NA,NA,NA,NA,NA,NA,NA,NA,NA,FALSE,NA,NA,NA,NA,NA,NA,NA,NA,NA,NA,NA,NA,NA,NA,NA,NA,NA,NA,FALSE,NA,FALSE,NA,NA,NA,NA,FALSE,NA,FALSE,NA,NA,NA,NA,NA,FALSE,FALSE,FALSE,FALSE,FALSE,NA
1674,NA,NA,NA,NA,NA,NA,NA,NA,NA,NA,NA,NA,NA,NA,NA,NA,NA,NA,NA,NA,NA,NA,NA,NA,NA,NA,NA,NA,NA,NA,NA,NA,NA,NA,NA,1.451,0.856,NA,NA,NA,NA,NA,NA,NA,NA,NA,NA,NA,NA,NA,NA,NA,NA,NA,0.841,NA,1.117,NA,NA,NA,NA,2.125,NA,0.763,NA,NA,NA,NA,NA,2.181,1.511,1.411,1.548,1.041,NA,NA,NA,NA,NA,NA,NA,NA,NA,NA,NA,NA,NA,NA,NA,NA,NA,NA,NA,NA,NA,NA,NA,NA,NA,NA,NA,NA,NA,NA,NA,NA,NA,NA,NA,NA,FALSE,FALSE,NA,NA,NA,NA,NA,NA,NA,NA,NA,NA,NA,NA,NA,NA,NA,NA,NA,FALSE,NA,FALSE,NA,NA,NA,NA,FALSE,NA,FALSE,NA,NA,NA,NA,NA,FALSE,FALSE,FALSE,FALSE,FALSE,NA
1675,NA,NA,NA,NA,NA,NA,NA,NA,NA,NA,NA,NA,NA,NA,NA,NA,NA,NA,NA,NA,NA,NA,NA,NA,NA,NA,NA,NA,NA,NA,NA,NA,NA,NA,NA,0.938,0.948,NA,NA,NA,NA,NA,NA,NA,NA,NA,NA,NA,NA,NA,NA,NA,NA,NA,1.363,NA,1.621,NA,NA,NA,NA,1.868,NA,0.531,NA,NA,NA,NA,NA,1.515,1.149,0.826,1.147,0.836,NA,NA,NA,NA,NA,NA,NA,NA,NA,NA,NA,NA,NA,NA,NA,NA,NA,NA,NA,NA,NA,NA,NA,NA,NA,NA,NA,NA,NA,NA,NA,NA,NA,NA,NA,NA,FALSE,FALSE,NA,NA,NA,NA,NA,NA,NA,NA,NA,NA,NA,NA,NA,NA,NA,NA,NA,FALSE,NA,FALSE,NA,NA,NA,NA,FALSE,NA,FALSE,NA,NA,NA,NA,NA,FALSE,FALSE,FALSE,FALSE,FALSE,NA
1676,NA,NA,NA,NA,NA,NA,NA,NA,NA,NA,NA,NA,NA,NA,NA,NA,NA,NA,NA,NA,NA,NA,NA,NA,NA,NA,NA,NA,NA,NA,NA,NA,NA,NA,NA,0.4,0.264,NA,NA,NA,NA,NA,NA,NA,NA,NA,NA,NA,NA,NA,NA,NA,NA,NA,1.725,NA,2.083,NA,NA,NA,NA,1.402,NA,0.336,NA,NA,NA,NA,NA,0.606,0.709,0.857,0.816,0.409,NA,NA,NA,NA,NA,NA,NA,NA,NA,NA,NA,NA,NA,NA,NA,NA,NA,NA,NA,NA,NA,NA,NA,NA,NA,NA,NA,NA,NA,NA,NA,NA,NA,NA,NA,NA,FALSE,FALSE,NA,NA,NA,NA,NA,NA,NA,NA,NA,NA,NA,NA,NA,NA,NA,NA,NA,FALSE,NA,FALSE,NA,NA,NA,NA,FALSE,NA,FALSE,NA,NA,NA,NA,NA,FALSE,FALSE,FALSE,FALSE,FALSE,NA
1677,NA,NA,NA,NA,NA,NA,NA,NA,NA,NA,NA,NA,NA,NA,NA,NA,NA,NA,NA,NA,NA,NA,NA,NA,NA,NA,NA,NA,NA,NA,NA,NA,NA,NA,NA,0.497,0.638,NA,NA,NA,NA,NA,NA,NA,NA,NA,NA,NA,NA,NA,NA,NA,NA,NA,2.77,NA,2.778,NA,NA,NA,NA,1.579,NA,0.222,NA,NA,NA,NA,NA,0.841,0.725,0.541,1.213,0.444,NA,NA,NA,NA,NA,NA,NA,NA,NA,NA,NA,NA,NA,NA,NA,NA,NA,NA,NA,NA,NA,NA,NA,NA,NA,NA,NA,NA,NA,NA,NA,NA,NA,NA,NA,NA,FALSE,FALSE,NA,NA,NA,NA,NA,NA,NA,NA,NA,NA,NA,NA,NA,NA,NA,NA,NA,FALSE,NA,FALSE,NA,NA,NA,NA,FALSE,NA,FALSE,NA,NA,NA,NA,NA,FALSE,FALSE,FALSE,FALSE,FALSE,NA
1678,NA,NA,NA,NA,NA,NA,NA,NA,NA,NA,NA,NA,NA,NA,NA,NA,NA,NA,NA,NA,NA,NA,NA,NA,NA,NA,NA,NA,NA,NA,NA,NA,NA,NA,NA,1.023,0.782,NA,NA,NA,NA,NA,NA,NA,NA,NA,NA,NA,NA,NA,NA,NA,NA,NA,2.97,NA,2.696,NA,NA,NA,NA,2.288,NA,0.729,NA,NA,NA,NA,NA,1.271,0.822,0.774,2.089,0.687,NA,NA,NA,NA,NA,NA,NA,NA,NA,NA,NA,NA,NA,NA,NA,NA,NA,NA,NA,NA,NA,NA,NA,NA,NA,NA,NA,NA,NA,NA,NA,NA,NA,NA,NA,NA,FALSE,FALSE,NA,NA,NA,NA,NA,NA,NA,NA,NA,NA,NA,NA,NA,NA,NA,NA,NA,FALSE,NA,FALSE,NA,NA,NA,NA,FALSE,NA,FALSE,NA,NA,NA,NA,NA,FALSE,FALSE,FALSE,FALSE,FALSE,NA
1679,NA,NA,NA,NA,NA,NA,NA,NA,NA,NA,NA,NA,NA,NA,NA,NA,NA,NA,NA,NA,NA,NA,NA,NA,NA,NA,NA,NA,NA,NA,NA,NA,NA,NA,NA,1.362,1.167,NA,NA,NA,NA,NA,NA,NA,NA,NA,NA,NA,NA,NA,NA,NA,NA,NA,2.708,NA,2.756,NA,NA,NA,NA,2.222,NA,0.645,NA,NA,NA,NA,NA,1.278,0.862,0.67,2.251,1,NA,NA,NA,NA,NA,NA,NA,NA,NA,NA,NA,NA,NA,NA,NA,NA,NA,NA,NA,NA,NA,NA,NA,NA,NA,NA,NA,NA,NA,NA,NA,NA,NA,NA,NA,NA,FALSE,FALSE,NA,NA,NA,NA,NA,NA,NA,NA,NA,NA,NA,NA,NA,NA,NA,NA,NA,FALSE,NA,FALSE,NA,NA,NA,NA,FALSE,NA,FALSE,NA,NA,NA,NA,NA,FALSE,FALSE,FALSE,FALSE,FALSE,NA
1680,NA,NA,NA,NA,NA,NA,NA,NA,NA,NA,NA,NA,NA,NA,NA,NA,NA,NA,NA,NA,NA,NA,NA,NA,NA,NA,NA,NA,NA,NA,NA,NA,NA,NA,NA,1.409,1.12,NA,NA,NA,NA,NA,NA,NA,NA,NA,NA,NA,NA,NA,NA,NA,NA,NA,2.402,NA,3.09,NA,NA,NA,NA,2.451,NA,1.116,NA,NA,NA,NA,NA,1.224,1.082,1.206,2.628,0.93,NA,NA,NA,NA,NA,NA,NA,NA,NA,NA,NA,NA,NA,NA,NA,NA,NA,NA,NA,NA,NA,NA,NA,NA,NA,NA,NA,NA,NA,NA,NA,NA,NA,NA,NA,NA,FALSE,FALSE,NA,NA,NA,NA,NA,NA,NA,NA,NA,NA,NA,NA,NA,NA,NA,NA,NA,FALSE,NA,FALSE,NA,NA,NA,NA,FALSE,NA,FALSE,NA,NA,NA,NA,NA,FALSE,FALSE,FALSE,FALSE,FALSE,NA
1681,NA,NA,NA,NA,NA,NA,NA,NA,NA,NA,NA,NA,NA,NA,NA,NA,NA,NA,NA,NA,NA,NA,NA,NA,NA,NA,NA,NA,NA,NA,NA,NA,NA,NA,NA,1.391,0.842,NA,NA,NA,NA,NA,NA,NA,NA,NA,NA,NA,NA,NA,NA,NA,NA,NA,2.44,NA,2.881,NA,NA,NA,NA,2.606,NA,0.576,NA,NA,NA,NA,NA,1.106,1.094,1.187,1.784,0.923,NA,NA,NA,NA,NA,NA,NA,NA,NA,NA,NA,NA,NA,NA,NA,NA,NA,NA,NA,NA,NA,NA,NA,NA,NA,NA,NA,NA,NA,NA,NA,NA,NA,NA,NA,NA,FALSE,FALSE,NA,NA,NA,NA,NA,NA,NA,NA,NA,NA,NA,NA,NA,NA,NA,NA,NA,FALSE,NA,FALSE,NA,NA,NA,NA,FALSE,NA,FALSE,NA,NA,NA,NA,NA,FALSE,FALSE,FALSE,FALSE,FALSE,NA
1682,NA,NA,NA,NA,NA,NA,NA,NA,NA,NA,NA,NA,NA,NA,NA,NA,NA,NA,NA,NA,NA,NA,NA,NA,NA,NA,NA,NA,NA,NA,NA,NA,NA,NA,NA,1.297,2.049,NA,NA,NA,NA,NA,NA,NA,NA,NA,NA,NA,NA,NA,NA,NA,NA,NA,3.058,NA,2.809,NA,NA,NA,NA,3.413,NA,0.862,NA,NA,NA,NA,NA,1.893,1.558,1.014,2.517,1.028,NA,NA,NA,NA,NA,NA,NA,NA,NA,NA,NA,NA,NA,NA,NA,NA,NA,NA,NA,NA,NA,NA,NA,NA,NA,NA,NA,NA,NA,NA,NA,NA,NA,NA,NA,NA,FALSE,FALSE,NA,NA,NA,NA,NA,NA,NA,NA,NA,NA,NA,NA,NA,NA,NA,NA,NA,FALSE,NA,FALSE,NA,NA,NA,NA,TRUE,NA,FALSE,NA,NA,NA,NA,NA,FALSE,FALSE,FALSE,FALSE,FALSE,NA
1683,NA,NA,NA,NA,NA,NA,NA,NA,NA,NA,NA,NA,NA,NA,NA,NA,NA,NA,NA,NA,NA,NA,NA,NA,NA,NA,NA,NA,NA,NA,NA,NA,NA,NA,NA,0.964,1.076,NA,NA,NA,NA,NA,NA,NA,NA,NA,NA,NA,NA,NA,NA,NA,NA,NA,2.108,NA,2.055,NA,NA,NA,NA,1.935,NA,0.481,NA,NA,NA,NA,NA,0.842,1.114,0.697,1.965,0.706,NA,NA,NA,NA,NA,NA,NA,NA,NA,NA,NA,NA,NA,NA,NA,NA,NA,NA,NA,NA,NA,NA,NA,NA,NA,NA,NA,NA,NA,NA,NA,NA,NA,NA,NA,NA,FALSE,FALSE,NA,NA,NA,NA,NA,NA,NA,NA,NA,NA,NA,NA,NA,NA,NA,NA,NA,FALSE,NA,FALSE,NA,NA,NA,NA,FALSE,NA,FALSE,NA,NA,NA,NA,NA,FALSE,FALSE,FALSE,FALSE,FALSE,NA
1684,NA,NA,NA,NA,NA,NA,NA,NA,NA,NA,NA,NA,NA,NA,NA,NA,NA,NA,NA,NA,NA,NA,NA,NA,NA,NA,NA,NA,NA,NA,NA,NA,NA,NA,NA,1.305,1.18,NA,NA,NA,NA,NA,NA,NA,NA,NA,NA,NA,NA,NA,NA,NA,NA,NA,2.291,NA,2.359,NA,NA,NA,NA,1.306,NA,0.525,NA,NA,NA,NA,NA,1.234,1.083,0.947,1.792,0.615,NA,NA,NA,NA,NA,NA,NA,NA,NA,NA,NA,NA,NA,NA,NA,NA,NA,NA,NA,NA,NA,NA,NA,NA,NA,NA,NA,NA,NA,NA,NA,NA,NA,NA,NA,NA,FALSE,FALSE,NA,NA,NA,NA,NA,NA,NA,NA,NA,NA,NA,NA,NA,NA,NA,NA,NA,FALSE,NA,FALSE,NA,NA,NA,NA,FALSE,NA,FALSE,NA,NA,NA,NA,NA,FALSE,FALSE,FALSE,FALSE,FALSE,NA
1685,NA,NA,NA,NA,NA,NA,NA,NA,NA,NA,NA,NA,NA,NA,NA,NA,NA,NA,NA,NA,NA,NA,NA,NA,NA,NA,NA,NA,NA,NA,NA,NA,NA,NA,NA,0.89,1.045,NA,NA,NA,NA,NA,NA,NA,NA,NA,NA,NA,NA,NA,NA,NA,NA,NA,2.095,NA,2.266,NA,NA,NA,NA,1.406,NA,0.656,NA,NA,NA,NA,NA,1.555,1.068,1.149,1.253,0.612,NA,NA,NA,NA,NA,NA,NA,NA,NA,NA,NA,NA,NA,NA,NA,NA,NA,NA,NA,NA,NA,NA,NA,NA,NA,NA,NA,NA,NA,NA,NA,NA,NA,NA,NA,NA,FALSE,FALSE,NA,NA,NA,NA,NA,NA,NA,NA,NA,NA,NA,NA,NA,NA,NA,NA,NA,FALSE,NA,FALSE,NA,NA,NA,NA,FALSE,NA,FALSE,NA,NA,NA,NA,NA,FALSE,FALSE,FALSE,FALSE,FALSE,NA
1686,NA,NA,NA,NA,NA,NA,NA,NA,NA,NA,NA,NA,NA,NA,NA,NA,NA,NA,NA,NA,NA,NA,NA,NA,NA,NA,NA,NA,NA,NA,NA,NA,NA,NA,NA,0.604,0.399,NA,NA,NA,NA,NA,NA,NA,NA,NA,NA,NA,NA,NA,NA,NA,NA,NA,2.034,NA,2.099,NA,NA,NA,NA,1.28,NA,0.343,NA,NA,NA,NA,NA,0.722,0.826,0.923,1.423,0.571,NA,NA,NA,NA,NA,NA,NA,NA,NA,NA,NA,NA,NA,NA,NA,NA,NA,NA,NA,NA,NA,NA,NA,NA,NA,NA,NA,NA,NA,NA,NA,NA,NA,NA,NA,NA,FALSE,FALSE,NA,NA,NA,NA,NA,NA,NA,NA,NA,NA,NA,NA,NA,NA,NA,NA,NA,FALSE,NA,FALSE,NA,NA,NA,NA,FALSE,NA,FALSE,NA,NA,NA,NA,NA,FALSE,FALSE,FALSE,FALSE,FALSE,NA
1687,NA,NA,NA,NA,NA,NA,NA,NA,NA,NA,NA,NA,NA,NA,NA,NA,NA,NA,NA,NA,NA,NA,NA,NA,NA,NA,NA,NA,NA,NA,NA,NA,NA,NA,NA,0.741,1.725,NA,NA,NA,NA,NA,NA,NA,NA,NA,NA,NA,NA,NA,NA,NA,NA,NA,2.55,NA,2.716,NA,NA,NA,NA,2.029,NA,0.797,NA,NA,NA,NA,NA,1.552,0.909,0.817,0.836,0.612,NA,NA,NA,NA,NA,NA,NA,NA,NA,NA,NA,NA,NA,NA,NA,NA,NA,NA,NA,NA,NA,NA,NA,NA,NA,NA,NA,NA,NA,NA,NA,NA,NA,NA,NA,NA,FALSE,FALSE,NA,NA,NA,NA,NA,NA,NA,NA,NA,NA,NA,NA,NA,NA,NA,NA,NA,FALSE,NA,FALSE,NA,NA,NA,NA,FALSE,NA,FALSE,NA,NA,NA,NA,NA,FALSE,FALSE,FALSE,FALSE,FALSE,NA
1688,NA,NA,NA,NA,NA,NA,NA,NA,NA,NA,NA,NA,NA,NA,NA,NA,NA,NA,NA,NA,NA,NA,NA,NA,NA,NA,NA,NA,NA,NA,NA,NA,NA,NA,NA,1.019,1.095,NA,NA,NA,NA,NA,NA,NA,NA,NA,NA,NA,NA,NA,NA,NA,NA,NA,2.062,NA,2.162,NA,NA,NA,NA,1.923,NA,0.524,NA,NA,NA,NA,NA,0.99,0.791,0.732,1.19,0.538,NA,NA,NA,NA,NA,NA,NA,NA,NA,NA,NA,NA,NA,NA,NA,NA,NA,NA,NA,NA,NA,NA,NA,NA,NA,NA,NA,NA,NA,NA,NA,NA,NA,NA,NA,NA,FALSE,FALSE,NA,NA,NA,NA,NA,NA,NA,NA,NA,NA,NA,NA,NA,NA,NA,NA,NA,FALSE,NA,FALSE,NA,NA,NA,NA,FALSE,NA,FALSE,NA,NA,NA,NA,NA,FALSE,FALSE,FALSE,FALSE,FALSE,NA
1689,NA,NA,NA,NA,NA,NA,NA,NA,NA,NA,NA,NA,NA,NA,NA,NA,NA,NA,NA,NA,NA,NA,NA,NA,NA,NA,NA,NA,NA,NA,NA,NA,NA,NA,NA,0.957,0.778,NA,NA,NA,NA,NA,NA,NA,NA,NA,NA,NA,NA,NA,NA,NA,NA,NA,2.507,NA,2.383,NA,NA,NA,NA,1.993,NA,0.282,NA,NA,NA,NA,NA,0.892,0.868,0.627,2.023,0.53,NA,NA,NA,NA,NA,NA,NA,NA,NA,NA,NA,NA,NA,NA,NA,NA,NA,NA,NA,NA,NA,NA,NA,NA,NA,NA,NA,NA,NA,NA,NA,NA,NA,NA,NA,NA,FALSE,FALSE,NA,NA,NA,NA,NA,NA,NA,NA,NA,NA,NA,NA,NA,NA,NA,NA,NA,FALSE,NA,FALSE,NA,NA,NA,NA,FALSE,NA,FALSE,NA,NA,NA,NA,NA,FALSE,FALSE,FALSE,FALSE,FALSE,NA
1690,NA,NA,NA,NA,NA,NA,NA,NA,NA,NA,NA,NA,NA,NA,NA,NA,NA,NA,NA,NA,NA,NA,NA,NA,NA,NA,NA,NA,NA,NA,NA,NA,NA,NA,NA,0.727,0.632,NA,NA,NA,NA,NA,NA,NA,NA,NA,NA,NA,NA,NA,NA,NA,NA,NA,2.157,NA,2.573,NA,NA,NA,NA,2.098,NA,0.208,NA,NA,NA,NA,NA,0.68,0.791,0.747,1.161,0.554,NA,NA,NA,NA,NA,NA,NA,NA,NA,NA,NA,NA,NA,NA,NA,NA,NA,NA,NA,NA,NA,NA,NA,NA,NA,NA,NA,NA,NA,NA,NA,NA,NA,NA,NA,NA,FALSE,FALSE,NA,NA,NA,NA,NA,NA,NA,NA,NA,NA,NA,NA,NA,NA,NA,NA,NA,FALSE,NA,FALSE,NA,NA,NA,NA,FALSE,NA,FALSE,NA,NA,NA,NA,NA,FALSE,FALSE,FALSE,FALSE,FALSE,NA
1691,NA,NA,NA,NA,NA,NA,NA,NA,NA,NA,NA,NA,NA,NA,NA,NA,NA,NA,NA,NA,NA,NA,NA,NA,NA,NA,NA,NA,NA,NA,NA,NA,NA,NA,NA,0.576,0.226,NA,NA,NA,NA,NA,NA,NA,NA,NA,NA,NA,NA,NA,NA,NA,NA,NA,2.044,NA,1.583,NA,NA,NA,0.488,1.382,NA,0.18,NA,NA,NA,NA,NA,0.331,0.516,0.603,0.851,0.26,NA,NA,NA,NA,NA,NA,NA,NA,NA,NA,NA,NA,NA,NA,NA,NA,NA,NA,NA,NA,NA,NA,NA,NA,NA,NA,NA,NA,NA,NA,NA,NA,NA,NA,NA,NA,FALSE,FALSE,NA,NA,NA,NA,NA,NA,NA,NA,NA,NA,NA,NA,NA,NA,NA,NA,NA,FALSE,NA,FALSE,NA,NA,NA,FALSE,FALSE,NA,FALSE,NA,NA,NA,NA,NA,FALSE,FALSE,FALSE,FALSE,FALSE,NA
1692,NA,NA,NA,NA,NA,NA,NA,NA,NA,NA,NA,NA,NA,NA,NA,NA,NA,NA,NA,NA,NA,NA,NA,NA,NA,NA,NA,NA,NA,NA,NA,NA,NA,NA,NA,1,0.829,NA,NA,NA,NA,NA,NA,NA,NA,NA,NA,NA,NA,NA,NA,NA,NA,NA,2.064,NA,2.047,NA,NA,NA,0.61,1.857,NA,0.184,NA,NA,NA,NA,NA,0.609,0.596,0.607,0.701,0.414,NA,NA,NA,NA,NA,NA,NA,NA,NA,NA,NA,NA,NA,NA,NA,NA,NA,NA,NA,NA,NA,NA,NA,NA,NA,NA,NA,NA,NA,NA,NA,NA,NA,NA,NA,NA,FALSE,FALSE,NA,NA,NA,NA,NA,NA,NA,NA,NA,NA,NA,NA,NA,NA,NA,NA,NA,FALSE,NA,FALSE,NA,NA,NA,FALSE,FALSE,NA,FALSE,NA,NA,NA,NA,NA,FALSE,FALSE,FALSE,FALSE,FALSE,NA
1693,NA,NA,NA,NA,NA,NA,NA,NA,NA,NA,NA,NA,NA,NA,NA,NA,NA,NA,NA,NA,NA,NA,NA,NA,NA,NA,NA,NA,NA,NA,NA,NA,NA,NA,NA,1.094,0.881,NA,NA,NA,NA,NA,NA,NA,NA,NA,NA,NA,NA,NA,NA,NA,NA,NA,2.568,NA,2.147,NA,NA,NA,0.802,1.746,NA,0.303,NA,NA,NA,NA,NA,1.115,1.111,0.902,1.951,0.647,NA,NA,NA,NA,NA,NA,NA,NA,NA,NA,NA,NA,NA,NA,NA,NA,NA,NA,NA,NA,NA,NA,NA,NA,NA,NA,NA,NA,NA,NA,NA,NA,NA,NA,NA,NA,FALSE,FALSE,NA,NA,NA,NA,NA,NA,NA,NA,NA,NA,NA,NA,NA,NA,NA,NA,NA,FALSE,NA,FALSE,NA,NA,NA,FALSE,FALSE,NA,FALSE,NA,NA,NA,NA,NA,FALSE,FALSE,FALSE,FALSE,FALSE,NA
1694,NA,NA,NA,NA,NA,NA,NA,NA,NA,NA,NA,NA,NA,NA,NA,NA,NA,NA,NA,NA,NA,NA,NA,NA,NA,NA,NA,NA,NA,NA,NA,NA,NA,NA,NA,1.708,1.374,NA,NA,NA,NA,NA,NA,NA,NA,NA,NA,NA,NA,NA,NA,NA,NA,NA,2.557,NA,2.108,NA,NA,NA,0.919,1.68,NA,0.727,NA,NA,NA,NA,NA,1.642,1.368,1.858,2.092,1.177,NA,NA,NA,NA,NA,NA,NA,NA,NA,NA,NA,NA,NA,NA,NA,NA,NA,NA,NA,NA,NA,NA,NA,NA,NA,NA,NA,NA,NA,NA,NA,NA,NA,NA,NA,NA,FALSE,FALSE,NA,NA,NA,NA,NA,NA,NA,NA,NA,NA,NA,NA,NA,NA,NA,NA,NA,FALSE,NA,FALSE,NA,NA,NA,FALSE,FALSE,NA,FALSE,NA,NA,NA,NA,NA,FALSE,FALSE,TRUE,FALSE,FALSE,NA
1695,NA,NA,NA,NA,NA,NA,NA,NA,NA,NA,NA,NA,NA,NA,NA,NA,NA,NA,NA,NA,NA,NA,NA,NA,NA,NA,NA,NA,NA,NA,NA,NA,NA,NA,NA,0.937,1.263,NA,NA,NA,NA,NA,NA,NA,NA,NA,NA,NA,NA,NA,NA,NA,NA,NA,2.963,NA,2.243,NA,NA,NA,0.807,1.685,NA,0.529,NA,NA,NA,NA,NA,1.334,1.031,1,1.476,1.015,NA,NA,NA,NA,NA,NA,NA,NA,NA,NA,NA,NA,NA,NA,NA,NA,NA,NA,NA,NA,NA,NA,NA,NA,NA,NA,NA,NA,NA,NA,NA,NA,NA,NA,NA,NA,FALSE,FALSE,NA,NA,NA,NA,NA,NA,NA,NA,NA,NA,NA,NA,NA,NA,NA,NA,NA,FALSE,NA,FALSE,NA,NA,NA,FALSE,FALSE,NA,FALSE,NA,NA,NA,NA,NA,FALSE,FALSE,FALSE,FALSE,FALSE,NA
1696,NA,NA,NA,NA,NA,NA,NA,NA,NA,NA,NA,NA,NA,NA,NA,NA,NA,NA,NA,NA,NA,NA,NA,NA,NA,NA,NA,NA,NA,NA,NA,NA,NA,NA,NA,1.124,1.537,NA,NA,NA,NA,NA,NA,NA,NA,NA,NA,NA,NA,NA,NA,NA,NA,NA,2.233,NA,1.794,NA,NA,NA,0.881,2.323,NA,0.529,NA,NA,NA,NA,NA,1.416,1.038,1.239,2.312,0.977,NA,NA,NA,NA,NA,NA,NA,NA,NA,NA,NA,NA,NA,NA,NA,NA,NA,NA,NA,NA,NA,NA,NA,NA,NA,NA,NA,NA,NA,NA,NA,NA,NA,NA,NA,NA,FALSE,FALSE,NA,NA,NA,NA,NA,NA,NA,NA,NA,NA,NA,NA,NA,NA,NA,NA,NA,FALSE,NA,FALSE,NA,NA,NA,FALSE,FALSE,NA,FALSE,NA,NA,NA,NA,NA,FALSE,FALSE,FALSE,FALSE,FALSE,NA
1697,NA,NA,NA,NA,NA,NA,NA,NA,NA,NA,NA,NA,NA,NA,NA,NA,NA,NA,NA,NA,NA,NA,NA,NA,NA,NA,NA,NA,NA,NA,NA,NA,NA,NA,NA,1.434,2.241,NA,NA,NA,NA,NA,NA,NA,NA,NA,NA,NA,NA,NA,NA,NA,NA,NA,2.152,NA,2.152,NA,NA,NA,0.652,1.862,1.472,0.51,NA,NA,NA,NA,NA,0.953,0.975,1.516,2.43,1.079,NA,NA,NA,NA,NA,NA,NA,NA,NA,NA,NA,NA,NA,NA,NA,NA,NA,NA,NA,NA,NA,NA,NA,NA,NA,NA,NA,NA,NA,NA,NA,NA,NA,NA,NA,NA,FALSE,TRUE,NA,NA,NA,NA,NA,NA,NA,NA,NA,NA,NA,NA,NA,NA,NA,NA,NA,FALSE,NA,FALSE,NA,NA,NA,FALSE,FALSE,FALSE,FALSE,NA,NA,NA,NA,NA,FALSE,FALSE,FALSE,FALSE,FALSE,NA
1698,NA,NA,NA,NA,NA,NA,NA,NA,NA,NA,NA,NA,NA,NA,NA,NA,NA,NA,NA,NA,NA,NA,NA,NA,NA,NA,NA,NA,NA,NA,NA,NA,NA,NA,NA,0.875,1.028,NA,NA,NA,NA,NA,NA,NA,NA,NA,NA,NA,NA,NA,NA,NA,NA,NA,1.9,1.996,1.92,NA,NA,NA,0.855,1.935,1.534,0.447,NA,NA,NA,NA,NA,0.648,0.741,1.291,1.438,0.649,NA,NA,NA,NA,NA,NA,NA,NA,NA,NA,NA,NA,NA,NA,NA,NA,NA,NA,NA,NA,NA,NA,NA,NA,NA,NA,NA,NA,NA,NA,NA,NA,NA,NA,NA,NA,FALSE,FALSE,NA,NA,NA,NA,NA,NA,NA,NA,NA,NA,NA,NA,NA,NA,NA,NA,NA,FALSE,FALSE,FALSE,NA,NA,NA,FALSE,FALSE,FALSE,FALSE,NA,NA,NA,NA,NA,FALSE,FALSE,FALSE,FALSE,FALSE,NA
1699,NA,NA,NA,NA,NA,NA,NA,NA,NA,NA,NA,NA,NA,NA,NA,NA,NA,NA,NA,NA,NA,NA,NA,NA,NA,NA,NA,NA,NA,NA,NA,NA,NA,NA,NA,1.178,1.961,NA,NA,NA,NA,NA,NA,NA,NA,NA,NA,NA,NA,NA,NA,NA,NA,NA,2.891,3.375,2.194,NA,NA,NA,0.833,2.208,1.442,0.39,NA,NA,NA,NA,NA,0.89,1.013,0.984,1.429,0.708,NA,NA,NA,NA,NA,NA,NA,NA,NA,NA,NA,NA,NA,NA,NA,NA,NA,NA,NA,NA,NA,NA,NA,NA,NA,NA,NA,NA,NA,NA,NA,NA,NA,NA,NA,NA,FALSE,FALSE,NA,NA,NA,NA,NA,NA,NA,NA,NA,NA,NA,NA,NA,NA,NA,NA,NA,FALSE,TRUE,FALSE,NA,NA,NA,FALSE,FALSE,FALSE,FALSE,NA,NA,NA,NA,NA,FALSE,FALSE,FALSE,FALSE,FALSE,NA
1700,NA,NA,NA,NA,NA,NA,NA,NA,NA,NA,NA,NA,NA,NA,NA,NA,NA,NA,NA,NA,NA,NA,NA,NA,NA,NA,NA,NA,NA,NA,NA,NA,NA,NA,NA,2.596,2.159,NA,NA,NA,NA,NA,NA,NA,NA,1.207,NA,NA,NA,NA,NA,NA,NA,NA,2.704,3.698,3.293,NA,NA,NA,1.179,2.264,2.822,1.006,1.1,NA,NA,NA,NA,1.444,1.335,1.433,2.351,0.859,NA,NA,NA,NA,NA,NA,NA,NA,NA,NA,NA,NA,NA,NA,NA,NA,NA,NA,NA,NA,NA,NA,NA,NA,NA,NA,NA,NA,NA,NA,NA,NA,NA,NA,NA,NA,TRUE,TRUE,NA,NA,NA,NA,NA,NA,NA,NA,FALSE,NA,NA,NA,NA,NA,NA,NA,NA,FALSE,TRUE,FALSE,NA,NA,NA,FALSE,FALSE,FALSE,FALSE,FALSE,NA,NA,NA,NA,FALSE,FALSE,FALSE,FALSE,FALSE,NA
1701,NA,NA,NA,NA,NA,NA,NA,NA,NA,NA,NA,NA,NA,NA,NA,NA,NA,NA,NA,NA,NA,NA,NA,NA,NA,NA,NA,NA,NA,NA,NA,NA,NA,NA,NA,0.876,0.708,NA,NA,NA,NA,NA,NA,NA,NA,0.562,NA,NA,NA,NA,NA,NA,NA,NA,0.991,1.873,1.488,NA,NA,NA,0.761,0.954,1.427,0.534,0.782,NA,NA,NA,NA,0.661,0.971,0.769,1.167,0.697,NA,NA,NA,NA,NA,NA,NA,NA,NA,NA,NA,NA,NA,NA,NA,NA,NA,NA,NA,NA,NA,NA,NA,NA,NA,NA,NA,NA,NA,NA,NA,NA,NA,NA,NA,NA,FALSE,FALSE,NA,NA,NA,NA,NA,NA,NA,NA,FALSE,NA,NA,NA,NA,NA,NA,NA,NA,FALSE,FALSE,FALSE,NA,NA,NA,FALSE,FALSE,FALSE,FALSE,FALSE,NA,NA,NA,NA,FALSE,FALSE,FALSE,FALSE,FALSE,NA
1702,NA,NA,NA,NA,NA,NA,NA,NA,NA,NA,NA,NA,NA,NA,NA,NA,NA,NA,NA,NA,NA,NA,NA,NA,NA,NA,NA,NA,NA,NA,NA,NA,NA,NA,NA,1.553,1.223,NA,NA,NA,NA,NA,NA,NA,NA,0.473,NA,NA,NA,NA,NA,NA,NA,NA,2.078,3.064,2.231,NA,NA,NA,0.859,1.572,3.132,0.881,1.376,NA,NA,NA,NA,0.772,1.119,0.834,1.958,0.809,NA,NA,NA,NA,NA,NA,NA,NA,NA,NA,NA,NA,NA,NA,NA,NA,NA,NA,NA,NA,NA,NA,NA,NA,NA,NA,NA,NA,NA,NA,NA,NA,NA,NA,NA,NA,FALSE,FALSE,NA,NA,NA,NA,NA,NA,NA,NA,FALSE,NA,NA,NA,NA,NA,NA,NA,NA,FALSE,TRUE,FALSE,NA,NA,NA,FALSE,FALSE,TRUE,FALSE,FALSE,NA,NA,NA,NA,FALSE,FALSE,FALSE,FALSE,FALSE,NA
1703,NA,NA,NA,NA,NA,NA,NA,NA,NA,NA,NA,NA,NA,NA,NA,NA,NA,NA,NA,NA,NA,NA,NA,NA,NA,NA,NA,NA,NA,NA,NA,NA,NA,NA,NA,0.958,0.605,NA,NA,NA,NA,NA,NA,NA,NA,0.406,NA,NA,NA,NA,NA,NA,NA,NA,1.812,2.296,1.88,NA,NA,NA,0.717,1.124,1.671,0.958,1.398,NA,NA,NA,NA,0.436,0.875,0.825,1.464,0.624,NA,NA,NA,NA,NA,NA,NA,NA,NA,NA,NA,NA,NA,NA,NA,NA,NA,NA,NA,NA,NA,NA,NA,NA,NA,NA,NA,NA,NA,NA,NA,NA,NA,NA,NA,NA,FALSE,FALSE,NA,NA,NA,NA,NA,NA,NA,NA,FALSE,NA,NA,NA,NA,NA,NA,NA,NA,FALSE,FALSE,FALSE,NA,NA,NA,FALSE,FALSE,FALSE,FALSE,FALSE,NA,NA,NA,NA,FALSE,FALSE,FALSE,FALSE,FALSE,NA
1704,NA,NA,NA,NA,NA,NA,NA,NA,NA,NA,NA,NA,NA,NA,NA,NA,NA,NA,NA,NA,NA,NA,NA,NA,NA,NA,NA,NA,NA,NA,NA,NA,NA,NA,NA,1.262,1.159,NA,NA,NA,NA,NA,NA,NA,NA,0.263,NA,NA,NA,NA,NA,NA,NA,NA,4.303,3.78,3.064,NA,NA,NA,0.793,2.081,2.403,1.294,2.032,NA,NA,NA,NA,0.875,1.322,0.837,1.598,0.879,NA,NA,NA,NA,NA,NA,NA,NA,NA,NA,NA,NA,NA,NA,NA,NA,NA,NA,NA,NA,NA,NA,NA,NA,NA,NA,NA,NA,NA,NA,NA,NA,NA,NA,NA,NA,FALSE,FALSE,NA,NA,NA,NA,NA,NA,NA,NA,FALSE,NA,NA,NA,NA,NA,NA,NA,NA,TRUE,TRUE,FALSE,NA,NA,NA,FALSE,FALSE,FALSE,FALSE,FALSE,NA,NA,NA,NA,FALSE,FALSE,FALSE,FALSE,FALSE,NA
1705,NA,NA,NA,NA,NA,NA,NA,NA,NA,NA,NA,NA,NA,NA,NA,NA,NA,NA,NA,NA,NA,NA,NA,NA,NA,NA,NA,NA,NA,NA,NA,NA,NA,NA,NA,0.917,1.064,NA,NA,NA,NA,NA,NA,NA,NA,1.158,NA,NA,NA,NA,NA,NA,NA,NA,1.812,2.322,1.949,NA,NA,NA,0.713,1.267,2.648,0.812,1.345,NA,NA,NA,NA,0.406,1.455,0.839,1.603,0.844,NA,NA,NA,NA,NA,NA,NA,NA,NA,NA,NA,NA,NA,NA,NA,NA,NA,NA,NA,NA,NA,NA,NA,NA,NA,NA,NA,NA,NA,NA,NA,NA,NA,NA,NA,NA,FALSE,FALSE,NA,NA,NA,NA,NA,NA,NA,NA,FALSE,NA,NA,NA,NA,NA,NA,NA,NA,FALSE,FALSE,FALSE,NA,NA,NA,FALSE,FALSE,FALSE,FALSE,FALSE,NA,NA,NA,NA,FALSE,FALSE,FALSE,FALSE,FALSE,NA
1706,NA,NA,NA,NA,NA,NA,NA,NA,NA,NA,NA,NA,NA,NA,NA,NA,NA,NA,NA,NA,NA,NA,NA,NA,NA,NA,NA,NA,NA,NA,NA,NA,NA,NA,NA,0.79,0.505,NA,NA,NA,NA,NA,NA,NA,NA,0.766,NA,NA,NA,NA,NA,NA,NA,NA,1.433,1.229,1.208,NA,NA,NA,0.701,1.278,1.112,0.378,0.552,NA,NA,NA,NA,0.327,1.029,0.585,1.444,0.527,NA,NA,NA,NA,NA,NA,NA,NA,NA,NA,NA,NA,NA,NA,NA,NA,NA,NA,NA,NA,NA,NA,NA,NA,NA,NA,NA,NA,NA,NA,NA,NA,NA,NA,NA,NA,FALSE,FALSE,NA,NA,NA,NA,NA,NA,NA,NA,FALSE,NA,NA,NA,NA,NA,NA,NA,NA,FALSE,FALSE,FALSE,NA,NA,NA,FALSE,FALSE,FALSE,FALSE,FALSE,NA,NA,NA,NA,FALSE,FALSE,FALSE,FALSE,FALSE,NA
1707,NA,NA,NA,NA,NA,NA,NA,NA,NA,NA,NA,NA,NA,NA,NA,NA,NA,NA,NA,NA,NA,NA,NA,NA,NA,NA,NA,NA,NA,NA,NA,NA,NA,NA,NA,1.235,1.895,NA,NA,NA,NA,NA,NA,NA,NA,1.019,NA,NA,NA,NA,NA,NA,NA,NA,2.288,2.458,1.774,NA,NA,NA,0.611,1.813,1.238,1.058,1.765,NA,NA,NA,NA,0.434,1.361,0.761,1.91,0.753,NA,NA,NA,NA,NA,NA,NA,NA,NA,NA,NA,NA,NA,NA,NA,NA,NA,NA,NA,NA,NA,NA,NA,NA,NA,NA,NA,NA,NA,NA,NA,NA,NA,NA,NA,NA,FALSE,FALSE,NA,NA,NA,NA,NA,NA,NA,NA,FALSE,NA,NA,NA,NA,NA,NA,NA,NA,FALSE,FALSE,FALSE,NA,NA,NA,FALSE,FALSE,FALSE,FALSE,FALSE,NA,NA,NA,NA,FALSE,FALSE,FALSE,FALSE,FALSE,NA
1708,NA,NA,NA,NA,NA,NA,NA,NA,NA,NA,NA,NA,NA,NA,NA,NA,NA,NA,NA,NA,NA,NA,NA,NA,NA,NA,NA,NA,NA,NA,NA,NA,NA,NA,NA,0.911,0.851,NA,NA,NA,NA,NA,NA,NA,NA,0.993,NA,NA,NA,NA,NA,NA,NA,NA,1.532,1.934,1.134,NA,NA,NA,0.756,1.004,1.369,0.703,1.102,NA,NA,NA,NA,0.516,0.972,0.72,1.331,0.625,NA,NA,NA,NA,NA,NA,NA,NA,NA,NA,NA,NA,NA,NA,NA,NA,NA,NA,NA,NA,NA,NA,NA,NA,NA,NA,NA,NA,NA,NA,NA,NA,NA,NA,NA,NA,FALSE,FALSE,NA,NA,NA,NA,NA,NA,NA,NA,FALSE,NA,NA,NA,NA,NA,NA,NA,NA,FALSE,FALSE,FALSE,NA,NA,NA,FALSE,FALSE,FALSE,FALSE,FALSE,NA,NA,NA,NA,FALSE,FALSE,FALSE,FALSE,FALSE,NA
1709,NA,NA,NA,NA,NA,NA,NA,NA,NA,NA,NA,NA,NA,NA,NA,NA,NA,NA,NA,NA,NA,NA,NA,NA,NA,NA,NA,NA,NA,NA,NA,NA,NA,NA,NA,0.896,1.566,NA,NA,NA,NA,NA,NA,NA,NA,0.891,NA,NA,NA,NA,NA,NA,NA,NA,1.229,1.312,1.434,NA,NA,NA,0.769,0.861,1.486,0.816,1.098,NA,NA,NA,NA,0.499,1.36,0.874,1.468,0.521,NA,NA,NA,NA,NA,NA,NA,NA,NA,NA,NA,NA,NA,NA,NA,NA,NA,NA,NA,NA,NA,NA,NA,NA,NA,NA,NA,NA,NA,NA,NA,NA,NA,NA,NA,NA,FALSE,FALSE,NA,NA,NA,NA,NA,NA,NA,NA,FALSE,NA,NA,NA,NA,NA,NA,NA,NA,FALSE,FALSE,FALSE,NA,NA,NA,FALSE,FALSE,FALSE,FALSE,FALSE,NA,NA,NA,NA,FALSE,FALSE,FALSE,FALSE,FALSE,NA
1710,NA,NA,NA,NA,NA,NA,NA,NA,NA,NA,NA,NA,NA,NA,NA,NA,NA,NA,NA,NA,NA,NA,NA,NA,NA,NA,NA,NA,NA,NA,NA,NA,NA,NA,NA,0.329,0.519,NA,NA,NA,NA,NA,NA,NA,NA,0.282,NA,NA,NA,NA,NA,NA,NA,NA,0.994,1.065,1.076,NA,NA,NA,0.427,1.525,1.14,0.448,0.707,0.423,NA,NA,NA,0.443,0.723,0.5,0.829,0.486,NA,NA,NA,NA,NA,NA,NA,NA,NA,NA,NA,NA,NA,NA,NA,NA,NA,NA,NA,NA,NA,NA,NA,NA,NA,NA,NA,NA,NA,NA,NA,NA,NA,NA,NA,NA,FALSE,FALSE,NA,NA,NA,NA,NA,NA,NA,NA,FALSE,NA,NA,NA,NA,NA,NA,NA,NA,FALSE,FALSE,FALSE,NA,NA,NA,FALSE,FALSE,FALSE,FALSE,FALSE,FALSE,NA,NA,NA,FALSE,FALSE,FALSE,FALSE,FALSE,NA
1711,NA,NA,NA,NA,NA,NA,NA,NA,NA,NA,NA,NA,NA,NA,NA,NA,NA,NA,NA,NA,NA,NA,NA,NA,NA,NA,NA,NA,NA,NA,NA,NA,NA,NA,NA,0.891,2.118,NA,NA,NA,NA,NA,NA,NA,NA,0.85,NA,NA,NA,NA,NA,NA,NA,NA,2.533,2.126,2.041,NA,NA,NA,0.682,0.991,1.091,0.8,1.531,0.906,NA,NA,NA,0.629,1.972,0.564,1.269,0.535,NA,NA,NA,NA,NA,NA,NA,NA,NA,NA,NA,NA,NA,NA,NA,NA,NA,NA,NA,NA,NA,NA,NA,NA,NA,NA,NA,NA,NA,NA,NA,NA,NA,NA,NA,NA,FALSE,TRUE,NA,NA,NA,NA,NA,NA,NA,NA,FALSE,NA,NA,NA,NA,NA,NA,NA,NA,FALSE,FALSE,FALSE,NA,NA,NA,FALSE,FALSE,FALSE,FALSE,FALSE,FALSE,NA,NA,NA,FALSE,FALSE,FALSE,FALSE,FALSE,NA
1712,NA,NA,NA,NA,NA,NA,NA,NA,NA,NA,NA,NA,NA,NA,NA,NA,NA,NA,NA,NA,NA,NA,NA,NA,NA,NA,NA,NA,NA,NA,NA,NA,NA,NA,NA,0.763,1.137,NA,NA,NA,NA,NA,NA,NA,NA,1.112,NA,NA,NA,NA,NA,NA,NA,NA,2.819,2.014,2.065,NA,NA,NA,0.84,0.938,2.954,1.214,1.744,0.814,NA,NA,NA,0.729,2.258,1.182,1.355,0.929,NA,NA,NA,NA,NA,NA,NA,NA,NA,NA,NA,NA,NA,NA,NA,NA,NA,NA,NA,NA,NA,NA,NA,NA,NA,NA,NA,NA,NA,NA,NA,NA,NA,NA,NA,NA,FALSE,FALSE,NA,NA,NA,NA,NA,NA,NA,NA,FALSE,NA,NA,NA,NA,NA,NA,NA,NA,FALSE,FALSE,FALSE,NA,NA,NA,FALSE,FALSE,TRUE,FALSE,FALSE,FALSE,NA,NA,NA,FALSE,TRUE,FALSE,FALSE,FALSE,NA
1713,NA,NA,NA,NA,NA,NA,NA,NA,NA,NA,NA,NA,NA,NA,NA,NA,NA,NA,NA,NA,NA,NA,NA,NA,NA,NA,NA,NA,NA,NA,NA,NA,NA,NA,NA,1.023,0.882,NA,NA,NA,NA,NA,NA,NA,NA,1.295,NA,NA,NA,NA,NA,NA,NA,NA,2.075,2.719,2.285,NA,NA,NA,0.855,0.813,2.578,0.784,0.985,0.696,NA,NA,NA,0.661,1.586,0.704,1.889,0.795,NA,NA,NA,NA,NA,NA,NA,NA,NA,NA,NA,NA,NA,NA,NA,NA,NA,NA,NA,NA,NA,NA,NA,NA,NA,NA,NA,NA,NA,NA,NA,NA,NA,NA,NA,NA,FALSE,FALSE,NA,NA,NA,NA,NA,NA,NA,NA,FALSE,NA,NA,NA,NA,NA,NA,NA,NA,FALSE,FALSE,FALSE,NA,NA,NA,FALSE,FALSE,FALSE,FALSE,FALSE,FALSE,NA,NA,NA,FALSE,FALSE,FALSE,FALSE,FALSE,NA
1714,NA,NA,NA,NA,NA,NA,NA,NA,NA,NA,NA,NA,NA,NA,NA,NA,NA,NA,NA,NA,NA,NA,NA,NA,NA,NA,NA,NA,NA,NA,NA,NA,NA,NA,NA,0.904,1.283,NA,NA,NA,NA,NA,NA,NA,NA,1.013,NA,NA,NA,NA,NA,NA,NA,NA,1.878,1.928,1.599,NA,NA,NA,0.961,0.757,1.41,0.908,0.914,0.665,NA,NA,NA,0.892,1.501,0.998,1.615,0.892,NA,NA,NA,NA,NA,NA,NA,NA,NA,NA,NA,NA,NA,NA,NA,NA,NA,NA,NA,NA,NA,NA,NA,NA,NA,NA,NA,NA,NA,NA,NA,NA,NA,NA,NA,NA,FALSE,FALSE,NA,NA,NA,NA,NA,NA,NA,NA,FALSE,NA,NA,NA,NA,NA,NA,NA,NA,FALSE,FALSE,FALSE,NA,NA,NA,FALSE,FALSE,FALSE,FALSE,FALSE,FALSE,NA,NA,NA,FALSE,FALSE,FALSE,FALSE,FALSE,NA
1715,NA,NA,NA,NA,NA,NA,NA,NA,NA,NA,NA,NA,NA,NA,NA,NA,NA,NA,NA,NA,NA,NA,NA,NA,NA,NA,NA,NA,NA,NA,NA,NA,NA,NA,NA,0.748,1.472,2.131,NA,NA,NA,NA,NA,NA,NA,1.199,NA,NA,NA,NA,NA,NA,NA,NA,2.698,3.102,2.571,NA,NA,NA,0.875,0.671,1.687,0.731,0.742,0.497,NA,NA,NA,0.768,1.618,0.796,1.471,0.684,NA,NA,NA,NA,NA,NA,NA,NA,NA,NA,NA,NA,NA,NA,NA,NA,NA,NA,NA,NA,NA,NA,NA,NA,NA,NA,NA,NA,NA,NA,NA,NA,NA,NA,NA,NA,FALSE,FALSE,FALSE,NA,NA,NA,NA,NA,NA,NA,FALSE,NA,NA,NA,NA,NA,NA,NA,NA,FALSE,TRUE,FALSE,NA,NA,NA,FALSE,FALSE,FALSE,FALSE,FALSE,FALSE,NA,NA,NA,FALSE,FALSE,FALSE,FALSE,FALSE,NA
1716,NA,NA,NA,NA,NA,NA,NA,NA,NA,NA,NA,NA,NA,NA,NA,NA,NA,NA,NA,NA,NA,NA,NA,NA,NA,NA,NA,NA,NA,NA,NA,NA,NA,NA,NA,1.055,1.744,2.758,NA,NA,NA,NA,NA,NA,NA,1.838,NA,NA,NA,NA,NA,NA,NA,NA,3.076,2.889,2.952,NA,NA,NA,0.829,0.621,2.293,0.77,0.902,0.522,NA,NA,NA,0.93,1.689,0.626,1.968,0.865,NA,NA,NA,NA,NA,NA,NA,NA,NA,NA,NA,NA,NA,NA,NA,NA,NA,NA,NA,NA,NA,NA,NA,NA,NA,NA,NA,NA,NA,NA,NA,NA,NA,NA,NA,NA,FALSE,FALSE,TRUE,NA,NA,NA,NA,NA,NA,NA,FALSE,NA,NA,NA,NA,NA,NA,NA,NA,FALSE,FALSE,FALSE,NA,NA,NA,FALSE,FALSE,FALSE,FALSE,FALSE,FALSE,NA,NA,NA,FALSE,FALSE,FALSE,FALSE,FALSE,NA
1717,NA,NA,NA,NA,NA,NA,NA,NA,NA,NA,NA,NA,NA,NA,NA,NA,NA,NA,NA,NA,NA,NA,NA,NA,NA,NA,NA,NA,NA,NA,NA,NA,NA,NA,NA,0.714,0.828,1.414,NA,NA,NA,NA,NA,NA,NA,1.692,NA,NA,NA,NA,NA,NA,NA,NA,2.152,1.908,1.872,NA,NA,NA,0.698,0.473,1.731,0.72,1.085,0.534,NA,NA,NA,0.887,1.402,0.571,1.697,0.648,NA,NA,NA,NA,NA,NA,NA,NA,NA,NA,NA,NA,NA,NA,NA,NA,NA,NA,NA,NA,NA,NA,NA,NA,NA,NA,NA,NA,NA,NA,NA,NA,NA,NA,NA,NA,FALSE,FALSE,FALSE,NA,NA,NA,NA,NA,NA,NA,FALSE,NA,NA,NA,NA,NA,NA,NA,NA,FALSE,FALSE,FALSE,NA,NA,NA,FALSE,FALSE,FALSE,FALSE,FALSE,FALSE,NA,NA,NA,FALSE,FALSE,FALSE,FALSE,FALSE,NA
1718,NA,NA,NA,NA,NA,NA,NA,NA,NA,NA,NA,NA,NA,NA,NA,NA,NA,NA,NA,NA,NA,NA,NA,NA,NA,NA,NA,NA,NA,NA,NA,NA,NA,NA,NA,0.597,1.011,1.618,NA,NA,NA,NA,NA,NA,NA,1.381,NA,NA,NA,NA,NA,NA,NA,NA,2.697,2.441,2.301,NA,NA,NA,0.842,0.527,1.327,0.645,0.709,0.589,NA,NA,NA,0.736,1.592,0.708,1.347,1.051,NA,NA,NA,NA,NA,NA,NA,NA,NA,NA,NA,NA,NA,NA,NA,NA,NA,NA,NA,NA,NA,NA,NA,NA,NA,NA,NA,NA,NA,NA,NA,NA,NA,NA,NA,NA,FALSE,FALSE,FALSE,NA,NA,NA,NA,NA,NA,NA,FALSE,NA,NA,NA,NA,NA,NA,NA,NA,FALSE,FALSE,FALSE,NA,NA,NA,FALSE,FALSE,FALSE,FALSE,FALSE,FALSE,NA,NA,NA,FALSE,FALSE,FALSE,FALSE,FALSE,NA
1719,NA,NA,NA,NA,NA,NA,NA,NA,NA,NA,NA,NA,NA,NA,NA,NA,NA,NA,NA,NA,NA,NA,NA,NA,NA,NA,NA,NA,NA,NA,NA,NA,NA,NA,NA,0.861,1.067,1.791,NA,NA,NA,NA,NA,NA,NA,1.19,NA,NA,NA,NA,NA,NA,NA,NA,2.568,2.319,2.304,NA,NA,NA,1.024,0.68,0.824,0.537,0.541,0.629,NA,NA,NA,0.583,1.472,0.751,1.502,0.96,NA,NA,NA,NA,NA,NA,NA,NA,NA,NA,NA,NA,NA,NA,NA,NA,NA,NA,NA,NA,NA,NA,NA,NA,NA,NA,NA,NA,NA,NA,NA,NA,NA,NA,NA,NA,FALSE,FALSE,FALSE,NA,NA,NA,NA,NA,NA,NA,FALSE,NA,NA,NA,NA,NA,NA,NA,NA,FALSE,FALSE,FALSE,NA,NA,NA,FALSE,FALSE,FALSE,FALSE,FALSE,FALSE,NA,NA,NA,FALSE,FALSE,FALSE,FALSE,FALSE,NA
1720,NA,NA,NA,NA,NA,NA,NA,NA,NA,NA,NA,NA,NA,NA,NA,NA,NA,NA,NA,NA,NA,NA,NA,NA,NA,NA,NA,NA,NA,NA,NA,NA,NA,NA,NA,1.114,1.93,2.161,NA,NA,NA,NA,NA,NA,NA,1.274,NA,NA,NA,NA,NA,NA,NA,NA,2.041,1.902,2.074,NA,NA,NA,1.156,1.004,1.206,0.842,0.819,0.633,NA,NA,NA,0.44,2.001,0.788,2.072,0.914,NA,NA,NA,NA,NA,NA,NA,NA,NA,NA,NA,NA,NA,NA,NA,NA,NA,NA,NA,NA,NA,NA,NA,NA,NA,NA,NA,NA,NA,NA,NA,NA,NA,NA,NA,NA,FALSE,FALSE,FALSE,NA,NA,NA,NA,NA,NA,NA,FALSE,NA,NA,NA,NA,NA,NA,NA,NA,FALSE,FALSE,FALSE,NA,NA,NA,FALSE,FALSE,FALSE,FALSE,FALSE,FALSE,NA,NA,NA,FALSE,FALSE,FALSE,FALSE,FALSE,NA
1721,NA,NA,NA,NA,NA,NA,NA,NA,NA,NA,NA,NA,NA,NA,NA,NA,NA,NA,NA,NA,NA,NA,NA,NA,NA,NA,NA,NA,NA,NA,NA,NA,NA,NA,NA,0.51,0.67,0.934,NA,NA,NA,NA,NA,NA,NA,0.782,NA,NA,NA,NA,NA,NA,NA,NA,1.153,0.967,1.322,NA,NA,NA,0.717,0.672,0.865,0.433,0.362,0.419,NA,NA,NA,0.235,1.114,0.538,0.979,0.367,NA,NA,NA,NA,NA,NA,NA,NA,NA,NA,NA,NA,NA,NA,NA,NA,NA,NA,NA,NA,NA,NA,NA,NA,NA,NA,NA,NA,NA,NA,NA,NA,NA,NA,NA,NA,FALSE,FALSE,FALSE,NA,NA,NA,NA,NA,NA,NA,FALSE,NA,NA,NA,NA,NA,NA,NA,NA,FALSE,FALSE,FALSE,NA,NA,NA,FALSE,FALSE,FALSE,FALSE,FALSE,FALSE,NA,NA,NA,FALSE,FALSE,FALSE,FALSE,FALSE,NA
1722,NA,NA,NA,NA,NA,NA,NA,NA,NA,NA,NA,NA,NA,NA,NA,NA,NA,NA,NA,NA,NA,NA,NA,NA,NA,NA,NA,NA,NA,NA,NA,NA,NA,NA,NA,0.722,0.885,1.43,NA,NA,NA,NA,NA,NA,NA,1.093,NA,NA,NA,NA,NA,NA,NA,NA,1.711,1.896,2.37,NA,NA,NA,0.828,0.617,1.106,0.449,0.373,0.264,NA,NA,NA,0.531,1.041,0.475,1.279,0.515,NA,NA,NA,NA,NA,NA,NA,NA,NA,NA,NA,NA,NA,NA,NA,NA,NA,NA,NA,NA,NA,NA,NA,NA,NA,NA,NA,NA,NA,NA,NA,NA,NA,NA,NA,NA,FALSE,FALSE,FALSE,NA,NA,NA,NA,NA,NA,NA,FALSE,NA,NA,NA,NA,NA,NA,NA,NA,FALSE,FALSE,FALSE,NA,NA,NA,FALSE,FALSE,FALSE,FALSE,FALSE,FALSE,NA,NA,NA,FALSE,FALSE,FALSE,FALSE,FALSE,NA
1723,NA,NA,NA,NA,NA,NA,NA,NA,NA,NA,NA,NA,NA,NA,NA,NA,NA,NA,NA,NA,NA,NA,NA,NA,NA,NA,NA,NA,NA,NA,NA,NA,NA,NA,NA,1.236,1.709,2.145,NA,NA,NA,NA,NA,NA,NA,0.864,NA,NA,NA,NA,NA,NA,NA,NA,1.394,1.301,1.855,NA,NA,NA,1.106,1.176,2.448,0.777,0.797,0.54,NA,NA,NA,0.608,1.565,0.72,2.495,0.527,NA,NA,NA,NA,NA,NA,NA,NA,NA,NA,NA,NA,NA,NA,NA,NA,NA,NA,NA,NA,NA,NA,NA,NA,NA,NA,NA,NA,NA,NA,NA,NA,NA,NA,NA,NA,FALSE,FALSE,FALSE,NA,NA,NA,NA,NA,NA,NA,FALSE,NA,NA,NA,NA,NA,NA,NA,NA,FALSE,FALSE,FALSE,NA,NA,NA,FALSE,FALSE,FALSE,FALSE,FALSE,FALSE,NA,NA,NA,FALSE,FALSE,FALSE,FALSE,FALSE,NA
1724,NA,NA,NA,NA,NA,NA,NA,NA,NA,NA,NA,NA,NA,NA,NA,NA,NA,NA,NA,NA,NA,NA,NA,NA,NA,NA,NA,NA,NA,NA,NA,NA,NA,NA,NA,1.094,1.506,2.667,NA,NA,NA,NA,NA,NA,NA,1.192,NA,NA,NA,NA,NA,NA,NA,NA,2.069,2.062,2.238,NA,NA,NA,1.205,0.947,2.175,1.182,1.11,0.72,NA,NA,NA,0.853,1.822,0.958,2.027,0.685,NA,NA,NA,NA,NA,NA,NA,NA,NA,NA,NA,NA,NA,NA,NA,NA,NA,NA,NA,NA,NA,NA,NA,NA,NA,NA,NA,NA,NA,NA,NA,NA,NA,NA,NA,NA,FALSE,FALSE,TRUE,NA,NA,NA,NA,NA,NA,NA,FALSE,NA,NA,NA,NA,NA,NA,NA,NA,FALSE,FALSE,FALSE,NA,NA,NA,FALSE,FALSE,FALSE,FALSE,FALSE,FALSE,NA,NA,NA,FALSE,FALSE,FALSE,FALSE,FALSE,NA
1725,NA,NA,NA,NA,NA,NA,NA,NA,NA,NA,NA,NA,NA,NA,NA,NA,NA,NA,NA,NA,NA,NA,NA,NA,NA,NA,NA,NA,NA,NA,NA,NA,NA,NA,NA,0.791,1.506,2.298,NA,NA,NA,NA,NA,NA,NA,1.476,NA,NA,NA,NA,NA,NA,NA,NA,2.046,2.184,2.083,NA,NA,NA,1.022,0.457,2.051,0.887,1.295,0.657,NA,NA,NA,0.763,1.368,0.953,1.562,0.716,NA,NA,NA,NA,NA,NA,NA,NA,NA,NA,NA,NA,NA,NA,NA,NA,NA,NA,NA,NA,NA,NA,NA,NA,NA,NA,NA,NA,NA,NA,NA,NA,NA,NA,NA,NA,FALSE,FALSE,FALSE,NA,NA,NA,NA,NA,NA,NA,FALSE,NA,NA,NA,NA,NA,NA,NA,NA,FALSE,FALSE,FALSE,NA,NA,NA,FALSE,FALSE,FALSE,FALSE,FALSE,FALSE,NA,NA,NA,FALSE,FALSE,FALSE,FALSE,FALSE,NA
1726,NA,NA,NA,NA,NA,NA,NA,NA,NA,NA,NA,NA,NA,NA,NA,NA,NA,NA,NA,NA,NA,NA,NA,NA,NA,NA,NA,NA,NA,NA,NA,NA,NA,NA,NA,0.747,0.8,1.684,NA,NA,NA,NA,NA,NA,NA,1.041,NA,NA,NA,NA,NA,NA,NA,NA,1.869,2.026,1.935,NA,NA,NA,0.841,0.739,1.381,0.888,1.17,0.689,NA,NA,NA,0.76,1.305,0.81,1.352,0.665,NA,NA,NA,NA,NA,NA,NA,NA,NA,NA,NA,NA,NA,NA,NA,NA,NA,NA,NA,NA,NA,NA,NA,NA,NA,NA,NA,NA,NA,NA,NA,NA,NA,NA,NA,NA,FALSE,FALSE,FALSE,NA,NA,NA,NA,NA,NA,NA,FALSE,NA,NA,NA,NA,NA,NA,NA,NA,FALSE,FALSE,FALSE,NA,NA,NA,FALSE,FALSE,FALSE,FALSE,FALSE,FALSE,NA,NA,NA,FALSE,FALSE,FALSE,FALSE,FALSE,NA
1727,NA,NA,NA,NA,NA,NA,NA,NA,NA,NA,1.228,NA,NA,NA,NA,NA,NA,NA,NA,NA,NA,0.825,NA,NA,NA,NA,NA,NA,NA,NA,NA,NA,NA,NA,NA,0.977,0.96,1.944,NA,NA,NA,NA,NA,NA,NA,1.251,NA,NA,NA,NA,NA,NA,NA,NA,2.304,1.775,2.034,NA,NA,NA,1.135,1.31,1.713,0.654,0.81,0.926,NA,NA,NA,0.951,1.607,0.77,2.275,0.729,NA,NA,NA,NA,NA,NA,NA,NA,NA,NA,NA,FALSE,NA,NA,NA,NA,NA,NA,NA,NA,NA,NA,FALSE,NA,NA,NA,NA,NA,NA,NA,NA,NA,NA,NA,NA,NA,FALSE,FALSE,FALSE,NA,NA,NA,NA,NA,NA,NA,FALSE,NA,NA,NA,NA,NA,NA,NA,NA,FALSE,FALSE,FALSE,NA,NA,NA,FALSE,FALSE,FALSE,FALSE,FALSE,FALSE,NA,NA,NA,FALSE,FALSE,FALSE,FALSE,FALSE,NA
1728,NA,NA,NA,NA,NA,NA,NA,NA,NA,NA,1.189,NA,NA,NA,NA,NA,NA,NA,NA,NA,NA,0.268,NA,NA,NA,NA,NA,NA,NA,NA,NA,NA,NA,NA,NA,0.808,0.558,1.3,NA,NA,NA,NA,NA,NA,NA,1.044,NA,NA,NA,NA,NA,NA,NA,NA,1.18,1.585,1.399,NA,NA,NA,1.09,0.858,1.55,0.614,0.477,0.512,NA,NA,NA,0.546,0.676,0.681,0.854,0.655,NA,NA,NA,NA,NA,NA,NA,NA,NA,NA,NA,FALSE,NA,NA,NA,NA,NA,NA,NA,NA,NA,NA,FALSE,NA,NA,NA,NA,NA,NA,NA,NA,NA,NA,NA,NA,NA,FALSE,FALSE,FALSE,NA,NA,NA,NA,NA,NA,NA,FALSE,NA,NA,NA,NA,NA,NA,NA,NA,FALSE,FALSE,FALSE,NA,NA,NA,FALSE,FALSE,FALSE,FALSE,FALSE,FALSE,NA,NA,NA,FALSE,FALSE,FALSE,FALSE,FALSE,NA
1729,NA,NA,NA,NA,NA,NA,NA,NA,NA,NA,0.851,NA,NA,NA,NA,NA,NA,NA,NA,NA,NA,0.503,NA,NA,NA,NA,NA,NA,NA,NA,NA,NA,NA,NA,NA,0.453,0.494,0.67,NA,NA,NA,NA,NA,NA,NA,0.681,NA,NA,NA,NA,NA,NA,NA,NA,0.628,0.793,0.731,NA,NA,NA,0.697,0.605,0.857,0.365,0.387,0.322,NA,NA,NA,0.405,0.501,0.477,0.616,0.409,NA,NA,NA,NA,NA,NA,NA,NA,NA,NA,NA,FALSE,NA,NA,NA,NA,NA,NA,NA,NA,NA,NA,FALSE,NA,NA,NA,NA,NA,NA,NA,NA,NA,NA,NA,NA,NA,FALSE,FALSE,FALSE,NA,NA,NA,NA,NA,NA,NA,FALSE,NA,NA,NA,NA,NA,NA,NA,NA,FALSE,FALSE,FALSE,NA,NA,NA,FALSE,FALSE,FALSE,FALSE,FALSE,FALSE,NA,NA,NA,FALSE,FALSE,FALSE,FALSE,FALSE,NA
1730,NA,NA,NA,NA,NA,NA,NA,NA,NA,NA,1.052,NA,NA,NA,NA,NA,NA,NA,NA,NA,NA,1.061,NA,NA,NA,NA,NA,NA,NA,NA,NA,NA,NA,NA,NA,0.982,1.602,1.253,NA,NA,NA,NA,NA,NA,NA,0.827,NA,NA,NA,NA,NA,NA,NA,NA,1.279,1.416,1.538,NA,NA,NA,0.858,0.804,1.276,0.495,0.418,0.627,NA,NA,1.687,0.75,0.96,0.594,0.71,0.511,NA,NA,NA,NA,NA,NA,NA,NA,NA,NA,NA,FALSE,NA,NA,NA,NA,NA,NA,NA,NA,NA,NA,FALSE,NA,NA,NA,NA,NA,NA,NA,NA,NA,NA,NA,NA,NA,FALSE,FALSE,FALSE,NA,NA,NA,NA,NA,NA,NA,FALSE,NA,NA,NA,NA,NA,NA,NA,NA,FALSE,FALSE,FALSE,NA,NA,NA,FALSE,FALSE,FALSE,FALSE,FALSE,FALSE,NA,NA,FALSE,FALSE,FALSE,FALSE,FALSE,FALSE,NA
1731,NA,NA,NA,NA,NA,NA,NA,NA,NA,NA,0.905,NA,NA,NA,NA,NA,NA,NA,NA,NA,NA,1.34,NA,NA,NA,NA,NA,NA,NA,NA,NA,NA,NA,NA,NA,0.911,1.495,1.743,NA,NA,NA,NA,NA,NA,NA,1.108,NA,NA,NA,NA,NA,NA,NA,NA,1.005,1.086,0.684,NA,NA,NA,0.734,0.6,1.303,0.453,0.732,0.696,NA,NA,1.821,0.542,1.281,0.981,0.998,0.611,NA,NA,NA,NA,NA,NA,NA,NA,NA,NA,NA,FALSE,NA,NA,NA,NA,NA,NA,NA,NA,NA,NA,FALSE,NA,NA,NA,NA,NA,NA,NA,NA,NA,NA,NA,NA,NA,FALSE,FALSE,FALSE,NA,NA,NA,NA,NA,NA,NA,FALSE,NA,NA,NA,NA,NA,NA,NA,NA,FALSE,FALSE,FALSE,NA,NA,NA,FALSE,FALSE,FALSE,FALSE,FALSE,FALSE,NA,NA,FALSE,FALSE,FALSE,FALSE,FALSE,FALSE,NA
1732,NA,NA,NA,NA,NA,NA,NA,NA,NA,NA,1.007,NA,NA,NA,NA,NA,NA,NA,NA,NA,NA,0.521,NA,NA,NA,NA,NA,NA,NA,NA,NA,NA,NA,NA,NA,0.833,1.929,1.999,NA,NA,NA,NA,NA,NA,NA,0.569,NA,NA,NA,NA,NA,NA,NA,NA,1.507,2.043,1.392,NA,NA,NA,1.132,0.982,1.759,0.749,0.957,0.671,NA,NA,1.781,0.908,1.454,1.018,0.784,0.882,NA,NA,NA,NA,NA,NA,NA,NA,NA,NA,NA,FALSE,NA,NA,NA,NA,NA,NA,NA,NA,NA,NA,FALSE,NA,NA,NA,NA,NA,NA,NA,NA,NA,NA,NA,NA,NA,FALSE,FALSE,FALSE,NA,NA,NA,NA,NA,NA,NA,FALSE,NA,NA,NA,NA,NA,NA,NA,NA,FALSE,FALSE,FALSE,NA,NA,NA,FALSE,FALSE,FALSE,FALSE,FALSE,FALSE,NA,NA,FALSE,FALSE,FALSE,FALSE,FALSE,FALSE,NA
1733,NA,NA,NA,NA,NA,NA,NA,NA,NA,NA,0.884,NA,NA,NA,NA,NA,NA,NA,NA,NA,NA,0.753,NA,NA,NA,NA,NA,NA,NA,NA,NA,NA,NA,NA,NA,0.578,0.698,0.732,NA,NA,NA,NA,NA,NA,NA,0.522,NA,NA,NA,NA,NA,NA,NA,NA,1.048,1.01,0.716,NA,NA,NA,0.666,0.835,0.941,0.365,0.386,0.435,NA,NA,0.618,0.44,0.861,0.559,0.62,0.451,NA,NA,NA,NA,NA,NA,NA,NA,NA,NA,NA,FALSE,NA,NA,NA,NA,NA,NA,NA,NA,NA,NA,FALSE,NA,NA,NA,NA,NA,NA,NA,NA,NA,NA,NA,NA,NA,FALSE,FALSE,FALSE,NA,NA,NA,NA,NA,NA,NA,FALSE,NA,NA,NA,NA,NA,NA,NA,NA,FALSE,FALSE,FALSE,NA,NA,NA,FALSE,FALSE,FALSE,FALSE,FALSE,FALSE,NA,NA,FALSE,FALSE,FALSE,FALSE,FALSE,FALSE,NA
1734,NA,NA,NA,NA,NA,NA,NA,NA,NA,NA,0.899,NA,NA,NA,NA,NA,NA,NA,NA,NA,NA,0.843,NA,NA,NA,NA,NA,NA,NA,NA,NA,NA,NA,NA,NA,1.037,1.434,1.074,NA,NA,NA,NA,NA,NA,NA,0.784,NA,NA,NA,NA,NA,NA,NA,NA,0.809,1.274,0.83,NA,NA,NA,0.748,1.027,0.799,0.645,0.756,0.556,NA,NA,1.155,0.682,0.87,0.497,0.791,0.666,NA,NA,NA,NA,NA,NA,NA,NA,NA,NA,NA,FALSE,NA,NA,NA,NA,NA,NA,NA,NA,NA,NA,FALSE,NA,NA,NA,NA,NA,NA,NA,NA,NA,NA,NA,NA,NA,FALSE,FALSE,FALSE,NA,NA,NA,NA,NA,NA,NA,FALSE,NA,NA,NA,NA,NA,NA,NA,NA,FALSE,FALSE,FALSE,NA,NA,NA,FALSE,FALSE,FALSE,FALSE,FALSE,FALSE,NA,NA,FALSE,FALSE,FALSE,FALSE,FALSE,FALSE,NA
1735,NA,NA,NA,NA,NA,NA,NA,NA,NA,NA,0.842,NA,NA,NA,NA,NA,NA,NA,NA,NA,NA,0.218,NA,NA,NA,NA,NA,NA,NA,NA,NA,NA,NA,NA,NA,0.688,0.647,1.326,NA,NA,NA,NA,NA,NA,NA,0.991,NA,NA,NA,NA,NA,NA,NA,NA,1.02,1.198,1.035,NA,NA,NA,0.866,0.59,0.548,0.308,0.484,0.503,NA,NA,1.257,0.341,1.077,0.524,0.845,0.591,NA,NA,NA,NA,NA,NA,NA,NA,NA,NA,NA,FALSE,NA,NA,NA,NA,NA,NA,NA,NA,NA,NA,FALSE,NA,NA,NA,NA,NA,NA,NA,NA,NA,NA,NA,NA,NA,FALSE,FALSE,FALSE,NA,NA,NA,NA,NA,NA,NA,FALSE,NA,NA,NA,NA,NA,NA,NA,NA,FALSE,FALSE,FALSE,NA,NA,NA,FALSE,FALSE,FALSE,FALSE,FALSE,FALSE,NA,NA,FALSE,FALSE,FALSE,FALSE,FALSE,FALSE,NA
1736,NA,NA,NA,NA,NA,NA,NA,NA,NA,NA,0.807,NA,NA,NA,NA,NA,NA,NA,NA,NA,NA,0.178,NA,NA,NA,NA,NA,NA,NA,NA,NA,NA,NA,NA,NA,0.474,0.45,0.613,NA,NA,NA,NA,NA,NA,NA,0.881,NA,NA,NA,NA,NA,NA,NA,NA,0.63,0.815,0.621,NA,NA,NA,0.552,0.67,0.411,0.16,0.195,0.335,NA,NA,0.594,0.19,1.074,0.41,0.82,0.357,NA,NA,NA,NA,NA,NA,NA,NA,NA,NA,NA,FALSE,NA,NA,NA,NA,NA,NA,NA,NA,NA,NA,FALSE,NA,NA,NA,NA,NA,NA,NA,NA,NA,NA,NA,NA,NA,FALSE,FALSE,FALSE,NA,NA,NA,NA,NA,NA,NA,FALSE,NA,NA,NA,NA,NA,NA,NA,NA,FALSE,FALSE,FALSE,NA,NA,NA,FALSE,FALSE,FALSE,FALSE,FALSE,FALSE,NA,NA,FALSE,FALSE,FALSE,FALSE,FALSE,FALSE,NA
1737,NA,NA,NA,NA,NA,NA,NA,NA,NA,NA,0.722,NA,NA,NA,NA,NA,NA,NA,NA,NA,NA,0.163,NA,NA,NA,NA,NA,NA,NA,NA,NA,NA,NA,NA,NA,0.505,0.41,0.58,NA,NA,NA,NA,NA,NA,NA,1.104,NA,NA,NA,NA,NA,NA,NA,NA,1.08,1.143,0.908,NA,NA,NA,0.619,0.671,0.334,0.187,0.195,0.218,NA,NA,0.398,0.261,0.638,0.428,0.42,0.322,NA,NA,NA,NA,NA,NA,NA,NA,NA,NA,NA,FALSE,NA,NA,NA,NA,NA,NA,NA,NA,NA,NA,FALSE,NA,NA,NA,NA,NA,NA,NA,NA,NA,NA,NA,NA,NA,FALSE,FALSE,FALSE,NA,NA,NA,NA,NA,NA,NA,FALSE,NA,NA,NA,NA,NA,NA,NA,NA,FALSE,FALSE,FALSE,NA,NA,NA,FALSE,FALSE,FALSE,FALSE,FALSE,FALSE,NA,NA,FALSE,FALSE,FALSE,FALSE,FALSE,FALSE,NA
1738,NA,NA,NA,NA,NA,NA,NA,NA,NA,NA,0.884,NA,NA,NA,NA,NA,NA,NA,NA,NA,NA,0.627,NA,NA,NA,NA,NA,NA,NA,NA,NA,NA,NA,NA,NA,1.321,1.43,1.777,NA,NA,NA,NA,NA,NA,NA,1.631,NA,NA,NA,NA,NA,NA,NA,NA,1.832,2.091,1.537,NA,NA,NA,1.574,1.359,1.26,0.815,0.853,0.823,NA,NA,1.556,0.444,1.531,0.681,1.788,0.7,NA,NA,NA,NA,NA,NA,NA,NA,NA,NA,NA,FALSE,NA,NA,NA,NA,NA,NA,NA,NA,NA,NA,FALSE,NA,NA,NA,NA,NA,NA,NA,NA,NA,NA,NA,NA,NA,FALSE,FALSE,FALSE,NA,NA,NA,NA,NA,NA,NA,FALSE,NA,NA,NA,NA,NA,NA,NA,NA,FALSE,FALSE,FALSE,NA,NA,NA,FALSE,FALSE,FALSE,FALSE,FALSE,FALSE,NA,NA,FALSE,FALSE,FALSE,FALSE,FALSE,FALSE,NA
1739,NA,NA,NA,NA,NA,NA,NA,NA,NA,NA,1.476,NA,NA,NA,NA,NA,NA,NA,NA,NA,NA,0.764,NA,NA,NA,NA,NA,NA,NA,NA,NA,NA,NA,NA,NA,1.386,1.511,1.609,NA,NA,NA,NA,NA,NA,NA,2.583,NA,NA,NA,NA,NA,NA,NA,NA,1.848,1.858,1.348,NA,NA,NA,1.415,2.769,1.956,1.514,1.952,1.024,NA,NA,2.172,1.021,1.938,1.401,1.404,0.8,NA,NA,NA,NA,NA,NA,NA,NA,NA,NA,NA,FALSE,NA,NA,NA,NA,NA,NA,NA,NA,NA,NA,FALSE,NA,NA,NA,NA,NA,NA,NA,NA,NA,NA,NA,NA,NA,FALSE,FALSE,FALSE,NA,NA,NA,NA,NA,NA,NA,TRUE,NA,NA,NA,NA,NA,NA,NA,NA,FALSE,FALSE,FALSE,NA,NA,NA,FALSE,FALSE,FALSE,FALSE,FALSE,FALSE,NA,NA,FALSE,FALSE,FALSE,FALSE,FALSE,FALSE,NA
1740,NA,NA,NA,NA,NA,NA,NA,NA,NA,NA,1.913,NA,NA,NA,NA,NA,NA,NA,NA,NA,NA,1.166,NA,NA,NA,NA,NA,NA,NA,NA,NA,NA,NA,NA,NA,1.47,1.761,2.703,NA,NA,NA,NA,NA,NA,NA,1.548,NA,NA,NA,NA,NA,NA,NA,NA,2.397,2.347,2.494,NA,NA,NA,1.802,1.975,2.143,1.233,1.548,1.017,NA,NA,2.423,0.731,1.128,0.96,1.487,0.762,NA,NA,NA,NA,NA,NA,NA,NA,NA,NA,NA,FALSE,NA,NA,NA,NA,NA,NA,NA,NA,NA,NA,FALSE,NA,NA,NA,NA,NA,NA,NA,NA,NA,NA,NA,NA,NA,FALSE,FALSE,TRUE,NA,NA,NA,NA,NA,NA,NA,FALSE,NA,NA,NA,NA,NA,NA,NA,NA,FALSE,FALSE,FALSE,NA,NA,NA,FALSE,FALSE,FALSE,FALSE,FALSE,FALSE,NA,NA,FALSE,FALSE,FALSE,FALSE,FALSE,FALSE,NA
1741,NA,NA,NA,NA,NA,NA,NA,NA,NA,NA,1.287,NA,NA,NA,NA,NA,NA,NA,NA,NA,NA,0.825,NA,NA,NA,NA,NA,NA,NA,NA,NA,NA,NA,NA,NA,1.063,1.139,1.113,NA,NA,NA,NA,NA,NA,NA,1.124,NA,NA,NA,NA,NA,NA,NA,NA,1.511,1.377,1.411,NA,NA,NA,1.136,0.957,1.272,0.72,0.7,0.775,NA,NA,1.707,0.494,0.705,0.836,0.841,NA,NA,NA,NA,NA,NA,NA,NA,NA,NA,NA,NA,FALSE,NA,NA,NA,NA,NA,NA,NA,NA,NA,NA,FALSE,NA,NA,NA,NA,NA,NA,NA,NA,NA,NA,NA,NA,NA,FALSE,FALSE,FALSE,NA,NA,NA,NA,NA,NA,NA,FALSE,NA,NA,NA,NA,NA,NA,NA,NA,FALSE,FALSE,FALSE,NA,NA,NA,FALSE,FALSE,FALSE,FALSE,FALSE,FALSE,NA,NA,FALSE,FALSE,FALSE,FALSE,FALSE,NA,NA
1742,NA,NA,NA,NA,NA,NA,NA,NA,NA,NA,1.15,NA,NA,NA,NA,NA,NA,NA,NA,NA,NA,1.586,NA,NA,NA,NA,NA,NA,NA,NA,NA,NA,NA,NA,NA,1.292,1.47,1.494,NA,NA,NA,NA,NA,NA,NA,1.299,NA,NA,NA,NA,NA,NA,NA,NA,1.654,1.954,1.606,NA,NA,NA,1.687,1.149,1.703,0.937,1.145,0.863,NA,NA,1.86,0.613,0.948,0.732,1.197,NA,NA,NA,NA,NA,NA,NA,NA,NA,NA,NA,NA,FALSE,NA,NA,NA,NA,NA,NA,NA,NA,NA,NA,FALSE,NA,NA,NA,NA,NA,NA,NA,NA,NA,NA,NA,NA,NA,FALSE,FALSE,FALSE,NA,NA,NA,NA,NA,NA,NA,FALSE,NA,NA,NA,NA,NA,NA,NA,NA,FALSE,FALSE,FALSE,NA,NA,NA,FALSE,FALSE,FALSE,FALSE,FALSE,FALSE,NA,NA,FALSE,FALSE,FALSE,FALSE,FALSE,NA,NA
1743,NA,NA,NA,NA,NA,NA,NA,NA,NA,NA,1.326,NA,NA,NA,NA,NA,NA,NA,1.148,NA,NA,1.433,NA,NA,NA,NA,NA,NA,NA,NA,NA,NA,NA,NA,NA,1.314,2.106,1.826,NA,NA,NA,NA,NA,NA,2.691,1.354,NA,NA,NA,NA,NA,NA,NA,NA,1.815,1.473,1.675,NA,NA,NA,1.591,1.183,1.418,1.18,1.284,0.667,NA,NA,2.986,1.095,0.992,1.287,1.264,NA,NA,NA,NA,NA,NA,NA,NA,NA,NA,NA,NA,FALSE,NA,NA,NA,NA,NA,NA,NA,FALSE,NA,NA,FALSE,NA,NA,NA,NA,NA,NA,NA,NA,NA,NA,NA,NA,NA,FALSE,TRUE,FALSE,NA,NA,NA,NA,NA,NA,TRUE,FALSE,NA,NA,NA,NA,NA,NA,NA,NA,FALSE,FALSE,FALSE,NA,NA,NA,FALSE,FALSE,FALSE,FALSE,FALSE,FALSE,NA,NA,FALSE,FALSE,FALSE,FALSE,FALSE,NA,NA
1744,NA,NA,NA,NA,NA,NA,NA,NA,NA,NA,0.989,NA,NA,NA,NA,NA,NA,NA,0.925,NA,NA,1.293,NA,NA,NA,NA,NA,NA,NA,NA,NA,NA,NA,NA,NA,0.82,1.667,1.737,NA,NA,NA,NA,NA,NA,1.623,1.347,NA,NA,NA,NA,NA,NA,NA,NA,1.796,1.371,1.527,NA,NA,NA,1.32,0.952,1.303,0.611,0.55,0.446,NA,NA,2.923,1.035,0.685,1.203,0.73,NA,NA,NA,NA,NA,NA,NA,NA,NA,NA,NA,NA,FALSE,NA,NA,NA,NA,NA,NA,NA,FALSE,NA,NA,FALSE,NA,NA,NA,NA,NA,NA,NA,NA,NA,NA,NA,NA,NA,FALSE,FALSE,FALSE,NA,NA,NA,NA,NA,NA,FALSE,FALSE,NA,NA,NA,NA,NA,NA,NA,NA,FALSE,FALSE,FALSE,NA,NA,NA,FALSE,FALSE,FALSE,FALSE,FALSE,FALSE,NA,NA,FALSE,FALSE,FALSE,FALSE,FALSE,NA,NA
1745,NA,NA,NA,NA,NA,NA,NA,NA,NA,NA,1.458,NA,NA,NA,NA,NA,NA,NA,1.403,NA,NA,0.985,NA,NA,NA,NA,NA,NA,NA,NA,NA,NA,NA,NA,NA,0.831,1.722,1.391,NA,NA,NA,NA,NA,NA,2.419,1.99,NA,NA,NA,NA,NA,NA,NA,NA,1.208,0.945,1.248,NA,NA,NA,1.073,1.016,1.5,1.228,1.277,0.428,NA,NA,3.097,1.139,0.917,1.137,1.893,NA,NA,NA,NA,NA,NA,NA,NA,NA,NA,NA,NA,FALSE,NA,NA,NA,NA,NA,NA,NA,FALSE,NA,NA,FALSE,NA,NA,NA,NA,NA,NA,NA,NA,NA,NA,NA,NA,NA,FALSE,FALSE,FALSE,NA,NA,NA,NA,NA,NA,TRUE,TRUE,NA,NA,NA,NA,NA,NA,NA,NA,FALSE,FALSE,FALSE,NA,NA,NA,FALSE,FALSE,FALSE,FALSE,FALSE,FALSE,NA,NA,FALSE,FALSE,FALSE,FALSE,FALSE,NA,NA
1746,NA,NA,NA,NA,NA,NA,NA,NA,NA,NA,2.135,NA,NA,NA,NA,NA,NA,NA,1.787,NA,NA,1.574,NA,NA,NA,NA,NA,NA,NA,NA,NA,NA,NA,NA,NA,1.267,2.675,2.657,NA,NA,NA,NA,NA,NA,2.435,2.072,NA,NA,NA,NA,NA,NA,NA,NA,2.488,1.945,2.31,NA,NA,NA,1.634,1.293,1.721,1.769,1.726,0.816,NA,NA,3.386,1.409,0.996,1.18,1.359,NA,NA,NA,NA,NA,NA,NA,NA,NA,NA,NA,NA,FALSE,NA,NA,NA,NA,NA,NA,NA,TRUE,NA,NA,FALSE,NA,NA,NA,NA,NA,NA,NA,NA,NA,NA,NA,NA,NA,FALSE,TRUE,TRUE,NA,NA,NA,NA,NA,NA,TRUE,TRUE,NA,NA,NA,NA,NA,NA,NA,NA,FALSE,FALSE,FALSE,NA,NA,NA,FALSE,FALSE,FALSE,TRUE,FALSE,FALSE,NA,NA,TRUE,FALSE,FALSE,FALSE,FALSE,NA,NA
1747,NA,NA,NA,NA,NA,NA,NA,NA,NA,NA,1.451,NA,NA,NA,NA,NA,NA,NA,1.099,NA,NA,1.192,NA,NA,NA,NA,NA,NA,NA,NA,NA,NA,NA,NA,NA,0.899,1.763,2.133,NA,NA,NA,NA,NA,NA,1.581,1.241,NA,NA,NA,NA,NA,NA,NA,NA,1.632,1.836,1.376,NA,NA,NA,1.472,1.29,1.626,0.772,1.014,0.638,NA,NA,1.863,0.703,0.698,1.114,1.198,NA,NA,NA,NA,NA,NA,NA,NA,NA,NA,NA,NA,FALSE,NA,NA,NA,NA,NA,NA,NA,FALSE,NA,NA,FALSE,NA,NA,NA,NA,NA,NA,NA,NA,NA,NA,NA,NA,NA,FALSE,FALSE,FALSE,NA,NA,NA,NA,NA,NA,FALSE,FALSE,NA,NA,NA,NA,NA,NA,NA,NA,FALSE,FALSE,FALSE,NA,NA,NA,FALSE,FALSE,FALSE,FALSE,FALSE,FALSE,NA,NA,FALSE,FALSE,FALSE,FALSE,FALSE,NA,NA
1748,NA,NA,NA,NA,NA,NA,NA,NA,NA,NA,1.211,NA,NA,NA,NA,NA,NA,NA,0.5,NA,NA,0.576,NA,NA,NA,NA,NA,NA,NA,NA,NA,NA,NA,NA,NA,0.67,0.828,0.944,NA,NA,NA,NA,NA,NA,0.727,0.696,NA,NA,NA,NA,NA,NA,NA,NA,1.377,1.268,1.176,NA,NA,NA,1.069,1.073,0.859,0.514,0.605,0.719,NA,NA,1.097,0.434,0.515,0.688,0.805,NA,NA,NA,NA,NA,NA,NA,NA,NA,NA,NA,NA,FALSE,NA,NA,NA,NA,NA,NA,NA,FALSE,NA,NA,FALSE,NA,NA,NA,NA,NA,NA,NA,NA,NA,NA,NA,NA,NA,FALSE,FALSE,FALSE,NA,NA,NA,NA,NA,NA,FALSE,FALSE,NA,NA,NA,NA,NA,NA,NA,NA,FALSE,FALSE,FALSE,NA,NA,NA,FALSE,FALSE,FALSE,FALSE,FALSE,FALSE,NA,NA,FALSE,FALSE,FALSE,FALSE,FALSE,NA,NA
1749,NA,NA,NA,NA,NA,NA,NA,NA,NA,NA,0.941,NA,NA,NA,NA,NA,NA,NA,1.348,NA,NA,0.87,NA,NA,NA,NA,NA,NA,NA,NA,NA,NA,NA,NA,NA,1.135,1.532,1.984,NA,NA,NA,NA,NA,NA,0.517,0.691,NA,NA,NA,NA,NA,NA,NA,NA,1.992,1.527,1.788,NA,NA,NA,1.291,0.95,1.263,0.792,0.867,0.778,NA,NA,1.652,0.452,0.737,0.625,0.938,NA,NA,NA,NA,NA,NA,NA,NA,NA,NA,NA,NA,FALSE,NA,NA,NA,NA,NA,NA,NA,FALSE,NA,NA,FALSE,NA,NA,NA,NA,NA,NA,NA,NA,NA,NA,NA,NA,NA,FALSE,FALSE,FALSE,NA,NA,NA,NA,NA,NA,FALSE,FALSE,NA,NA,NA,NA,NA,NA,NA,NA,FALSE,FALSE,FALSE,NA,NA,NA,FALSE,FALSE,FALSE,FALSE,FALSE,FALSE,NA,NA,FALSE,FALSE,FALSE,FALSE,FALSE,NA,NA
1750,NA,NA,NA,NA,NA,NA,NA,NA,NA,NA,1.332,NA,NA,NA,NA,NA,NA,NA,1.671,NA,NA,1.761,NA,NA,NA,NA,NA,NA,NA,NA,NA,NA,NA,NA,NA,1.127,1.826,2.28,NA,NA,NA,NA,NA,NA,1.133,0.97,NA,NA,NA,NA,NA,NA,NA,NA,2.25,2.319,2.063,NA,NA,NA,2.073,1.014,1.583,1.523,1.623,0.978,NA,NA,2.176,0.757,0.926,0.846,1.252,NA,NA,NA,NA,NA,NA,NA,NA,NA,NA,NA,NA,FALSE,NA,NA,NA,NA,NA,NA,NA,FALSE,NA,NA,TRUE,NA,NA,NA,NA,NA,NA,NA,NA,NA,NA,NA,NA,NA,FALSE,FALSE,FALSE,NA,NA,NA,NA,NA,NA,FALSE,FALSE,NA,NA,NA,NA,NA,NA,NA,NA,FALSE,FALSE,FALSE,NA,NA,NA,TRUE,FALSE,FALSE,FALSE,FALSE,FALSE,NA,NA,FALSE,FALSE,FALSE,FALSE,FALSE,NA,NA
1751,NA,NA,NA,NA,NA,NA,NA,NA,NA,NA,1.097,NA,NA,NA,NA,NA,NA,NA,1.408,NA,NA,0.783,NA,NA,NA,NA,NA,NA,NA,NA,NA,NA,NA,NA,NA,0.873,1.122,1.511,NA,NA,NA,NA,NA,NA,1.326,1.144,NA,NA,NA,NA,NA,NA,NA,NA,1.339,1.134,1.236,NA,NA,NA,0.994,0.796,0.856,0.687,0.744,0.718,NA,NA,1.657,0.695,0.701,0.978,0.906,NA,NA,NA,NA,NA,NA,NA,NA,NA,NA,NA,NA,FALSE,NA,NA,NA,NA,NA,NA,NA,FALSE,NA,NA,FALSE,NA,NA,NA,NA,NA,NA,NA,NA,NA,NA,NA,NA,NA,FALSE,FALSE,FALSE,NA,NA,NA,NA,NA,NA,FALSE,FALSE,NA,NA,NA,NA,NA,NA,NA,NA,FALSE,FALSE,FALSE,NA,NA,NA,FALSE,FALSE,FALSE,FALSE,FALSE,FALSE,NA,NA,FALSE,FALSE,FALSE,FALSE,FALSE,NA,NA
1752,NA,NA,NA,NA,NA,NA,NA,NA,NA,NA,1.02,NA,NA,NA,NA,NA,NA,NA,1.423,NA,NA,0.89,NA,NA,NA,NA,NA,NA,NA,NA,NA,NA,NA,NA,NA,0.916,0.864,1.188,NA,NA,NA,NA,NA,NA,1.897,1.201,NA,NA,NA,NA,NA,NA,NA,NA,1.539,1.244,1.211,NA,NA,NA,1.248,0.532,0.568,0.634,0.706,0.822,NA,NA,1.715,0.537,0.626,0.666,0.742,NA,NA,NA,NA,NA,NA,NA,NA,NA,NA,NA,NA,FALSE,NA,NA,NA,NA,NA,NA,NA,FALSE,NA,NA,FALSE,NA,NA,NA,NA,NA,NA,NA,NA,NA,NA,NA,NA,NA,FALSE,FALSE,FALSE,NA,NA,NA,NA,NA,NA,FALSE,FALSE,NA,NA,NA,NA,NA,NA,NA,NA,FALSE,FALSE,FALSE,NA,NA,NA,FALSE,FALSE,FALSE,FALSE,FALSE,FALSE,NA,NA,FALSE,FALSE,FALSE,FALSE,FALSE,NA,NA
1753,NA,NA,NA,NA,NA,NA,NA,NA,NA,NA,1.728,NA,NA,NA,NA,NA,NA,NA,1.909,NA,NA,1.251,NA,NA,NA,NA,NA,NA,NA,NA,NA,NA,NA,NA,NA,1.326,1.437,1.313,NA,NA,NA,NA,NA,NA,1.909,1.333,NA,NA,NA,NA,NA,NA,NA,NA,1.932,1.684,1.854,NA,NA,NA,1.812,0.664,1.555,0.902,0.815,0.73,NA,NA,2.09,0.723,0.917,0.944,1.177,NA,NA,NA,NA,NA,NA,NA,NA,NA,NA,NA,NA,FALSE,NA,NA,NA,NA,NA,NA,NA,TRUE,NA,NA,FALSE,NA,NA,NA,NA,NA,NA,NA,NA,NA,NA,NA,NA,NA,FALSE,FALSE,FALSE,NA,NA,NA,NA,NA,NA,FALSE,FALSE,NA,NA,NA,NA,NA,NA,NA,NA,FALSE,FALSE,FALSE,NA,NA,NA,FALSE,FALSE,FALSE,FALSE,FALSE,FALSE,NA,NA,FALSE,FALSE,FALSE,FALSE,FALSE,NA,NA
1754,NA,NA,NA,NA,NA,NA,NA,NA,NA,NA,1.368,NA,NA,NA,NA,NA,NA,NA,1.178,NA,NA,0.786,NA,NA,NA,NA,NA,NA,NA,NA,NA,NA,NA,NA,NA,0.678,0.505,0.661,NA,NA,NA,NA,NA,NA,1.494,1.435,NA,NA,NA,NA,NA,NA,NA,NA,0.934,1.012,1.022,NA,NA,NA,0.743,0.754,0.754,0.588,0.603,0.564,NA,NA,1.576,0.563,0.582,0.737,1.061,NA,NA,NA,NA,NA,NA,NA,NA,NA,NA,NA,NA,FALSE,NA,NA,NA,NA,NA,NA,NA,FALSE,NA,NA,FALSE,NA,NA,NA,NA,NA,NA,NA,NA,NA,NA,NA,NA,NA,FALSE,FALSE,FALSE,NA,NA,NA,NA,NA,NA,FALSE,FALSE,NA,NA,NA,NA,NA,NA,NA,NA,FALSE,FALSE,FALSE,NA,NA,NA,FALSE,FALSE,FALSE,FALSE,FALSE,FALSE,NA,NA,FALSE,FALSE,FALSE,FALSE,FALSE,NA,NA
1755,NA,NA,NA,NA,NA,NA,NA,NA,NA,NA,0.869,NA,NA,NA,NA,NA,NA,NA,0.499,NA,NA,0.409,NA,NA,NA,NA,NA,NA,NA,NA,NA,NA,NA,NA,NA,0.426,0.488,0.366,NA,NA,NA,NA,NA,NA,1.031,0.657,NA,NA,NA,NA,NA,NA,NA,NA,1.095,0.897,NA,NA,NA,NA,0.791,0.494,0.722,0.389,0.395,0.414,NA,NA,0.683,0.376,0.361,0.437,0.656,NA,NA,NA,NA,NA,NA,NA,NA,NA,NA,NA,NA,FALSE,NA,NA,NA,NA,NA,NA,NA,FALSE,NA,NA,FALSE,NA,NA,NA,NA,NA,NA,NA,NA,NA,NA,NA,NA,NA,FALSE,FALSE,FALSE,NA,NA,NA,NA,NA,NA,FALSE,FALSE,NA,NA,NA,NA,NA,NA,NA,NA,FALSE,FALSE,NA,NA,NA,NA,FALSE,FALSE,FALSE,FALSE,FALSE,FALSE,NA,NA,FALSE,FALSE,FALSE,FALSE,FALSE,NA,NA
1756,NA,NA,NA,NA,NA,NA,NA,NA,NA,NA,1.49,NA,NA,NA,NA,NA,NA,NA,0.893,NA,NA,0.33,NA,NA,NA,NA,NA,NA,NA,NA,NA,NA,NA,NA,NA,0.523,0.444,0.542,NA,NA,NA,NA,NA,NA,1.781,1.486,NA,NA,NA,NA,NA,NA,NA,NA,1.152,1.134,NA,NA,NA,NA,1.143,0.551,0.546,0.259,0.381,0.392,NA,NA,0.857,0.347,0.531,0.527,0.727,NA,NA,NA,NA,NA,NA,NA,NA,NA,NA,NA,NA,FALSE,NA,NA,NA,NA,NA,NA,NA,FALSE,NA,NA,FALSE,NA,NA,NA,NA,NA,NA,NA,NA,NA,NA,NA,NA,NA,FALSE,FALSE,FALSE,NA,NA,NA,NA,NA,NA,FALSE,FALSE,NA,NA,NA,NA,NA,NA,NA,NA,FALSE,FALSE,NA,NA,NA,NA,FALSE,FALSE,FALSE,FALSE,FALSE,FALSE,NA,NA,FALSE,FALSE,FALSE,FALSE,FALSE,NA,NA
1757,NA,NA,NA,NA,NA,NA,NA,NA,NA,NA,0.972,NA,NA,NA,NA,NA,NA,NA,1.045,NA,NA,0.398,NA,NA,NA,NA,NA,NA,NA,NA,NA,NA,NA,NA,NA,0.662,0.444,0.766,0.512,NA,NA,NA,NA,NA,0.766,0.895,NA,NA,NA,NA,NA,NA,NA,NA,0.706,0.922,NA,NA,NA,NA,1.293,0.621,0.434,0.26,0.289,0.42,NA,NA,0.965,0.456,0.636,0.625,0.624,NA,NA,NA,NA,NA,NA,NA,NA,NA,NA,NA,NA,FALSE,NA,NA,NA,NA,NA,NA,NA,FALSE,NA,NA,FALSE,NA,NA,NA,NA,NA,NA,NA,NA,NA,NA,NA,NA,NA,FALSE,FALSE,FALSE,FALSE,NA,NA,NA,NA,NA,FALSE,FALSE,NA,NA,NA,NA,NA,NA,NA,NA,FALSE,FALSE,NA,NA,NA,NA,FALSE,FALSE,FALSE,FALSE,FALSE,FALSE,NA,NA,FALSE,FALSE,FALSE,FALSE,FALSE,NA,NA
1758,NA,NA,NA,NA,NA,NA,NA,NA,NA,NA,0.923,NA,NA,NA,NA,NA,NA,NA,0.965,NA,NA,0.352,NA,NA,NA,NA,NA,NA,NA,NA,NA,NA,NA,NA,NA,0.687,0.541,0.619,0.513,NA,NA,NA,NA,NA,1.229,0.716,NA,NA,NA,NA,NA,NA,NA,NA,1.188,1.241,NA,NA,NA,NA,1.524,0.427,1.166,0.477,0.553,0.483,NA,NA,1.565,0.552,0.309,0.523,0.735,NA,NA,NA,NA,NA,NA,NA,NA,NA,NA,NA,NA,FALSE,NA,NA,NA,NA,NA,NA,NA,FALSE,NA,NA,FALSE,NA,NA,NA,NA,NA,NA,NA,NA,NA,NA,NA,NA,NA,FALSE,FALSE,FALSE,FALSE,NA,NA,NA,NA,NA,FALSE,FALSE,NA,NA,NA,NA,NA,NA,NA,NA,FALSE,FALSE,NA,NA,NA,NA,FALSE,FALSE,FALSE,FALSE,FALSE,FALSE,NA,NA,FALSE,FALSE,FALSE,FALSE,FALSE,NA,NA
1759,NA,NA,NA,NA,NA,NA,NA,NA,NA,NA,1.555,NA,NA,NA,NA,NA,NA,NA,1.083,NA,NA,0.49,NA,NA,NA,NA,NA,NA,NA,NA,NA,NA,NA,NA,NA,1.118,0.611,1.427,0.986,NA,NA,NA,NA,NA,1.537,1.351,NA,NA,NA,NA,NA,NA,NA,NA,1.522,0.918,NA,NA,NA,NA,1.716,1,1.124,0.706,0.83,0.618,NA,NA,2.252,0.714,0.756,1.006,1.128,NA,NA,NA,NA,NA,NA,NA,NA,NA,NA,NA,NA,FALSE,NA,NA,NA,NA,NA,NA,NA,FALSE,NA,NA,FALSE,NA,NA,NA,NA,NA,NA,NA,NA,NA,NA,NA,NA,NA,FALSE,FALSE,FALSE,FALSE,NA,NA,NA,NA,NA,FALSE,FALSE,NA,NA,NA,NA,NA,NA,NA,NA,FALSE,FALSE,NA,NA,NA,NA,FALSE,FALSE,FALSE,FALSE,FALSE,FALSE,NA,NA,FALSE,FALSE,FALSE,FALSE,FALSE,NA,NA
1760,NA,NA,NA,NA,NA,NA,NA,NA,NA,NA,1.86,NA,NA,NA,NA,NA,NA,NA,1.267,NA,NA,0.59,NA,NA,NA,NA,NA,NA,NA,NA,NA,NA,NA,NA,NA,0.798,0.557,0.876,0.859,NA,NA,NA,NA,NA,1.724,1.634,NA,NA,NA,NA,NA,NA,NA,NA,1.881,1.541,NA,NA,1.495,NA,1.629,1.197,1.205,0.929,1.063,0.608,NA,NA,1.875,0.621,0.482,0.712,1.189,NA,NA,NA,NA,NA,NA,NA,NA,NA,NA,NA,NA,FALSE,NA,NA,NA,NA,NA,NA,NA,FALSE,NA,NA,FALSE,NA,NA,NA,NA,NA,NA,NA,NA,NA,NA,NA,NA,NA,FALSE,FALSE,FALSE,FALSE,NA,NA,NA,NA,NA,FALSE,FALSE,NA,NA,NA,NA,NA,NA,NA,NA,FALSE,FALSE,NA,NA,FALSE,NA,FALSE,FALSE,FALSE,FALSE,FALSE,FALSE,NA,NA,FALSE,FALSE,FALSE,FALSE,FALSE,NA,NA
1761,NA,NA,NA,NA,NA,NA,NA,NA,NA,NA,1.817,NA,NA,NA,NA,NA,NA,NA,1.365,NA,NA,0.525,NA,NA,NA,NA,NA,NA,NA,NA,NA,NA,NA,NA,NA,0.935,0.529,0.78,0.726,NA,NA,NA,NA,NA,1.933,2.058,NA,NA,NA,NA,NA,NA,NA,NA,1.435,1.528,NA,NA,1.981,NA,1.762,0.8,0.978,0.75,0.929,0.654,NA,NA,1.151,0.514,0.557,0.83,0.933,NA,NA,NA,NA,NA,NA,NA,NA,NA,NA,NA,NA,FALSE,NA,NA,NA,NA,NA,NA,NA,FALSE,NA,NA,FALSE,NA,NA,NA,NA,NA,NA,NA,NA,NA,NA,NA,NA,NA,FALSE,FALSE,FALSE,FALSE,NA,NA,NA,NA,NA,FALSE,TRUE,NA,NA,NA,NA,NA,NA,NA,NA,FALSE,FALSE,NA,NA,FALSE,NA,FALSE,FALSE,FALSE,FALSE,FALSE,FALSE,NA,NA,FALSE,FALSE,FALSE,FALSE,FALSE,NA,NA
1762,NA,NA,NA,NA,NA,NA,NA,NA,NA,NA,1.556,NA,NA,NA,NA,NA,NA,NA,0.834,NA,NA,0.372,NA,NA,NA,NA,NA,NA,NA,NA,NA,NA,NA,NA,NA,0.835,0.388,0.693,0.576,NA,NA,NA,NA,NA,1.895,1.388,NA,NA,NA,NA,NA,NA,NA,NA,1.192,1.349,NA,NA,1.429,NA,1.176,0.894,0.699,0.84,0.882,0.58,NA,NA,0.667,0.498,0.462,0.819,1.348,NA,NA,NA,NA,NA,NA,NA,NA,NA,NA,NA,NA,FALSE,NA,NA,NA,NA,NA,NA,NA,FALSE,NA,NA,FALSE,NA,NA,NA,NA,NA,NA,NA,NA,NA,NA,NA,NA,NA,FALSE,FALSE,FALSE,FALSE,NA,NA,NA,NA,NA,FALSE,FALSE,NA,NA,NA,NA,NA,NA,NA,NA,FALSE,FALSE,NA,NA,FALSE,NA,FALSE,FALSE,FALSE,FALSE,FALSE,FALSE,NA,NA,FALSE,FALSE,FALSE,FALSE,FALSE,NA,NA
1763,NA,NA,NA,NA,NA,NA,NA,NA,NA,NA,2.071,NA,NA,NA,NA,NA,NA,NA,1.411,NA,NA,0.479,NA,NA,NA,NA,NA,NA,NA,NA,NA,NA,NA,NA,NA,0.958,0.498,1.254,0.764,NA,NA,NA,NA,NA,3.056,2.038,NA,NA,NA,NA,NA,NA,NA,NA,1.319,1.869,NA,NA,2.148,NA,1.243,0.808,0.756,0.899,0.782,0.6,NA,NA,1.061,0.486,0.486,0.938,1.087,NA,NA,NA,NA,NA,NA,NA,NA,NA,NA,NA,NA,FALSE,NA,NA,NA,NA,NA,NA,NA,FALSE,NA,NA,FALSE,NA,NA,NA,NA,NA,NA,NA,NA,NA,NA,NA,NA,NA,FALSE,FALSE,FALSE,FALSE,NA,NA,NA,NA,NA,TRUE,TRUE,NA,NA,NA,NA,NA,NA,NA,NA,FALSE,FALSE,NA,NA,FALSE,NA,FALSE,FALSE,FALSE,FALSE,FALSE,FALSE,NA,NA,FALSE,FALSE,FALSE,FALSE,FALSE,NA,NA
1764,NA,NA,NA,NA,NA,NA,NA,NA,NA,NA,1.867,NA,NA,NA,NA,NA,NA,NA,1.208,NA,NA,1.023,NA,NA,NA,NA,NA,NA,NA,NA,NA,NA,NA,NA,NA,1.094,0.561,1.297,0.603,NA,NA,NA,NA,NA,1.61,1.406,NA,NA,NA,NA,NA,NA,NA,NA,1.457,1.452,NA,NA,0.565,NA,1.176,0.62,1.001,1.361,1.33,0.591,NA,NA,1.397,0.802,0.764,0.916,1.578,NA,NA,NA,NA,NA,NA,NA,NA,NA,NA,NA,NA,FALSE,NA,NA,NA,NA,NA,NA,NA,FALSE,NA,NA,FALSE,NA,NA,NA,NA,NA,NA,NA,NA,NA,NA,NA,NA,NA,FALSE,FALSE,FALSE,FALSE,NA,NA,NA,NA,NA,FALSE,FALSE,NA,NA,NA,NA,NA,NA,NA,NA,FALSE,FALSE,NA,NA,FALSE,NA,FALSE,FALSE,FALSE,FALSE,FALSE,FALSE,NA,NA,FALSE,FALSE,FALSE,FALSE,FALSE,NA,NA
1765,NA,NA,NA,NA,NA,NA,NA,NA,NA,NA,0.372,NA,NA,NA,NA,NA,NA,NA,0.189,NA,NA,0.223,NA,NA,NA,NA,NA,NA,NA,NA,NA,NA,NA,NA,NA,0.215,0.161,0.285,0.313,0.333,NA,NA,NA,NA,0.635,0.489,NA,NA,NA,NA,NA,NA,NA,NA,0.632,0.688,NA,NA,0.295,NA,0.5,0.532,0.113,0.219,0.221,0.319,NA,NA,0.159,0.357,0.252,0.424,0.384,NA,NA,NA,NA,NA,NA,NA,NA,NA,NA,NA,NA,FALSE,NA,NA,NA,NA,NA,NA,NA,FALSE,NA,NA,FALSE,NA,NA,NA,NA,NA,NA,NA,NA,NA,NA,NA,NA,NA,FALSE,FALSE,FALSE,FALSE,FALSE,NA,NA,NA,NA,FALSE,FALSE,NA,NA,NA,NA,NA,NA,NA,NA,FALSE,FALSE,NA,NA,FALSE,NA,FALSE,FALSE,FALSE,FALSE,FALSE,FALSE,NA,NA,FALSE,FALSE,FALSE,FALSE,FALSE,NA,NA
1766,NA,NA,NA,NA,NA,NA,NA,NA,NA,NA,1.513,NA,NA,NA,NA,NA,NA,NA,0.924,NA,NA,0.807,NA,NA,NA,NA,NA,NA,NA,NA,NA,NA,NA,NA,NA,1.319,0.913,1.493,1.274,1.225,NA,NA,NA,NA,2.244,1.571,NA,NA,NA,NA,NA,NA,NA,NA,0.634,1.337,NA,NA,1.485,NA,0.943,1.02,0.985,1.055,1.299,0.513,NA,NA,1.594,0.578,0.805,0.776,2.231,NA,NA,NA,NA,NA,NA,NA,NA,NA,NA,NA,NA,FALSE,NA,NA,NA,NA,NA,NA,NA,FALSE,NA,NA,FALSE,NA,NA,NA,NA,NA,NA,NA,NA,NA,NA,NA,NA,NA,FALSE,FALSE,FALSE,FALSE,FALSE,NA,NA,NA,NA,TRUE,FALSE,NA,NA,NA,NA,NA,NA,NA,NA,FALSE,FALSE,NA,NA,FALSE,NA,FALSE,FALSE,FALSE,FALSE,FALSE,FALSE,NA,NA,FALSE,FALSE,FALSE,FALSE,FALSE,NA,NA
1767,NA,NA,NA,NA,NA,NA,NA,NA,NA,NA,1.093,NA,NA,NA,NA,NA,NA,NA,1.184,NA,NA,1.559,NA,NA,NA,NA,NA,NA,NA,NA,NA,NA,NA,NA,NA,1.19,1.098,1.491,1.172,1.282,NA,NA,NA,NA,1.795,1.499,NA,NA,NA,1.651,NA,NA,NA,NA,1.464,1.718,NA,NA,2.446,NA,1.42,1.431,1.791,1.268,1.326,1.034,NA,NA,1.81,0.875,1.101,1.015,2.031,NA,NA,NA,NA,NA,NA,NA,NA,NA,NA,NA,NA,FALSE,NA,NA,NA,NA,NA,NA,NA,FALSE,NA,NA,FALSE,NA,NA,NA,NA,NA,NA,NA,NA,NA,NA,NA,NA,NA,FALSE,FALSE,FALSE,FALSE,FALSE,NA,NA,NA,NA,FALSE,FALSE,NA,NA,NA,FALSE,NA,NA,NA,NA,FALSE,FALSE,NA,NA,FALSE,NA,FALSE,FALSE,FALSE,FALSE,FALSE,FALSE,NA,NA,FALSE,FALSE,FALSE,FALSE,FALSE,NA,NA
1768,NA,NA,NA,NA,NA,NA,NA,NA,NA,NA,0.815,NA,NA,NA,NA,NA,NA,NA,0.512,NA,NA,0.839,NA,NA,NA,NA,NA,NA,NA,NA,NA,NA,NA,NA,NA,0.996,0.83,0.902,0.944,1.267,NA,NA,NA,NA,1.38,0.973,NA,NA,NA,1.206,NA,NA,NA,NA,0.563,0.776,NA,NA,1.18,NA,0.821,0.88,0.797,0.941,1.18,0.714,NA,NA,2.069,0.589,0.708,0.757,2.052,NA,NA,NA,NA,NA,NA,NA,NA,NA,NA,NA,NA,FALSE,NA,NA,NA,NA,NA,NA,NA,FALSE,NA,NA,FALSE,NA,NA,NA,NA,NA,NA,NA,NA,NA,NA,NA,NA,NA,FALSE,FALSE,FALSE,FALSE,FALSE,NA,NA,NA,NA,FALSE,FALSE,NA,NA,NA,FALSE,NA,NA,NA,NA,FALSE,FALSE,NA,NA,FALSE,NA,FALSE,FALSE,FALSE,FALSE,FALSE,FALSE,NA,NA,FALSE,FALSE,FALSE,FALSE,FALSE,NA,NA
1769,NA,NA,NA,NA,NA,NA,NA,NA,NA,NA,1.741,NA,NA,NA,NA,NA,NA,NA,0.965,NA,NA,1.18,NA,NA,NA,NA,NA,NA,NA,NA,NA,NA,NA,NA,NA,1.212,1.875,1.229,0.838,0.984,NA,NA,NA,NA,1.64,1.2,NA,NA,NA,0.919,NA,NA,NA,NA,1.264,1.073,NA,NA,2.704,1.491,1.14,0.929,1.45,1.062,1.429,0.736,NA,NA,1.929,0.583,0.771,0.869,1.493,NA,NA,NA,NA,NA,NA,NA,NA,NA,NA,NA,NA,FALSE,NA,NA,NA,NA,NA,NA,NA,FALSE,NA,NA,FALSE,NA,NA,NA,NA,NA,NA,NA,NA,NA,NA,NA,NA,NA,FALSE,FALSE,FALSE,FALSE,FALSE,NA,NA,NA,NA,FALSE,FALSE,NA,NA,NA,FALSE,NA,NA,NA,NA,FALSE,FALSE,NA,NA,FALSE,FALSE,FALSE,FALSE,FALSE,FALSE,FALSE,FALSE,NA,NA,FALSE,FALSE,FALSE,FALSE,FALSE,NA,NA
1770,NA,NA,NA,NA,NA,NA,NA,NA,NA,NA,1.835,NA,NA,NA,NA,NA,NA,NA,0.663,NA,NA,0.49,NA,NA,NA,NA,NA,NA,NA,NA,NA,NA,NA,NA,NA,0.347,0.361,0.407,0.645,0.576,NA,NA,NA,NA,1.146,1.131,NA,NA,NA,0.446,NA,NA,NA,NA,0.918,0.775,NA,NA,1.088,0.702,0.915,1.085,0.475,0.457,0.584,0.447,NA,NA,0.686,0.476,0.368,0.445,0.764,NA,NA,NA,NA,NA,NA,NA,NA,NA,NA,NA,NA,FALSE,NA,NA,NA,NA,NA,NA,NA,FALSE,NA,NA,FALSE,NA,NA,NA,NA,NA,NA,NA,NA,NA,NA,NA,NA,NA,FALSE,FALSE,FALSE,FALSE,FALSE,NA,NA,NA,NA,FALSE,FALSE,NA,NA,NA,FALSE,NA,NA,NA,NA,FALSE,FALSE,NA,NA,FALSE,FALSE,FALSE,FALSE,FALSE,FALSE,FALSE,FALSE,NA,NA,FALSE,FALSE,FALSE,FALSE,FALSE,NA,NA
1771,NA,NA,NA,NA,NA,NA,NA,NA,NA,0.564,0.763,NA,NA,NA,NA,NA,NA,NA,0.732,NA,NA,0.624,NA,NA,NA,NA,NA,NA,NA,NA,NA,NA,NA,NA,NA,0.967,1.293,1.246,0.991,0.807,NA,NA,NA,NA,1.011,1.093,NA,NA,NA,0.946,NA,NA,NA,NA,0.792,0.85,NA,NA,2.067,1.49,0.37,0.737,0.776,0.739,0.793,0.517,NA,NA,1.503,0.429,0.748,0.857,1.561,NA,NA,NA,NA,NA,NA,NA,NA,NA,NA,NA,FALSE,FALSE,NA,NA,NA,NA,NA,NA,NA,FALSE,NA,NA,FALSE,NA,NA,NA,NA,NA,NA,NA,NA,NA,NA,NA,NA,NA,FALSE,FALSE,FALSE,FALSE,FALSE,NA,NA,NA,NA,FALSE,FALSE,NA,NA,NA,FALSE,NA,NA,NA,NA,FALSE,FALSE,NA,NA,FALSE,FALSE,FALSE,FALSE,FALSE,FALSE,FALSE,FALSE,NA,NA,FALSE,FALSE,FALSE,FALSE,FALSE,NA,NA
1772,NA,NA,NA,NA,NA,NA,NA,NA,NA,0.837,0.753,NA,NA,NA,NA,NA,NA,NA,0.939,NA,NA,1.035,NA,NA,NA,NA,NA,NA,NA,NA,NA,NA,NA,NA,NA,0.644,0.697,1.045,0.645,0.646,NA,NA,NA,NA,0.655,0.706,NA,NA,NA,1.192,NA,NA,NA,NA,0.893,0.733,NA,NA,0.647,0.379,0.751,0.674,0.635,0.455,0.663,0.545,NA,NA,0.856,0.449,0.562,0.555,0.992,NA,NA,NA,NA,NA,NA,NA,NA,NA,NA,NA,FALSE,FALSE,NA,NA,NA,NA,NA,NA,NA,FALSE,NA,NA,FALSE,NA,NA,NA,NA,NA,NA,NA,NA,NA,NA,NA,NA,NA,FALSE,FALSE,FALSE,FALSE,FALSE,NA,NA,NA,NA,FALSE,FALSE,NA,NA,NA,FALSE,NA,NA,NA,NA,FALSE,FALSE,NA,NA,FALSE,FALSE,FALSE,FALSE,FALSE,FALSE,FALSE,FALSE,NA,NA,FALSE,FALSE,FALSE,FALSE,FALSE,NA,NA
1773,NA,NA,NA,NA,NA,NA,NA,NA,NA,1.288,1.027,NA,NA,NA,NA,NA,NA,NA,1.267,NA,NA,0.658,NA,NA,NA,NA,NA,NA,NA,NA,NA,NA,NA,NA,NA,0.912,1.197,1.103,0.647,0.677,NA,NA,NA,NA,1.05,0.79,NA,NA,NA,1.409,NA,NA,NA,NA,1.401,1.282,NA,NA,2.341,2.114,0.799,1.009,0.744,0.833,0.976,0.686,NA,NA,1.067,0.787,0.612,0.711,1.253,NA,NA,NA,NA,NA,NA,NA,NA,NA,NA,NA,FALSE,FALSE,NA,NA,NA,NA,NA,NA,NA,FALSE,NA,NA,FALSE,NA,NA,NA,NA,NA,NA,NA,NA,NA,NA,NA,NA,NA,FALSE,FALSE,FALSE,FALSE,FALSE,NA,NA,NA,NA,FALSE,FALSE,NA,NA,NA,FALSE,NA,NA,NA,NA,FALSE,FALSE,NA,NA,FALSE,FALSE,FALSE,FALSE,FALSE,FALSE,FALSE,FALSE,NA,NA,FALSE,FALSE,FALSE,FALSE,FALSE,NA,NA
1774,NA,NA,NA,NA,NA,NA,NA,NA,NA,1.273,1.567,NA,NA,NA,NA,NA,NA,NA,1.165,NA,NA,0.744,NA,NA,NA,NA,NA,NA,NA,NA,NA,NA,NA,NA,NA,0.954,0.89,1.025,0.731,0.672,NA,NA,NA,NA,1.075,0.79,NA,NA,NA,1.266,NA,NA,NA,NA,1.175,1.306,NA,NA,1.491,1.748,0.846,0.973,0.853,0.868,1.1,0.638,NA,NA,0.958,0.758,0.62,0.734,1.425,NA,NA,NA,NA,NA,NA,NA,NA,NA,NA,NA,FALSE,FALSE,NA,NA,NA,NA,NA,NA,NA,FALSE,NA,NA,FALSE,NA,NA,NA,NA,NA,NA,NA,NA,NA,NA,NA,NA,NA,FALSE,FALSE,FALSE,FALSE,FALSE,NA,NA,NA,NA,FALSE,FALSE,NA,NA,NA,FALSE,NA,NA,NA,NA,FALSE,FALSE,NA,NA,FALSE,FALSE,FALSE,FALSE,FALSE,FALSE,FALSE,FALSE,NA,NA,FALSE,FALSE,FALSE,FALSE,FALSE,NA,NA
1775,NA,NA,NA,NA,NA,NA,NA,NA,NA,1.088,1.027,NA,NA,NA,NA,NA,NA,NA,0.716,NA,NA,0.617,NA,NA,NA,NA,NA,NA,NA,NA,NA,NA,NA,NA,NA,0.703,0.77,0.998,0.588,0.546,NA,NA,NA,NA,1.066,0.806,NA,NA,NA,1.097,NA,NA,NA,NA,0.981,0.802,NA,NA,1.159,1.433,0.774,0.594,0.502,0.856,1.083,0.655,NA,NA,0.957,0.576,0.43,0.605,0.796,NA,NA,NA,NA,NA,NA,NA,NA,NA,NA,NA,FALSE,FALSE,NA,NA,NA,NA,NA,NA,NA,FALSE,NA,NA,FALSE,NA,NA,NA,NA,NA,NA,NA,NA,NA,NA,NA,NA,NA,FALSE,FALSE,FALSE,FALSE,FALSE,NA,NA,NA,NA,FALSE,FALSE,NA,NA,NA,FALSE,NA,NA,NA,NA,FALSE,FALSE,NA,NA,FALSE,FALSE,FALSE,FALSE,FALSE,FALSE,FALSE,FALSE,NA,NA,FALSE,FALSE,FALSE,FALSE,FALSE,NA,NA
1776,NA,NA,NA,NA,NA,NA,NA,NA,NA,1.381,1.993,NA,NA,NA,NA,NA,NA,NA,0.847,NA,NA,0.548,NA,NA,NA,NA,NA,NA,NA,NA,NA,NA,NA,NA,NA,0.645,0.652,0.898,0.617,0.611,NA,NA,NA,NA,1.377,1.031,NA,NA,NA,1.097,NA,NA,NA,NA,0.842,1.137,NA,NA,1.682,1.277,1.267,1.045,0.315,0.357,0.454,0.577,NA,NA,0.694,0.471,0.445,0.521,1.371,NA,NA,NA,NA,NA,NA,NA,NA,NA,NA,NA,FALSE,FALSE,NA,NA,NA,NA,NA,NA,NA,FALSE,NA,NA,FALSE,NA,NA,NA,NA,NA,NA,NA,NA,NA,NA,NA,NA,NA,FALSE,FALSE,FALSE,FALSE,FALSE,NA,NA,NA,NA,FALSE,FALSE,NA,NA,NA,FALSE,NA,NA,NA,NA,FALSE,FALSE,NA,NA,FALSE,FALSE,FALSE,FALSE,FALSE,FALSE,FALSE,FALSE,NA,NA,FALSE,FALSE,FALSE,FALSE,FALSE,NA,NA
1777,NA,NA,NA,NA,NA,NA,NA,NA,NA,0.815,1.573,NA,NA,NA,NA,NA,NA,NA,0.298,NA,NA,0.202,NA,NA,NA,NA,NA,NA,NA,NA,NA,NA,NA,NA,NA,0.267,0.441,0.469,0.373,0.303,NA,NA,NA,NA,0.721,0.673,NA,NA,NA,0.675,NA,NA,NA,NA,0.606,0.761,NA,NA,0.64,0.383,1.083,0.563,0.298,0.191,0.248,0.192,NA,NA,0.271,0.172,0.277,0.593,0.618,NA,NA,NA,NA,NA,NA,NA,NA,NA,NA,NA,FALSE,FALSE,NA,NA,NA,NA,NA,NA,NA,FALSE,NA,NA,FALSE,NA,NA,NA,NA,NA,NA,NA,NA,NA,NA,NA,NA,NA,FALSE,FALSE,FALSE,FALSE,FALSE,NA,NA,NA,NA,FALSE,FALSE,NA,NA,NA,FALSE,NA,NA,NA,NA,FALSE,FALSE,NA,NA,FALSE,FALSE,FALSE,FALSE,FALSE,FALSE,FALSE,FALSE,NA,NA,FALSE,FALSE,FALSE,FALSE,FALSE,NA,NA
1778,NA,NA,NA,NA,NA,NA,NA,NA,NA,0.786,2.119,NA,NA,NA,NA,NA,NA,NA,0.783,NA,NA,0.279,NA,NA,NA,NA,NA,NA,NA,NA,NA,NA,NA,NA,NA,0.514,0.77,0.604,0.619,0.57,NA,NA,NA,NA,0.856,0.963,NA,NA,NA,0.571,NA,NA,NA,NA,0.876,1.113,NA,NA,0.961,0.83,1.254,0.985,0.479,0.524,0.705,0.428,NA,NA,0.578,0.361,0.534,0.502,0.465,NA,NA,NA,NA,NA,NA,NA,NA,NA,NA,NA,FALSE,FALSE,NA,NA,NA,NA,NA,NA,NA,FALSE,NA,NA,FALSE,NA,NA,NA,NA,NA,NA,NA,NA,NA,NA,NA,NA,NA,FALSE,FALSE,FALSE,FALSE,FALSE,NA,NA,NA,NA,FALSE,FALSE,NA,NA,NA,FALSE,NA,NA,NA,NA,FALSE,FALSE,NA,NA,FALSE,FALSE,FALSE,FALSE,FALSE,FALSE,FALSE,FALSE,NA,NA,FALSE,FALSE,FALSE,FALSE,FALSE,NA,NA
1779,NA,NA,NA,NA,NA,NA,NA,NA,NA,1.789,2.93,NA,NA,NA,NA,NA,NA,NA,1.091,NA,NA,0.543,NA,NA,NA,NA,NA,NA,NA,NA,NA,NA,NA,NA,NA,0.705,1.169,0.888,0.641,0.675,NA,NA,NA,NA,1.09,1.416,NA,NA,NA,1.173,NA,NA,NA,NA,0.831,1.475,NA,NA,1.513,1.182,1.658,1.158,1.082,0.678,0.765,0.491,NA,NA,0.89,0.375,0.534,0.483,0.675,NA,NA,NA,NA,NA,NA,NA,NA,NA,NA,NA,FALSE,TRUE,NA,NA,NA,NA,NA,NA,NA,FALSE,NA,NA,FALSE,NA,NA,NA,NA,NA,NA,NA,NA,NA,NA,NA,NA,NA,FALSE,FALSE,FALSE,FALSE,FALSE,NA,NA,NA,NA,FALSE,FALSE,NA,NA,NA,FALSE,NA,NA,NA,NA,FALSE,FALSE,NA,NA,FALSE,FALSE,FALSE,FALSE,FALSE,FALSE,FALSE,FALSE,NA,NA,FALSE,FALSE,FALSE,FALSE,FALSE,NA,NA
1780,NA,NA,NA,NA,NA,NA,NA,NA,NA,1.451,1.553,NA,NA,NA,NA,NA,NA,NA,0.576,NA,NA,0.49,NA,NA,NA,NA,NA,NA,NA,NA,NA,NA,NA,NA,NA,0.591,0.744,0.793,0.588,0.67,NA,NA,NA,NA,0.729,0.686,NA,NA,NA,0.687,NA,NA,NA,NA,0.644,1.031,NA,NA,0.841,0.557,0.815,0.739,1.46,1.22,1.256,0.382,NA,1.254,0.72,0.531,0.528,0.576,0.641,NA,NA,NA,NA,NA,NA,NA,NA,NA,NA,NA,FALSE,FALSE,NA,NA,NA,NA,NA,NA,NA,FALSE,NA,NA,FALSE,NA,NA,NA,NA,NA,NA,NA,NA,NA,NA,NA,NA,NA,FALSE,FALSE,FALSE,FALSE,FALSE,NA,NA,NA,NA,FALSE,FALSE,NA,NA,NA,FALSE,NA,NA,NA,NA,FALSE,FALSE,NA,NA,FALSE,FALSE,FALSE,FALSE,FALSE,FALSE,FALSE,FALSE,NA,FALSE,FALSE,FALSE,FALSE,FALSE,FALSE,NA,NA
1781,NA,NA,NA,NA,NA,NA,NA,NA,NA,1.718,1.646,NA,NA,NA,NA,NA,NA,NA,1.212,NA,NA,0.944,NA,NA,NA,NA,NA,NA,NA,NA,NA,NA,NA,NA,NA,0.892,0.97,1.49,1.123,0.871,NA,NA,NA,NA,1.373,1.21,NA,NA,NA,1.076,NA,NA,NA,NA,0.811,1.111,NA,NA,2.263,1.286,1.103,0.79,0.745,1.355,1.441,0.46,NA,2.67,1.614,0.397,0.717,0.469,0.964,NA,NA,NA,NA,NA,NA,NA,NA,NA,NA,NA,FALSE,FALSE,NA,NA,NA,NA,NA,NA,NA,FALSE,NA,NA,FALSE,NA,NA,NA,NA,NA,NA,NA,NA,NA,NA,NA,NA,NA,FALSE,FALSE,FALSE,FALSE,FALSE,NA,NA,NA,NA,FALSE,FALSE,NA,NA,NA,FALSE,NA,NA,NA,NA,FALSE,FALSE,NA,NA,FALSE,FALSE,FALSE,FALSE,FALSE,FALSE,FALSE,FALSE,NA,TRUE,FALSE,FALSE,FALSE,FALSE,FALSE,NA,NA
1782,NA,NA,NA,NA,NA,NA,NA,NA,NA,0.75,0.739,NA,NA,NA,NA,NA,NA,NA,0.173,NA,NA,0.27,NA,NA,NA,NA,NA,NA,NA,NA,NA,NA,NA,NA,NA,0.302,0.386,0.434,0.406,0.24,NA,NA,0.647,NA,0.492,0.379,NA,NA,NA,0.434,NA,NA,NA,NA,0.55,0.858,NA,NA,0.475,0.26,0.457,0.391,0.539,0.246,0.272,0.311,NA,0.34,0.278,0.273,0.307,0.198,0.361,NA,NA,NA,NA,NA,NA,NA,NA,NA,NA,NA,FALSE,FALSE,NA,NA,NA,NA,NA,NA,NA,FALSE,NA,NA,FALSE,NA,NA,NA,NA,NA,NA,NA,NA,NA,NA,NA,NA,NA,FALSE,FALSE,FALSE,FALSE,FALSE,NA,NA,FALSE,NA,FALSE,FALSE,NA,NA,NA,FALSE,NA,NA,NA,NA,FALSE,FALSE,NA,NA,FALSE,FALSE,FALSE,FALSE,FALSE,FALSE,FALSE,FALSE,NA,FALSE,FALSE,FALSE,FALSE,FALSE,FALSE,NA,NA
1783,NA,NA,NA,NA,NA,NA,NA,NA,NA,0.666,0.897,NA,NA,NA,NA,NA,NA,NA,0.203,NA,NA,0.078,NA,NA,NA,NA,NA,NA,NA,NA,NA,NA,NA,NA,NA,0.177,0.285,0.297,0.313,0.364,NA,NA,0.939,NA,0.706,0.742,NA,NA,NA,0.472,NA,NA,NA,NA,0.699,0.673,NA,NA,0.509,0.35,0.758,0.597,0.224,0.254,0.312,0.248,NA,0.505,0.194,0.161,0.205,0.23,0.227,NA,NA,NA,NA,NA,NA,NA,NA,NA,NA,NA,FALSE,FALSE,NA,NA,NA,NA,NA,NA,NA,FALSE,NA,NA,FALSE,NA,NA,NA,NA,NA,NA,NA,NA,NA,NA,NA,NA,NA,FALSE,FALSE,FALSE,FALSE,FALSE,NA,NA,FALSE,NA,FALSE,FALSE,NA,NA,NA,FALSE,NA,NA,NA,NA,FALSE,FALSE,NA,NA,FALSE,FALSE,FALSE,FALSE,FALSE,FALSE,FALSE,FALSE,NA,FALSE,FALSE,FALSE,FALSE,FALSE,FALSE,NA,NA
1784,NA,NA,NA,NA,NA,NA,NA,NA,NA,1.846,1.433,NA,NA,NA,NA,NA,NA,NA,1.867,NA,NA,0.229,NA,NA,NA,NA,NA,NA,NA,NA,NA,NA,NA,NA,NA,0.765,1.379,1.741,1.065,1.1,NA,NA,2.243,NA,1.062,1.21,NA,NA,NA,1.554,NA,NA,NA,NA,1.141,1.501,NA,NA,3.603,3.113,1.243,1.204,1.104,1.009,1.054,0.508,NA,1.21,2.534,0.569,0.8,0.46,1.208,NA,NA,NA,NA,NA,NA,NA,NA,NA,NA,NA,FALSE,FALSE,NA,NA,NA,NA,NA,NA,NA,TRUE,NA,NA,FALSE,NA,NA,NA,NA,NA,NA,NA,NA,NA,NA,NA,NA,NA,FALSE,FALSE,FALSE,FALSE,FALSE,NA,NA,TRUE,NA,FALSE,FALSE,NA,NA,NA,FALSE,NA,NA,NA,NA,FALSE,FALSE,NA,NA,FALSE,FALSE,FALSE,FALSE,FALSE,FALSE,FALSE,FALSE,NA,FALSE,FALSE,FALSE,FALSE,FALSE,FALSE,NA,NA
1785,NA,NA,NA,NA,NA,NA,NA,NA,NA,3.605,2.169,NA,NA,NA,NA,NA,NA,NA,1.393,NA,NA,1.2,NA,NA,NA,NA,NA,NA,NA,NA,NA,NA,NA,NA,NA,1.411,1.339,1.607,1.1,1.35,NA,NA,2.027,NA,1.164,1.098,NA,NA,NA,1.885,NA,NA,NA,NA,1.067,1.315,NA,NA,4.445,2.405,1.273,1.013,1.642,1.807,1.428,0.902,NA,2.969,2.957,0.851,1.065,0.505,1.427,NA,NA,NA,NA,NA,NA,NA,NA,NA,NA,NA,TRUE,FALSE,NA,NA,NA,NA,NA,NA,NA,FALSE,NA,NA,FALSE,NA,NA,NA,NA,NA,NA,NA,NA,NA,NA,NA,NA,NA,FALSE,FALSE,FALSE,FALSE,FALSE,NA,NA,TRUE,NA,FALSE,FALSE,NA,NA,NA,TRUE,NA,NA,NA,NA,FALSE,FALSE,NA,NA,TRUE,FALSE,FALSE,FALSE,FALSE,TRUE,FALSE,FALSE,NA,TRUE,FALSE,FALSE,FALSE,FALSE,FALSE,NA,NA
1786,NA,NA,NA,NA,NA,NA,NA,NA,NA,3.359,3.424,NA,3.607,NA,NA,NA,NA,NA,0.82,NA,NA,1.483,NA,NA,NA,NA,NA,NA,NA,NA,NA,NA,NA,NA,NA,1.308,1.177,1.952,1.02,1.278,NA,NA,1.309,NA,1.532,1.66,NA,NA,NA,1.583,NA,NA,NA,NA,1.432,1.7,NA,NA,3.082,2.664,1.161,1.117,1.575,0.81,0.873,0.56,NA,2.967,2.299,0.739,0.839,0.635,1.27,NA,NA,NA,NA,NA,NA,NA,NA,NA,NA,NA,TRUE,TRUE,NA,FALSE,NA,NA,NA,NA,NA,FALSE,NA,NA,FALSE,NA,NA,NA,NA,NA,NA,NA,NA,NA,NA,NA,NA,NA,FALSE,FALSE,FALSE,FALSE,FALSE,NA,NA,FALSE,NA,FALSE,FALSE,NA,NA,NA,FALSE,NA,NA,NA,NA,FALSE,FALSE,NA,NA,FALSE,FALSE,FALSE,FALSE,FALSE,FALSE,FALSE,FALSE,NA,TRUE,FALSE,FALSE,FALSE,FALSE,FALSE,NA,NA
1787,NA,NA,NA,2.15,NA,NA,NA,NA,NA,2.157,1.991,NA,3.29,NA,NA,NA,NA,NA,1.149,NA,NA,1.209,NA,NA,NA,NA,NA,NA,NA,NA,NA,NA,NA,NA,NA,0.928,1.444,1.358,0.961,1.3,NA,NA,1.434,NA,1.263,1.096,NA,NA,NA,1.296,NA,NA,NA,NA,1.288,1.441,NA,NA,2.22,2.324,1.283,1.294,0.865,0.888,1.101,0.715,NA,2.472,2.024,0.71,0.983,0.631,1.283,NA,NA,NA,NA,NA,TRUE,NA,NA,NA,NA,NA,FALSE,FALSE,NA,FALSE,NA,NA,NA,NA,NA,FALSE,NA,NA,FALSE,NA,NA,NA,NA,NA,NA,NA,NA,NA,NA,NA,NA,NA,FALSE,FALSE,FALSE,FALSE,FALSE,NA,NA,FALSE,NA,FALSE,FALSE,NA,NA,NA,FALSE,NA,NA,NA,NA,FALSE,FALSE,NA,NA,FALSE,FALSE,FALSE,FALSE,FALSE,FALSE,FALSE,FALSE,NA,FALSE,FALSE,FALSE,FALSE,FALSE,FALSE,NA,NA
1788,NA,NA,NA,0.606,NA,NA,NA,NA,NA,0.751,1.164,NA,1.555,NA,NA,NA,NA,NA,0.241,NA,NA,0.297,NA,NA,NA,NA,NA,NA,NA,NA,NA,NA,NA,NA,NA,0.364,0.748,0.561,0.475,0.64,NA,NA,0.809,NA,0.792,0.538,NA,NA,NA,0.604,NA,NA,NA,NA,0.49,0.664,NA,NA,0.688,0.677,0.905,0.572,0.471,0.288,0.361,0.379,NA,0.909,0.698,0.305,0.462,0.342,0.692,NA,NA,NA,NA,NA,FALSE,NA,NA,NA,NA,NA,FALSE,FALSE,NA,FALSE,NA,NA,NA,NA,NA,FALSE,NA,NA,FALSE,NA,NA,NA,NA,NA,NA,NA,NA,NA,NA,NA,NA,NA,FALSE,FALSE,FALSE,FALSE,FALSE,NA,NA,FALSE,NA,FALSE,FALSE,NA,NA,NA,FALSE,NA,NA,NA,NA,FALSE,FALSE,NA,NA,FALSE,FALSE,FALSE,FALSE,FALSE,FALSE,FALSE,FALSE,NA,FALSE,FALSE,FALSE,FALSE,FALSE,FALSE,NA,NA
1789,NA,NA,NA,1.394,NA,NA,NA,NA,NA,1.413,1.825,NA,5.168,NA,NA,NA,NA,NA,1.016,NA,NA,0.926,NA,NA,NA,NA,NA,NA,NA,NA,NA,NA,NA,NA,NA,0.916,1.709,1.928,0.993,1.647,NA,NA,1.805,NA,1.314,1.109,NA,NA,NA,2.43,NA,NA,NA,NA,1.263,1.307,NA,NA,4.315,3.375,1.187,1.328,0.734,0.97,0.819,0.733,NA,1.702,1.68,0.662,0.715,0.73,1.451,NA,NA,NA,NA,NA,FALSE,NA,NA,NA,NA,NA,FALSE,FALSE,NA,TRUE,NA,NA,NA,NA,NA,FALSE,NA,NA,FALSE,NA,NA,NA,NA,NA,NA,NA,NA,NA,NA,NA,NA,NA,FALSE,FALSE,FALSE,FALSE,FALSE,NA,NA,TRUE,NA,FALSE,FALSE,NA,NA,NA,TRUE,NA,NA,NA,NA,FALSE,FALSE,NA,NA,TRUE,FALSE,FALSE,FALSE,FALSE,FALSE,FALSE,FALSE,NA,FALSE,FALSE,FALSE,FALSE,FALSE,FALSE,NA,NA
1790,2.591,NA,NA,1.817,NA,NA,NA,NA,NA,2.49,1.309,NA,5.003,NA,NA,NA,NA,NA,1.235,NA,NA,1.441,NA,NA,NA,NA,NA,NA,NA,NA,NA,NA,NA,NA,NA,1.419,1.297,1.708,0.86,1.574,NA,NA,1.507,NA,1.314,0.836,NA,NA,NA,2.023,NA,NA,NA,NA,1.514,1.414,NA,NA,5.354,4.263,1.477,1.263,1.16,1.144,1.151,1.185,NA,2.552,2.277,0.736,0.671,0.991,1.645,NA,NA,TRUE,NA,NA,FALSE,NA,NA,NA,NA,NA,FALSE,FALSE,NA,TRUE,NA,NA,NA,NA,NA,FALSE,NA,NA,FALSE,NA,NA,NA,NA,NA,NA,NA,NA,NA,NA,NA,NA,NA,FALSE,FALSE,FALSE,FALSE,FALSE,NA,NA,FALSE,NA,FALSE,FALSE,NA,NA,NA,TRUE,NA,NA,NA,NA,FALSE,FALSE,NA,NA,TRUE,TRUE,FALSE,FALSE,FALSE,FALSE,FALSE,FALSE,NA,TRUE,FALSE,FALSE,FALSE,FALSE,FALSE,NA,NA
1791,3.11,NA,NA,1.974,NA,NA,NA,NA,NA,1.906,1.125,NA,4.197,NA,NA,NA,NA,NA,0.821,NA,NA,0.954,NA,NA,NA,NA,NA,NA,NA,NA,NA,NA,NA,NA,NA,0.94,0.827,1.126,0.684,1.288,NA,NA,1.142,NA,1.256,0.752,NA,NA,NA,1.268,NA,NA,NA,NA,1.119,1.408,NA,NA,2.492,2.833,1.137,1.246,0.98,1.02,1.038,1.284,NA,1.763,1.227,0.639,0.628,0.708,1.87,NA,NA,TRUE,NA,NA,TRUE,NA,NA,NA,NA,NA,FALSE,FALSE,NA,TRUE,NA,NA,NA,NA,NA,FALSE,NA,NA,FALSE,NA,NA,NA,NA,NA,NA,NA,NA,NA,NA,NA,NA,NA,FALSE,FALSE,FALSE,FALSE,FALSE,NA,NA,FALSE,NA,FALSE,FALSE,NA,NA,NA,FALSE,NA,NA,NA,NA,FALSE,FALSE,NA,NA,FALSE,FALSE,FALSE,FALSE,FALSE,FALSE,FALSE,FALSE,NA,FALSE,FALSE,FALSE,FALSE,FALSE,FALSE,NA,NA
1792,4.366,NA,NA,2.083,NA,NA,NA,NA,NA,1.339,1.841,NA,5.841,NA,NA,NA,NA,NA,1.513,NA,NA,1.354,NA,NA,NA,NA,NA,NA,NA,NA,NA,NA,NA,NA,NA,1.099,0.713,1.158,0.882,1.443,NA,NA,1.368,NA,1.498,0.801,NA,NA,NA,1.225,NA,NA,NA,NA,1.315,1.756,NA,NA,1.629,2.623,1.21,1.065,1.393,0.765,1.024,1.253,NA,1.913,1.599,0.858,1.007,0.793,1.767,NA,NA,TRUE,NA,NA,TRUE,NA,NA,NA,NA,NA,FALSE,FALSE,NA,TRUE,NA,NA,NA,NA,NA,FALSE,NA,NA,FALSE,NA,NA,NA,NA,NA,NA,NA,NA,NA,NA,NA,NA,NA,FALSE,FALSE,FALSE,FALSE,FALSE,NA,NA,FALSE,NA,FALSE,FALSE,NA,NA,NA,FALSE,NA,NA,NA,NA,FALSE,FALSE,NA,NA,FALSE,FALSE,FALSE,FALSE,FALSE,FALSE,FALSE,FALSE,NA,FALSE,FALSE,FALSE,FALSE,FALSE,FALSE,NA,NA
1793,3.883,NA,NA,1.641,NA,NA,NA,NA,NA,1.26,1.451,NA,4.215,NA,NA,NA,NA,NA,0.645,NA,NA,1.111,NA,NA,NA,NA,NA,NA,NA,NA,NA,NA,NA,NA,NA,1.22,1.411,1.232,0.829,1.447,NA,NA,1.284,NA,1.008,1.366,NA,NA,NA,1.155,NA,NA,NA,NA,1.083,1.127,NA,NA,1.993,2.645,1,0.966,1.795,0.886,0.96,0.966,NA,1.943,1.338,0.57,0.8,0.627,1.231,NA,NA,TRUE,NA,NA,FALSE,NA,NA,NA,NA,NA,FALSE,FALSE,NA,TRUE,NA,NA,NA,NA,NA,FALSE,NA,NA,FALSE,NA,NA,NA,NA,NA,NA,NA,NA,NA,NA,NA,NA,NA,FALSE,FALSE,FALSE,FALSE,FALSE,NA,NA,FALSE,NA,FALSE,FALSE,NA,NA,NA,FALSE,NA,NA,NA,NA,FALSE,FALSE,NA,NA,FALSE,FALSE,FALSE,FALSE,FALSE,FALSE,FALSE,FALSE,NA,FALSE,FALSE,FALSE,FALSE,FALSE,FALSE,NA,NA
1794,2.146,NA,NA,0.669,NA,NA,NA,NA,NA,1.017,0.649,NA,1.904,NA,NA,NA,NA,NA,0.374,NA,NA,0.312,NA,NA,NA,NA,NA,NA,NA,NA,NA,NA,NA,NA,NA,0.288,0.583,0.522,0.454,0.555,NA,NA,0.628,NA,0.661,0.654,NA,NA,NA,0.569,NA,NA,NA,NA,0.652,0.837,NA,NA,1.286,1.284,0.661,0.561,0.509,0.23,0.353,0.298,NA,0.723,0.565,0.288,0.463,0.56,0.712,NA,NA,FALSE,NA,NA,FALSE,NA,NA,NA,NA,NA,FALSE,FALSE,NA,FALSE,NA,NA,NA,NA,NA,FALSE,NA,NA,FALSE,NA,NA,NA,NA,NA,NA,NA,NA,NA,NA,NA,NA,NA,FALSE,FALSE,FALSE,FALSE,FALSE,NA,NA,FALSE,NA,FALSE,FALSE,NA,NA,NA,FALSE,NA,NA,NA,NA,FALSE,FALSE,NA,NA,FALSE,FALSE,FALSE,FALSE,FALSE,FALSE,FALSE,FALSE,NA,FALSE,FALSE,FALSE,FALSE,FALSE,FALSE,NA,NA
1795,0.432,NA,NA,0.057,NA,NA,NA,NA,NA,0.318,0.262,NA,0.415,NA,NA,NA,NA,NA,0.12,NA,NA,0.062,NA,NA,NA,NA,NA,NA,NA,NA,NA,NA,NA,NA,NA,0.07,0.229,0.216,0.11,0.166,NA,NA,0.309,NA,0.266,0.263,NA,NA,NA,0.246,NA,NA,NA,NA,0.391,0.647,NA,NA,0.233,0.219,0.377,0.298,0.223,0.1,0.132,0.021,NA,0.059,0.147,0.122,0.131,0.342,0.147,NA,NA,FALSE,NA,NA,FALSE,NA,NA,NA,NA,NA,FALSE,FALSE,NA,FALSE,NA,NA,NA,NA,NA,FALSE,NA,NA,FALSE,NA,NA,NA,NA,NA,NA,NA,NA,NA,NA,NA,NA,NA,FALSE,FALSE,FALSE,FALSE,FALSE,NA,NA,FALSE,NA,FALSE,FALSE,NA,NA,NA,FALSE,NA,NA,NA,NA,FALSE,FALSE,NA,NA,FALSE,FALSE,FALSE,FALSE,FALSE,FALSE,FALSE,FALSE,NA,FALSE,FALSE,FALSE,FALSE,FALSE,FALSE,NA,NA
1796,1.479,NA,NA,0.282,NA,NA,NA,NA,NA,0.899,0.98,NA,2.046,NA,NA,NA,NA,NA,0.46,NA,NA,0.298,NA,NA,NA,NA,NA,NA,NA,NA,NA,NA,NA,NA,NA,0.273,0.458,0.409,0.522,0.691,NA,NA,0.628,NA,0.697,0.712,NA,NA,NA,0.484,NA,NA,NA,NA,0.947,1.077,NA,NA,1.12,0.712,0.624,1.084,0.78,0.267,0.294,0.409,NA,0.335,0.566,0.467,0.483,0.55,0.413,NA,NA,FALSE,NA,NA,FALSE,NA,NA,NA,NA,NA,FALSE,FALSE,NA,FALSE,NA,NA,NA,NA,NA,FALSE,NA,NA,FALSE,NA,NA,NA,NA,NA,NA,NA,NA,NA,NA,NA,NA,NA,FALSE,FALSE,FALSE,FALSE,FALSE,NA,NA,FALSE,NA,FALSE,FALSE,NA,NA,NA,FALSE,NA,NA,NA,NA,FALSE,FALSE,NA,NA,FALSE,FALSE,FALSE,FALSE,FALSE,FALSE,FALSE,FALSE,NA,FALSE,FALSE,FALSE,FALSE,FALSE,FALSE,NA,NA
1797,2.132,NA,NA,1.109,NA,NA,NA,NA,NA,1.729,1.041,2.24,3.109,NA,NA,NA,NA,NA,0.901,NA,NA,0.811,NA,NA,NA,NA,NA,NA,NA,NA,NA,NA,NA,NA,NA,0.54,0.669,0.774,0.625,0.704,NA,NA,0.803,NA,0.914,0.818,NA,NA,NA,0.794,NA,NA,NA,NA,0.791,1.256,NA,NA,2.689,5.041,0.611,0.94,0.683,0.409,0.54,0.463,NA,0.518,0.991,0.444,0.637,0.449,0.688,NA,NA,FALSE,NA,NA,FALSE,NA,NA,NA,NA,NA,FALSE,FALSE,FALSE,FALSE,NA,NA,NA,NA,NA,FALSE,NA,NA,FALSE,NA,NA,NA,NA,NA,NA,NA,NA,NA,NA,NA,NA,NA,FALSE,FALSE,FALSE,FALSE,FALSE,NA,NA,FALSE,NA,FALSE,FALSE,NA,NA,NA,FALSE,NA,NA,NA,NA,FALSE,FALSE,NA,NA,FALSE,TRUE,FALSE,FALSE,FALSE,FALSE,FALSE,FALSE,NA,FALSE,FALSE,FALSE,FALSE,FALSE,FALSE,NA,NA
1798,2.729,NA,NA,1.465,NA,NA,NA,NA,NA,3.165,1.097,3.523,3.354,NA,NA,NA,NA,NA,0.63,NA,NA,1.443,NA,NA,NA,NA,NA,NA,NA,NA,NA,NA,NA,NA,NA,0.875,0.481,1.351,0.948,1.413,NA,NA,1.254,NA,0.775,0.741,NA,NA,NA,1.256,NA,NA,NA,NA,1.126,1.125,NA,NA,3.062,2.652,0.857,0.878,1.374,0.788,0.908,0.535,NA,1.195,1.473,0.703,0.785,0.632,1.108,NA,NA,TRUE,NA,NA,FALSE,NA,NA,NA,NA,NA,TRUE,FALSE,TRUE,FALSE,NA,NA,NA,NA,NA,FALSE,NA,NA,FALSE,NA,NA,NA,NA,NA,NA,NA,NA,NA,NA,NA,NA,NA,FALSE,FALSE,FALSE,FALSE,FALSE,NA,NA,FALSE,NA,FALSE,FALSE,NA,NA,NA,FALSE,NA,NA,NA,NA,FALSE,FALSE,NA,NA,FALSE,FALSE,FALSE,FALSE,FALSE,FALSE,FALSE,FALSE,NA,FALSE,FALSE,FALSE,FALSE,FALSE,FALSE,NA,NA
1799,2.835,NA,NA,1.448,NA,NA,NA,NA,NA,1.458,1.202,3.206,3.506,NA,NA,NA,NA,NA,0.884,NA,NA,1.056,NA,NA,NA,NA,NA,NA,NA,NA,NA,NA,NA,NA,NA,0.87,0.946,1.384,1.145,1.465,NA,NA,1.155,NA,0.948,0.992,NA,NA,NA,1.116,NA,NA,NA,NA,1.285,1.236,NA,NA,2.798,2.277,0.914,0.944,1.405,0.812,1.138,0.582,NA,2.301,1.55,0.714,0.55,0.767,0.964,NA,NA,TRUE,NA,NA,FALSE,NA,NA,NA,NA,NA,FALSE,FALSE,TRUE,FALSE,NA,NA,NA,NA,NA,FALSE,NA,NA,FALSE,NA,NA,NA,NA,NA,NA,NA,NA,NA,NA,NA,NA,NA,FALSE,FALSE,FALSE,FALSE,FALSE,NA,NA,FALSE,NA,FALSE,FALSE,NA,NA,NA,FALSE,NA,NA,NA,NA,FALSE,FALSE,NA,NA,FALSE,FALSE,FALSE,FALSE,FALSE,FALSE,FALSE,FALSE,NA,FALSE,FALSE,FALSE,FALSE,FALSE,FALSE,NA,NA
1800,1.003,NA,NA,0.311,NA,NA,NA,NA,NA,0.936,0.988,2.487,1.631,NA,NA,NA,NA,NA,0.304,NA,NA,0.5,NA,NA,NA,NA,NA,NA,NA,NA,NA,NA,NA,NA,NA,0.535,0.324,0.475,0.423,0.454,NA,NA,0.806,NA,0.622,0.594,NA,NA,NA,0.347,NA,NA,NA,0.426,0.8,0.876,NA,NA,0.732,0.59,0.539,0.6,0.711,0.336,0.412,0.509,NA,0.69,0.471,0.416,0.421,0.514,0.494,NA,NA,FALSE,NA,NA,FALSE,NA,NA,NA,NA,NA,FALSE,FALSE,FALSE,FALSE,NA,NA,NA,NA,NA,FALSE,NA,NA,FALSE,NA,NA,NA,NA,NA,NA,NA,NA,NA,NA,NA,NA,NA,FALSE,FALSE,FALSE,FALSE,FALSE,NA,NA,FALSE,NA,FALSE,FALSE,NA,NA,NA,FALSE,NA,NA,NA,FALSE,FALSE,FALSE,NA,NA,FALSE,FALSE,FALSE,FALSE,FALSE,FALSE,FALSE,FALSE,NA,FALSE,FALSE,FALSE,FALSE,FALSE,FALSE,NA,NA
1801,1.862,NA,NA,0.901,NA,NA,NA,NA,NA,1.557,1.352,3.356,5.201,NA,NA,NA,NA,NA,0.555,NA,NA,1.197,NA,NA,NA,NA,NA,NA,NA,NA,NA,NA,NA,NA,NA,0.847,1.253,1.483,0.713,1.25,NA,NA,0.839,NA,1.158,0.93,NA,NA,NA,0.873,NA,NA,NA,1.088,1.063,1.285,NA,NA,2.929,4.224,0.626,0.8,0.888,0.525,0.819,0.555,NA,1.589,1.305,NA,0.63,NA,0.81,NA,NA,FALSE,NA,NA,FALSE,NA,NA,NA,NA,NA,FALSE,FALSE,TRUE,TRUE,NA,NA,NA,NA,NA,FALSE,NA,NA,FALSE,NA,NA,NA,NA,NA,NA,NA,NA,NA,NA,NA,NA,NA,FALSE,FALSE,FALSE,FALSE,FALSE,NA,NA,FALSE,NA,FALSE,FALSE,NA,NA,NA,FALSE,NA,NA,NA,FALSE,FALSE,FALSE,NA,NA,FALSE,TRUE,FALSE,FALSE,FALSE,FALSE,FALSE,FALSE,NA,FALSE,FALSE,NA,FALSE,NA,FALSE,NA,NA
1802,1.748,NA,NA,1.227,NA,NA,NA,NA,NA,3.341,1.617,3.84,4.326,NA,NA,NA,NA,NA,0.562,NA,NA,1.382,NA,NA,NA,NA,NA,NA,NA,NA,NA,NA,NA,NA,NA,1.245,1.212,1.867,0.66,1.085,NA,NA,1.284,NA,1.524,0.874,NA,NA,NA,0.991,NA,NA,NA,1.025,1.345,1.745,NA,NA,4.431,3.93,0.873,0.73,1.136,0.827,1.136,0.85,NA,1.638,1.106,NA,0.561,NA,1.168,NA,NA,FALSE,NA,NA,FALSE,NA,NA,NA,NA,NA,TRUE,FALSE,TRUE,TRUE,NA,NA,NA,NA,NA,FALSE,NA,NA,FALSE,NA,NA,NA,NA,NA,NA,NA,NA,NA,NA,NA,NA,NA,FALSE,FALSE,FALSE,FALSE,FALSE,NA,NA,FALSE,NA,FALSE,FALSE,NA,NA,NA,FALSE,NA,NA,NA,FALSE,FALSE,FALSE,NA,NA,TRUE,FALSE,FALSE,FALSE,FALSE,FALSE,FALSE,FALSE,NA,FALSE,FALSE,NA,FALSE,NA,FALSE,NA,NA
1803,0.689,NA,NA,0.388,NA,NA,NA,NA,NA,1.076,1.116,2.167,1.996,NA,NA,NA,NA,NA,0.166,NA,NA,0.37,NA,NA,NA,NA,NA,NA,NA,NA,NA,NA,NA,NA,NA,0.532,0.766,1.058,0.498,0.68,NA,NA,0.695,NA,0.694,0.575,NA,NA,NA,0.563,NA,NA,NA,0.784,0.757,0.893,NA,NA,1.634,1.261,0.66,0.5,0.664,0.675,0.765,0.499,NA,0.681,0.665,NA,0.46,NA,0.776,NA,NA,FALSE,NA,NA,FALSE,NA,NA,NA,NA,NA,FALSE,FALSE,FALSE,FALSE,NA,NA,NA,NA,NA,FALSE,NA,NA,FALSE,NA,NA,NA,NA,NA,NA,NA,NA,NA,NA,NA,NA,NA,FALSE,FALSE,FALSE,FALSE,FALSE,NA,NA,FALSE,NA,FALSE,FALSE,NA,NA,NA,FALSE,NA,NA,NA,FALSE,FALSE,FALSE,NA,NA,FALSE,FALSE,FALSE,FALSE,FALSE,FALSE,FALSE,FALSE,NA,FALSE,FALSE,NA,FALSE,NA,FALSE,NA,NA
1804,1.113,NA,NA,1.315,NA,NA,NA,NA,NA,1.71,1.128,2.076,2.764,NA,NA,NA,NA,NA,0.486,NA,NA,0.452,NA,NA,NA,NA,NA,NA,NA,NA,NA,NA,NA,NA,NA,0.872,1.024,1.359,0.689,0.851,NA,NA,0.652,NA,0.951,0.842,NA,NA,NA,0.65,NA,NA,NA,1.475,1.1,1.813,NA,NA,3.235,2.358,0.536,0.532,0.644,0.754,0.924,0.756,NA,1.752,0.943,NA,0.697,NA,1.973,NA,NA,FALSE,NA,NA,FALSE,NA,NA,NA,NA,NA,FALSE,FALSE,FALSE,FALSE,NA,NA,NA,NA,NA,FALSE,NA,NA,FALSE,NA,NA,NA,NA,NA,NA,NA,NA,NA,NA,NA,NA,NA,FALSE,FALSE,FALSE,FALSE,FALSE,NA,NA,FALSE,NA,FALSE,FALSE,NA,NA,NA,FALSE,NA,NA,NA,FALSE,FALSE,FALSE,NA,NA,FALSE,FALSE,FALSE,FALSE,FALSE,FALSE,FALSE,FALSE,NA,FALSE,FALSE,NA,FALSE,NA,FALSE,NA,NA
1805,0.978,NA,NA,0.992,NA,NA,NA,NA,NA,1.424,1.385,1.869,2.22,NA,NA,NA,NA,NA,0.369,NA,NA,0.509,NA,NA,NA,NA,NA,NA,NA,NA,NA,NA,NA,NA,NA,0.674,0.91,1.292,0.456,0.61,NA,NA,0.465,NA,0.927,0.748,NA,NA,NA,0.67,0.555,NA,NA,1.164,0.951,1.113,NA,NA,1.955,1.408,0.707,0.686,0.807,0.481,0.632,0.913,NA,0.686,0.958,NA,0.44,NA,1.445,NA,NA,FALSE,NA,NA,FALSE,NA,NA,NA,NA,NA,FALSE,FALSE,FALSE,FALSE,NA,NA,NA,NA,NA,FALSE,NA,NA,FALSE,NA,NA,NA,NA,NA,NA,NA,NA,NA,NA,NA,NA,NA,FALSE,FALSE,FALSE,FALSE,FALSE,NA,NA,FALSE,NA,FALSE,FALSE,NA,NA,NA,FALSE,FALSE,NA,NA,FALSE,FALSE,FALSE,NA,NA,FALSE,FALSE,FALSE,FALSE,FALSE,FALSE,FALSE,FALSE,NA,FALSE,FALSE,NA,FALSE,NA,FALSE,NA,NA
1806,0.688,NA,NA,1.19,NA,NA,NA,NA,NA,1.589,1.441,3.088,3.129,NA,NA,NA,NA,NA,0.489,NA,NA,0.611,NA,NA,NA,NA,NA,NA,NA,NA,NA,NA,NA,NA,NA,0.739,1.175,1.4,0.638,1.069,NA,NA,0.743,NA,1.126,0.824,NA,NA,NA,0.792,0.992,NA,NA,1.533,1.026,1.16,NA,NA,3.253,3.822,0.845,0.613,0.932,0.682,0.786,1.008,NA,1.762,0.896,NA,0.523,NA,1.33,NA,NA,FALSE,NA,NA,FALSE,NA,NA,NA,NA,NA,FALSE,FALSE,FALSE,FALSE,NA,NA,NA,NA,NA,FALSE,NA,NA,FALSE,NA,NA,NA,NA,NA,NA,NA,NA,NA,NA,NA,NA,NA,FALSE,FALSE,FALSE,FALSE,FALSE,NA,NA,FALSE,NA,FALSE,FALSE,NA,NA,NA,FALSE,FALSE,NA,NA,FALSE,FALSE,FALSE,NA,NA,FALSE,FALSE,FALSE,FALSE,FALSE,FALSE,FALSE,FALSE,NA,FALSE,FALSE,NA,FALSE,NA,FALSE,NA,NA
1807,0.914,NA,NA,0.931,NA,NA,NA,NA,NA,2.298,1.226,2.617,2.663,NA,2.882,NA,NA,NA,0.481,NA,NA,0.397,NA,NA,NA,NA,NA,NA,NA,NA,NA,NA,NA,NA,NA,0.645,0.788,0.718,0.488,0.74,NA,NA,0.61,NA,1.195,1.109,NA,NA,NA,0.993,0.995,NA,NA,1.789,0.753,1.119,NA,NA,1.937,2.305,0.65,0.5,0.767,0.476,0.668,0.86,NA,0.898,0.427,NA,0.498,NA,1.061,NA,NA,FALSE,NA,NA,FALSE,NA,NA,NA,NA,NA,FALSE,FALSE,FALSE,FALSE,NA,TRUE,NA,NA,NA,FALSE,NA,NA,FALSE,NA,NA,NA,NA,NA,NA,NA,NA,NA,NA,NA,NA,NA,FALSE,FALSE,FALSE,FALSE,FALSE,NA,NA,FALSE,NA,FALSE,FALSE,NA,NA,NA,FALSE,FALSE,NA,NA,FALSE,FALSE,FALSE,NA,NA,FALSE,FALSE,FALSE,FALSE,FALSE,FALSE,FALSE,FALSE,NA,FALSE,FALSE,NA,FALSE,NA,FALSE,NA,NA
1808,0.722,NA,NA,0.266,NA,NA,NA,NA,NA,1.736,1.07,2.218,2.374,NA,2.69,NA,NA,NA,0.306,NA,NA,0.166,NA,NA,NA,NA,NA,NA,NA,NA,NA,NA,NA,NA,NA,0.438,0.6,0.729,0.406,0.606,NA,NA,0.649,NA,0.972,0.778,NA,NA,NA,0.553,0.717,NA,NA,1.34,0.83,1.222,NA,NA,0.77,0.727,0.515,0.36,0.626,0.256,0.326,0.636,NA,0.646,0.315,NA,0.451,NA,0.589,NA,NA,FALSE,NA,NA,FALSE,NA,NA,NA,NA,NA,FALSE,FALSE,FALSE,FALSE,NA,FALSE,NA,NA,NA,FALSE,NA,NA,FALSE,NA,NA,NA,NA,NA,NA,NA,NA,NA,NA,NA,NA,NA,FALSE,FALSE,FALSE,FALSE,FALSE,NA,NA,FALSE,NA,FALSE,FALSE,NA,NA,NA,FALSE,FALSE,NA,NA,FALSE,FALSE,FALSE,NA,NA,FALSE,FALSE,FALSE,FALSE,FALSE,FALSE,FALSE,FALSE,NA,FALSE,FALSE,NA,FALSE,NA,FALSE,NA,NA
1809,0.913,NA,NA,0.235,NA,NA,NA,NA,NA,1.149,0.779,1.667,2.309,NA,2.532,NA,NA,NA,0.418,NA,NA,0.229,NA,NA,NA,NA,NA,NA,NA,NA,NA,NA,NA,NA,NA,0.435,0.57,0.557,0.389,0.691,NA,NA,0.41,NA,0.931,0.756,NA,NA,NA,0.406,1.108,NA,NA,1.911,0.583,0.669,NA,NA,0.947,1.337,0.597,0.544,0.373,0.311,0.41,0.689,NA,0.552,0.19,NA,0.27,NA,0.522,NA,NA,FALSE,NA,NA,FALSE,NA,NA,NA,NA,NA,FALSE,FALSE,FALSE,FALSE,NA,FALSE,NA,NA,NA,FALSE,NA,NA,FALSE,NA,NA,NA,NA,NA,NA,NA,NA,NA,NA,NA,NA,NA,FALSE,FALSE,FALSE,FALSE,FALSE,NA,NA,FALSE,NA,FALSE,FALSE,NA,NA,NA,FALSE,FALSE,NA,NA,FALSE,FALSE,FALSE,NA,NA,FALSE,FALSE,FALSE,FALSE,FALSE,FALSE,FALSE,FALSE,NA,FALSE,FALSE,NA,FALSE,NA,FALSE,NA,NA
1810,1.531,NA,NA,0.739,NA,NA,NA,NA,NA,1.645,1.277,1.737,2.711,NA,3.296,NA,NA,NA,0.956,NA,NA,0.52,NA,NA,NA,NA,NA,NA,NA,NA,NA,NA,NA,NA,NA,0.805,0.904,0.988,0.631,1.159,NA,NA,0.553,NA,1.144,1.1,NA,NA,NA,0.837,2.324,NA,NA,2.967,1.041,1.251,NA,NA,2.338,3.194,0.695,0.425,0.828,0.541,0.603,0.86,1.353,1.583,0.52,NA,0.419,NA,1.156,NA,NA,FALSE,NA,NA,FALSE,NA,NA,NA,NA,NA,FALSE,FALSE,FALSE,FALSE,NA,TRUE,NA,NA,NA,FALSE,NA,NA,FALSE,NA,NA,NA,NA,NA,NA,NA,NA,NA,NA,NA,NA,NA,FALSE,FALSE,FALSE,FALSE,FALSE,NA,NA,FALSE,NA,FALSE,FALSE,NA,NA,NA,FALSE,FALSE,NA,NA,FALSE,FALSE,FALSE,NA,NA,FALSE,FALSE,FALSE,FALSE,FALSE,FALSE,FALSE,FALSE,FALSE,FALSE,FALSE,NA,FALSE,NA,FALSE,NA,NA
1811,1.342,NA,NA,1.055,NA,NA,NA,NA,NA,2.027,1.248,2.171,1.694,NA,3.421,NA,NA,NA,1.008,NA,NA,0.657,NA,NA,NA,NA,NA,NA,NA,NA,NA,NA,NA,NA,NA,NA,1.001,1.387,0.568,0.773,NA,NA,0.844,NA,1.329,0.735,NA,NA,NA,0.565,1.366,NA,NA,1.997,1.072,1.371,NA,NA,3.278,3.834,0.68,NA,1.311,NA,1.242,1.409,1.63,1.52,0.821,NA,0.445,NA,1.283,NA,NA,FALSE,NA,NA,FALSE,NA,NA,NA,NA,NA,FALSE,FALSE,FALSE,FALSE,NA,TRUE,NA,NA,NA,FALSE,NA,NA,FALSE,NA,NA,NA,NA,NA,NA,NA,NA,NA,NA,NA,NA,NA,NA,FALSE,FALSE,FALSE,FALSE,NA,NA,FALSE,NA,FALSE,FALSE,NA,NA,NA,FALSE,FALSE,NA,NA,FALSE,FALSE,FALSE,NA,NA,FALSE,FALSE,FALSE,NA,FALSE,NA,FALSE,TRUE,FALSE,FALSE,FALSE,NA,FALSE,NA,FALSE,NA,NA
1812,0.971,NA,NA,0.472,NA,NA,NA,NA,NA,1.142,0.965,1.826,1.406,NA,1.448,NA,NA,NA,0.459,NA,NA,0.465,NA,NA,NA,NA,NA,NA,NA,NA,NA,NA,NA,NA,NA,NA,0.565,0.722,0.467,0.519,NA,NA,0.756,NA,0.857,0.666,NA,NA,NA,0.388,0.703,NA,NA,1.281,0.628,0.699,NA,NA,0.762,1.07,0.388,NA,0.619,NA,0.465,0.762,0.95,0.632,0.554,NA,0.292,NA,0.852,NA,NA,FALSE,NA,NA,FALSE,NA,NA,NA,NA,NA,FALSE,FALSE,FALSE,FALSE,NA,FALSE,NA,NA,NA,FALSE,NA,NA,FALSE,NA,NA,NA,NA,NA,NA,NA,NA,NA,NA,NA,NA,NA,NA,FALSE,FALSE,FALSE,FALSE,NA,NA,FALSE,NA,FALSE,FALSE,NA,NA,NA,FALSE,FALSE,NA,NA,FALSE,FALSE,FALSE,NA,NA,FALSE,FALSE,FALSE,NA,FALSE,NA,FALSE,FALSE,FALSE,FALSE,FALSE,NA,FALSE,NA,FALSE,NA,NA
1813,0.689,NA,NA,0.826,NA,NA,NA,NA,NA,1.215,0.85,3.201,1.928,NA,3.077,NA,NA,NA,0.837,NA,NA,0.665,NA,NA,NA,NA,NA,NA,NA,NA,NA,NA,NA,NA,NA,NA,0.635,0.821,0.984,0.966,NA,NA,0.851,NA,1.129,0.9,NA,NA,NA,0.689,2.944,NA,NA,2.753,0.701,1.044,NA,NA,1.541,2.302,0.423,NA,0.512,NA,0.815,1.038,1.921,1.09,0.865,NA,0.44,NA,1.162,NA,NA,FALSE,NA,NA,FALSE,NA,NA,NA,NA,NA,FALSE,FALSE,TRUE,FALSE,NA,TRUE,NA,NA,NA,FALSE,NA,NA,FALSE,NA,NA,NA,NA,NA,NA,NA,NA,NA,NA,NA,NA,NA,NA,FALSE,FALSE,FALSE,FALSE,NA,NA,FALSE,NA,FALSE,FALSE,NA,NA,NA,FALSE,TRUE,NA,NA,FALSE,FALSE,FALSE,NA,NA,FALSE,FALSE,FALSE,NA,FALSE,NA,FALSE,FALSE,FALSE,FALSE,FALSE,NA,FALSE,NA,FALSE,NA,NA
1814,1.509,NA,NA,0.864,NA,NA,NA,NA,NA,2.81,1.03,3.018,1.826,NA,2.86,NA,NA,NA,0.817,NA,NA,1.032,NA,NA,NA,NA,NA,NA,NA,NA,NA,NA,NA,NA,NA,NA,0.921,1.055,0.81,0.95,NA,NA,0.908,NA,1.391,0.912,NA,NA,NA,0.906,1.677,NA,NA,2.567,1.048,1.334,NA,NA,2.208,2.521,0.537,NA,0.893,NA,1.264,1.5,4.4,1.759,1.094,NA,0.442,NA,1.223,NA,NA,FALSE,NA,NA,FALSE,NA,NA,NA,NA,NA,TRUE,FALSE,FALSE,FALSE,NA,TRUE,NA,NA,NA,FALSE,NA,NA,FALSE,NA,NA,NA,NA,NA,NA,NA,NA,NA,NA,NA,NA,NA,NA,FALSE,FALSE,FALSE,FALSE,NA,NA,FALSE,NA,FALSE,FALSE,NA,NA,NA,FALSE,FALSE,NA,NA,FALSE,FALSE,FALSE,NA,NA,FALSE,FALSE,FALSE,NA,FALSE,NA,FALSE,TRUE,TRUE,FALSE,FALSE,NA,FALSE,NA,FALSE,NA,NA
1815,0.89,NA,NA,0.597,NA,NA,NA,NA,NA,1.381,0.645,1.29,1.291,NA,0.927,NA,NA,NA,0.462,NA,NA,0.559,NA,NA,NA,NA,NA,NA,NA,NA,NA,NA,NA,NA,NA,NA,0.875,0.764,0.689,0.591,NA,NA,1.036,NA,1.485,1.043,NA,NA,NA,0.6,1.598,1.475,NA,1.764,0.556,0.687,NA,NA,2.607,1.749,0.332,NA,1.009,NA,0.78,0.932,1.753,1.47,0.699,NA,0.499,NA,1.018,NA,NA,FALSE,NA,NA,FALSE,NA,NA,NA,NA,NA,FALSE,FALSE,FALSE,FALSE,NA,FALSE,NA,NA,NA,FALSE,NA,NA,FALSE,NA,NA,NA,NA,NA,NA,NA,NA,NA,NA,NA,NA,NA,NA,FALSE,FALSE,FALSE,FALSE,NA,NA,FALSE,NA,FALSE,FALSE,NA,NA,NA,FALSE,FALSE,FALSE,NA,FALSE,FALSE,FALSE,NA,NA,FALSE,FALSE,FALSE,NA,FALSE,NA,FALSE,FALSE,FALSE,FALSE,FALSE,NA,FALSE,NA,FALSE,NA,NA
1816,1.171,NA,NA,1.159,NA,NA,NA,NA,NA,1.327,0.852,1.295,0.996,NA,1.331,1.462,NA,NA,0.681,NA,NA,0.564,NA,NA,NA,NA,NA,NA,NA,NA,NA,NA,NA,NA,NA,NA,1.13,0.926,0.791,0.708,NA,NA,0.611,NA,1.328,1.038,NA,NA,NA,0.493,1.492,1.53,NA,2.19,0.606,0.785,NA,NA,1.273,1.111,0.4,NA,0.817,NA,0.554,0.965,1.508,1.114,0.767,NA,0.406,NA,1.076,NA,NA,FALSE,NA,NA,FALSE,NA,NA,NA,NA,NA,FALSE,FALSE,FALSE,FALSE,NA,FALSE,FALSE,NA,NA,FALSE,NA,NA,FALSE,NA,NA,NA,NA,NA,NA,NA,NA,NA,NA,NA,NA,NA,NA,FALSE,FALSE,FALSE,FALSE,NA,NA,FALSE,NA,FALSE,FALSE,NA,NA,NA,FALSE,FALSE,FALSE,NA,FALSE,FALSE,FALSE,NA,NA,FALSE,FALSE,FALSE,NA,FALSE,NA,FALSE,FALSE,FALSE,FALSE,FALSE,NA,FALSE,NA,FALSE,NA,NA
1817,1.152,NA,NA,1.166,NA,NA,NA,NA,NA,1.367,0.891,1.699,1.087,NA,1.555,1.441,NA,NA,0.76,NA,NA,0.707,NA,NA,NA,NA,NA,NA,NA,NA,NA,NA,NA,NA,NA,NA,0.798,0.934,0.614,0.659,NA,NA,0.839,NA,1.113,0.957,NA,NA,NA,0.684,1.711,1.732,NA,2.045,0.819,1.087,NA,NA,1.479,2.394,0.47,NA,0.492,NA,0.626,0.889,1.396,0.918,0.903,NA,0.481,NA,0.787,NA,NA,FALSE,NA,NA,FALSE,NA,NA,NA,NA,NA,FALSE,FALSE,FALSE,FALSE,NA,FALSE,FALSE,NA,NA,FALSE,NA,NA,FALSE,NA,NA,NA,NA,NA,NA,NA,NA,NA,NA,NA,NA,NA,NA,FALSE,FALSE,FALSE,FALSE,NA,NA,FALSE,NA,FALSE,FALSE,NA,NA,NA,FALSE,FALSE,TRUE,NA,FALSE,FALSE,FALSE,NA,NA,FALSE,FALSE,FALSE,NA,FALSE,NA,FALSE,FALSE,FALSE,FALSE,FALSE,NA,FALSE,NA,FALSE,NA,NA
1818,1.02,NA,NA,0.336,NA,NA,NA,NA,NA,1.222,0.711,1.219,1.134,NA,0.614,1.184,NA,NA,0.594,NA,NA,0.571,NA,NA,NA,NA,NA,NA,NA,NA,NA,NA,NA,NA,NA,NA,0.324,0.434,0.694,0.68,NA,NA,0.446,NA,0.93,0.787,NA,NA,NA,0.47,0.855,1.034,NA,1.4,0.779,0.886,NA,NA,0.565,0.603,0.364,NA,0.246,NA,0.599,0.802,0.669,0.665,0.9,NA,0.451,NA,0.365,NA,NA,FALSE,NA,NA,FALSE,NA,NA,NA,NA,NA,FALSE,FALSE,FALSE,FALSE,NA,FALSE,FALSE,NA,NA,FALSE,NA,NA,FALSE,NA,NA,NA,NA,NA,NA,NA,NA,NA,NA,NA,NA,NA,NA,FALSE,FALSE,FALSE,FALSE,NA,NA,FALSE,NA,FALSE,FALSE,NA,NA,NA,FALSE,FALSE,FALSE,NA,FALSE,FALSE,FALSE,NA,NA,FALSE,FALSE,FALSE,NA,FALSE,NA,FALSE,FALSE,FALSE,FALSE,FALSE,NA,FALSE,NA,FALSE,NA,NA
1819,1.937,NA,NA,1.442,NA,NA,NA,NA,NA,1.903,0.785,2.009,1.87,NA,1.973,1.459,NA,NA,1.109,NA,NA,0.678,NA,NA,NA,NA,NA,NA,NA,NA,NA,NA,NA,NA,NA,NA,0.744,0.954,1.358,0.984,NA,NA,0.641,NA,1.064,0.894,NA,NA,NA,0.722,1.454,1.719,NA,2.397,0.986,1.156,NA,NA,2.359,2.326,0.773,NA,0.509,NA,0.859,0.915,1.625,1.01,1.361,NA,0.631,NA,1.589,NA,NA,FALSE,NA,NA,FALSE,NA,NA,NA,NA,NA,FALSE,FALSE,FALSE,FALSE,NA,FALSE,FALSE,NA,NA,FALSE,NA,NA,FALSE,NA,NA,NA,NA,NA,NA,NA,NA,NA,NA,NA,NA,NA,NA,FALSE,FALSE,FALSE,FALSE,NA,NA,FALSE,NA,FALSE,FALSE,NA,NA,NA,FALSE,FALSE,TRUE,NA,FALSE,FALSE,FALSE,NA,NA,FALSE,FALSE,FALSE,NA,FALSE,NA,FALSE,FALSE,FALSE,FALSE,FALSE,NA,FALSE,NA,FALSE,NA,NA
1820,1.941,NA,NA,1.077,NA,NA,NA,NA,NA,2.222,0.818,2.385,1.657,NA,1.846,2.254,NA,NA,0.891,NA,NA,1.448,0.751,NA,NA,NA,NA,NA,NA,NA,NA,NA,NA,NA,4.591,NA,0.789,1.005,1.599,1.097,NA,NA,0.694,NA,0.997,1.211,NA,NA,NA,1.015,1.225,1.818,NA,2.146,0.898,1.209,NA,NA,2.577,3.301,0.557,NA,0.557,NA,1.03,1.163,2.065,1.294,1.551,NA,0.606,NA,1.608,NA,NA,FALSE,NA,NA,FALSE,NA,NA,NA,NA,NA,FALSE,FALSE,FALSE,FALSE,NA,FALSE,FALSE,NA,NA,FALSE,NA,NA,FALSE,FALSE,NA,NA,NA,NA,NA,NA,NA,NA,NA,NA,NA,TRUE,NA,FALSE,FALSE,TRUE,FALSE,NA,NA,FALSE,NA,FALSE,FALSE,NA,NA,NA,FALSE,FALSE,TRUE,NA,FALSE,FALSE,FALSE,NA,NA,FALSE,FALSE,FALSE,NA,FALSE,NA,FALSE,FALSE,FALSE,FALSE,FALSE,NA,FALSE,NA,FALSE,NA,NA
1821,1.068,NA,NA,1.392,NA,NA,NA,NA,NA,1.928,0.598,0.949,1.759,NA,2.777,2.386,NA,NA,0.469,NA,NA,0.578,1.365,NA,NA,NA,NA,NA,NA,NA,NA,NA,NA,NA,4.144,NA,0.498,0.557,1.18,0.976,NA,NA,0.705,NA,1.161,0.924,NA,NA,NA,0.526,1.55,1.587,NA,2.478,0.729,1.113,NA,NA,2.961,2.988,0.563,NA,0.488,NA,0.499,0.64,1.835,1.44,1.318,NA,0.529,NA,1.259,NA,NA,FALSE,NA,NA,FALSE,NA,NA,NA,NA,NA,FALSE,FALSE,FALSE,FALSE,NA,TRUE,FALSE,NA,NA,FALSE,NA,NA,FALSE,FALSE,NA,NA,NA,NA,NA,NA,NA,NA,NA,NA,NA,TRUE,NA,FALSE,FALSE,FALSE,FALSE,NA,NA,FALSE,NA,FALSE,FALSE,NA,NA,NA,FALSE,FALSE,FALSE,NA,FALSE,FALSE,FALSE,NA,NA,FALSE,FALSE,FALSE,NA,FALSE,NA,FALSE,FALSE,FALSE,FALSE,FALSE,NA,FALSE,NA,FALSE,NA,NA
1822,0.703,NA,NA,0.814,NA,NA,NA,NA,NA,0.798,0.633,1.101,0.921,NA,2.149,1.709,NA,NA,0.532,NA,NA,0.444,0.623,NA,NA,NA,NA,NA,NA,NA,NA,NA,NA,NA,2.833,NA,0.436,0.636,0.558,0.693,NA,NA,0.909,NA,0.899,0.928,NA,NA,NA,0.534,1.395,0.78,NA,1.773,0.695,0.897,NA,NA,1.075,0.871,0.528,NA,0.307,NA,0.399,0.857,1.102,0.557,0.688,NA,0.729,NA,0.727,NA,NA,FALSE,NA,NA,FALSE,NA,NA,NA,NA,NA,FALSE,FALSE,FALSE,FALSE,NA,FALSE,FALSE,NA,NA,FALSE,NA,NA,FALSE,FALSE,NA,NA,NA,NA,NA,NA,NA,NA,NA,NA,NA,FALSE,NA,FALSE,FALSE,FALSE,FALSE,NA,NA,FALSE,NA,FALSE,FALSE,NA,NA,NA,FALSE,FALSE,FALSE,NA,FALSE,FALSE,FALSE,NA,NA,FALSE,FALSE,FALSE,NA,FALSE,NA,FALSE,FALSE,FALSE,FALSE,FALSE,NA,FALSE,NA,FALSE,NA,NA
1823,0.621,NA,NA,0.707,NA,NA,NA,NA,NA,1.194,0.566,0.909,1.215,NA,1.986,1.557,NA,NA,0.587,NA,NA,0.288,0.684,NA,NA,NA,NA,NA,NA,NA,NA,NA,NA,NA,3.188,NA,0.466,0.602,0.711,0.753,NA,NA,0.582,NA,1.013,0.833,NA,NA,NA,0.762,1.374,0.658,NA,2.252,0.567,0.734,NA,NA,1.109,0.969,0.458,NA,0.38,NA,0.693,0.629,0.906,0.499,0.855,NA,0.485,NA,0.906,NA,NA,FALSE,NA,NA,FALSE,NA,NA,NA,NA,NA,FALSE,FALSE,FALSE,FALSE,NA,FALSE,FALSE,NA,NA,FALSE,NA,NA,FALSE,FALSE,NA,NA,NA,NA,NA,NA,NA,NA,NA,NA,NA,FALSE,NA,FALSE,FALSE,FALSE,FALSE,NA,NA,FALSE,NA,FALSE,FALSE,NA,NA,NA,FALSE,FALSE,FALSE,NA,FALSE,FALSE,FALSE,NA,NA,FALSE,FALSE,FALSE,NA,FALSE,NA,FALSE,FALSE,FALSE,FALSE,FALSE,NA,FALSE,NA,FALSE,NA,NA
1824,0.546,NA,NA,0.782,NA,NA,NA,NA,NA,1.466,0.967,1.492,1.899,NA,2.605,2.142,NA,NA,0.441,NA,NA,0.297,0.332,NA,NA,NA,NA,NA,NA,NA,NA,NA,0.533,NA,2.803,NA,0.414,0.758,0.828,0.895,NA,NA,0.809,NA,1.036,1.151,NA,NA,NA,0.979,2.559,0.249,NA,1.639,0.695,0.924,NA,NA,1.581,0.583,0.819,NA,0.328,NA,0.573,0.626,0.529,0.312,0.689,NA,0.416,NA,0.783,NA,NA,FALSE,NA,NA,FALSE,NA,NA,NA,NA,NA,FALSE,FALSE,FALSE,FALSE,NA,FALSE,FALSE,NA,NA,FALSE,NA,NA,FALSE,FALSE,NA,NA,NA,NA,NA,NA,NA,NA,NA,FALSE,NA,FALSE,NA,FALSE,FALSE,FALSE,FALSE,NA,NA,FALSE,NA,FALSE,FALSE,NA,NA,NA,FALSE,TRUE,FALSE,NA,FALSE,FALSE,FALSE,NA,NA,FALSE,FALSE,FALSE,NA,FALSE,NA,FALSE,FALSE,FALSE,FALSE,FALSE,NA,FALSE,NA,FALSE,NA,NA
1825,1,NA,NA,1.114,NA,NA,NA,NA,NA,2.005,0.911,2.435,2.012,NA,1.723,2.045,NA,NA,0.541,NA,NA,0.515,0.856,NA,NA,NA,NA,NA,NA,NA,NA,NA,0.587,NA,4.684,NA,0.658,0.901,1.04,0.975,NA,NA,0.965,NA,1.27,1.345,NA,NA,NA,0.968,1.89,0.713,NA,2.222,0.869,0.857,NA,NA,2.263,2.488,0.658,NA,0.744,NA,0.453,0.674,1.112,1.041,1.438,NA,0.56,NA,1.344,NA,NA,FALSE,NA,NA,FALSE,NA,NA,NA,NA,NA,FALSE,FALSE,FALSE,FALSE,NA,FALSE,FALSE,NA,NA,FALSE,NA,NA,FALSE,FALSE,NA,NA,NA,NA,NA,NA,NA,NA,NA,FALSE,NA,TRUE,NA,FALSE,FALSE,FALSE,FALSE,NA,NA,FALSE,NA,FALSE,FALSE,NA,NA,NA,FALSE,FALSE,FALSE,NA,FALSE,FALSE,FALSE,NA,NA,FALSE,FALSE,FALSE,NA,FALSE,NA,FALSE,FALSE,FALSE,FALSE,FALSE,NA,FALSE,NA,FALSE,NA,NA
1826,1.666,NA,1.182,1.325,NA,NA,NA,NA,NA,2.148,1.603,3.164,1.847,NA,0.935,1.479,NA,NA,1.037,NA,NA,0.89,1.296,NA,NA,NA,NA,NA,NA,NA,NA,NA,1.341,NA,4.406,NA,0.641,0.739,0.636,1.021,NA,NA,1.305,NA,0.922,0.886,NA,NA,NA,0.87,1.804,1.17,NA,2.906,1.128,1.442,NA,3.375,2.574,1.915,0.902,NA,0.946,NA,1.041,1.235,1.619,0.912,1.812,NA,0.952,NA,1.054,NA,NA,FALSE,NA,FALSE,FALSE,NA,NA,NA,NA,NA,FALSE,FALSE,FALSE,FALSE,NA,FALSE,FALSE,NA,NA,FALSE,NA,NA,FALSE,FALSE,NA,NA,NA,NA,NA,NA,NA,NA,NA,FALSE,NA,TRUE,NA,FALSE,FALSE,FALSE,FALSE,NA,NA,FALSE,NA,FALSE,FALSE,NA,NA,NA,FALSE,FALSE,FALSE,NA,FALSE,FALSE,FALSE,NA,FALSE,FALSE,FALSE,FALSE,NA,FALSE,NA,FALSE,FALSE,FALSE,FALSE,FALSE,NA,FALSE,NA,FALSE,NA,NA
1827,0.96,NA,0.866,1.011,NA,NA,NA,NA,NA,1.166,0.957,1.523,1.21,NA,0.839,1.045,NA,NA,0.888,NA,NA,0.869,1.172,NA,NA,NA,NA,NA,NA,NA,NA,NA,1.989,NA,1.961,NA,0.457,0.691,0.413,0.77,NA,NA,1.073,NA,0.919,0.871,NA,NA,NA,0.601,1.273,1.125,NA,2.378,1.084,1.205,NA,2.495,1.494,1.728,0.667,NA,0.576,NA,0.567,0.947,1.281,0.632,1.06,NA,0.496,NA,0.929,NA,NA,FALSE,NA,FALSE,FALSE,NA,NA,NA,NA,NA,FALSE,FALSE,FALSE,FALSE,NA,FALSE,FALSE,NA,NA,FALSE,NA,NA,FALSE,FALSE,NA,NA,NA,NA,NA,NA,NA,NA,NA,FALSE,NA,FALSE,NA,FALSE,FALSE,FALSE,FALSE,NA,NA,FALSE,NA,FALSE,FALSE,NA,NA,NA,FALSE,FALSE,FALSE,NA,FALSE,FALSE,FALSE,NA,FALSE,FALSE,FALSE,FALSE,NA,FALSE,NA,FALSE,FALSE,FALSE,FALSE,FALSE,NA,FALSE,NA,FALSE,NA,NA
1828,1.52,NA,2.744,1.476,NA,NA,NA,NA,NA,1.847,1.087,3.099,2.083,NA,1.634,2.439,NA,NA,1.319,NA,NA,0.936,1.387,NA,NA,NA,NA,NA,NA,NA,NA,NA,1.984,NA,5.702,NA,0.722,1.013,1.083,1.474,NA,NA,1.793,NA,1.319,1.121,NA,NA,NA,1.007,1.736,2.061,NA,2.823,1.003,1.309,NA,4.306,1.983,2.95,0.659,NA,0.516,NA,1.236,1.048,1.231,0.96,1.705,NA,0.975,NA,1.108,NA,NA,FALSE,NA,TRUE,FALSE,NA,NA,NA,NA,NA,FALSE,FALSE,FALSE,FALSE,NA,FALSE,FALSE,NA,NA,FALSE,NA,NA,FALSE,FALSE,NA,NA,NA,NA,NA,NA,NA,NA,NA,FALSE,NA,TRUE,NA,FALSE,FALSE,FALSE,FALSE,NA,NA,TRUE,NA,FALSE,FALSE,NA,NA,NA,FALSE,FALSE,TRUE,NA,FALSE,FALSE,FALSE,NA,TRUE,FALSE,FALSE,FALSE,NA,FALSE,NA,FALSE,FALSE,FALSE,FALSE,FALSE,NA,FALSE,NA,FALSE,NA,NA
1829,0.354,NA,0.672,0.256,NA,NA,NA,NA,NA,0.598,0.613,0.887,0.641,NA,0.54,0.599,NA,NA,0.297,NA,NA,0.3,0.343,NA,NA,NA,NA,NA,NA,NA,NA,NA,0.432,NA,1.307,NA,0.242,0.363,0.34,0.402,NA,NA,0.471,NA,0.539,0.447,NA,NA,NA,0.402,0.426,0.714,NA,0.624,0.544,0.616,NA,0.887,0.527,0.501,0.327,NA,0.294,NA,0.221,0.399,0.745,0.257,0.669,NA,0.25,NA,0.375,NA,NA,FALSE,NA,FALSE,FALSE,NA,NA,NA,NA,NA,FALSE,FALSE,FALSE,FALSE,NA,FALSE,FALSE,NA,NA,FALSE,NA,NA,FALSE,FALSE,NA,NA,NA,NA,NA,NA,NA,NA,NA,FALSE,NA,FALSE,NA,FALSE,FALSE,FALSE,FALSE,NA,NA,FALSE,NA,FALSE,FALSE,NA,NA,NA,FALSE,FALSE,FALSE,NA,FALSE,FALSE,FALSE,NA,FALSE,FALSE,FALSE,FALSE,NA,FALSE,NA,FALSE,FALSE,FALSE,FALSE,FALSE,NA,FALSE,NA,FALSE,NA,NA
1830,0.785,NA,1.789,0.758,NA,NA,NA,NA,NA,1.052,1.131,1.73,1.038,NA,1.384,1.614,NA,NA,0.682,NA,NA,0.535,0.586,NA,NA,NA,NA,NA,NA,NA,NA,NA,1.422,NA,3.236,NA,0.561,0.793,0.873,1.222,NA,NA,0.635,NA,1.141,1.134,NA,NA,NA,0.719,1.139,0.976,NA,2.423,0.728,0.886,NA,2.059,0.838,0.821,0.694,NA,0.748,NA,0.738,0.581,1.581,0.863,1.52,NA,0.509,NA,1.263,NA,NA,FALSE,NA,FALSE,FALSE,NA,NA,NA,NA,NA,FALSE,FALSE,FALSE,FALSE,NA,FALSE,FALSE,NA,NA,FALSE,NA,NA,FALSE,FALSE,NA,NA,NA,NA,NA,NA,NA,NA,NA,FALSE,NA,FALSE,NA,FALSE,FALSE,FALSE,FALSE,NA,NA,FALSE,NA,FALSE,FALSE,NA,NA,NA,FALSE,FALSE,FALSE,NA,FALSE,FALSE,FALSE,NA,FALSE,FALSE,FALSE,FALSE,NA,FALSE,NA,FALSE,FALSE,FALSE,FALSE,FALSE,NA,FALSE,NA,FALSE,NA,NA
1831,0.803,NA,2.321,0.698,NA,NA,NA,NA,NA,1.419,1.043,2.282,0.813,NA,1.341,1.471,NA,NA,0.637,NA,NA,0.621,0.847,NA,NA,NA,NA,NA,NA,NA,NA,NA,2.324,NA,3.263,NA,0.6,0.787,0.687,0.943,NA,NA,0.771,NA,1.183,1.039,NA,NA,NA,0.564,1.499,0.951,NA,1.719,0.85,1.258,NA,2.816,1.404,1.086,0.453,NA,0.81,NA,NA,0.716,2.414,0.869,1.151,NA,0.55,NA,1.044,NA,NA,FALSE,NA,FALSE,FALSE,NA,NA,NA,NA,NA,FALSE,FALSE,FALSE,FALSE,NA,FALSE,FALSE,NA,NA,FALSE,NA,NA,FALSE,FALSE,NA,NA,NA,NA,NA,NA,NA,NA,NA,FALSE,NA,FALSE,NA,FALSE,FALSE,FALSE,FALSE,NA,NA,FALSE,NA,FALSE,FALSE,NA,NA,NA,FALSE,FALSE,FALSE,NA,FALSE,FALSE,FALSE,NA,FALSE,FALSE,FALSE,FALSE,NA,FALSE,NA,NA,FALSE,FALSE,FALSE,FALSE,NA,FALSE,NA,FALSE,NA,NA
1832,2.178,NA,2.186,1.647,NA,NA,NA,NA,NA,1.262,0.897,1.542,0.995,NA,1.893,1.931,NA,NA,0.893,NA,NA,0.889,1.307,NA,NA,NA,NA,NA,NA,NA,NA,NA,3.576,NA,4.839,NA,0.61,0.77,1.18,1.289,NA,NA,0.536,NA,1.043,1.066,NA,NA,NA,0.936,1.877,1.299,NA,2.426,0.875,0.941,NA,4.359,2.386,1.972,0.492,NA,0.577,NA,NA,0.854,2.914,0.906,1.414,NA,0.668,NA,1.474,NA,NA,FALSE,NA,FALSE,FALSE,NA,NA,NA,NA,NA,FALSE,FALSE,FALSE,FALSE,NA,FALSE,FALSE,NA,NA,FALSE,NA,NA,FALSE,FALSE,NA,NA,NA,NA,NA,NA,NA,NA,NA,TRUE,NA,TRUE,NA,FALSE,FALSE,FALSE,FALSE,NA,NA,FALSE,NA,FALSE,FALSE,NA,NA,NA,FALSE,FALSE,FALSE,NA,FALSE,FALSE,FALSE,NA,TRUE,FALSE,FALSE,FALSE,NA,FALSE,NA,NA,FALSE,TRUE,FALSE,FALSE,NA,FALSE,NA,FALSE,NA,NA
1833,1.564,NA,1.864,1.493,NA,NA,NA,NA,NA,1.78,1.356,1.984,0.88,NA,2.084,1.411,NA,NA,0.777,NA,NA,1.06,1.315,NA,NA,NA,NA,NA,NA,NA,NA,NA,2.567,NA,2.382,NA,0.658,0.959,1.056,1.179,NA,NA,0.768,NA,0.84,0.949,NA,NA,NA,0.68,1.689,0.949,NA,2.307,1.16,1.219,NA,3.45,1.225,1.022,0.501,NA,0.63,NA,NA,0.8,1.422,0.938,0.962,NA,0.732,NA,1.208,NA,NA,FALSE,NA,FALSE,FALSE,NA,NA,NA,NA,NA,FALSE,FALSE,FALSE,FALSE,NA,FALSE,FALSE,NA,NA,FALSE,NA,NA,FALSE,FALSE,NA,NA,NA,NA,NA,NA,NA,NA,NA,TRUE,NA,FALSE,NA,FALSE,FALSE,FALSE,FALSE,NA,NA,FALSE,NA,FALSE,FALSE,NA,NA,NA,FALSE,FALSE,FALSE,NA,FALSE,FALSE,FALSE,NA,FALSE,FALSE,FALSE,FALSE,NA,FALSE,NA,NA,FALSE,FALSE,FALSE,FALSE,NA,FALSE,NA,FALSE,NA,NA
1834,0.757,NA,2.036,0.569,NA,NA,NA,NA,NA,1.415,0.986,1.337,0.807,NA,1.691,1.298,NA,NA,0.485,NA,NA,0.499,0.583,NA,NA,NA,NA,NA,NA,NA,NA,NA,1.111,NA,1.951,NA,0.337,0.575,0.749,0.673,NA,NA,0.472,NA,0.846,0.893,NA,NA,NA,0.706,1.291,0.731,NA,1.602,0.75,0.841,NA,2.474,0.964,1.039,0.458,NA,0.447,NA,NA,0.644,0.856,0.625,0.535,NA,0.425,NA,0.817,NA,NA,FALSE,NA,FALSE,FALSE,NA,NA,NA,NA,NA,FALSE,FALSE,FALSE,FALSE,NA,FALSE,FALSE,NA,NA,FALSE,NA,NA,FALSE,FALSE,NA,NA,NA,NA,NA,NA,NA,NA,NA,FALSE,NA,FALSE,NA,FALSE,FALSE,FALSE,FALSE,NA,NA,FALSE,NA,FALSE,FALSE,NA,NA,NA,FALSE,FALSE,FALSE,NA,FALSE,FALSE,FALSE,NA,FALSE,FALSE,FALSE,FALSE,NA,FALSE,NA,NA,FALSE,FALSE,FALSE,FALSE,NA,FALSE,NA,FALSE,NA,NA
1835,0.624,NA,2.044,0.602,NA,NA,NA,NA,NA,1.201,0.944,1.104,0.693,NA,1.538,1.211,NA,NA,0.536,NA,NA,0.652,0.755,NA,NA,NA,NA,NA,NA,NA,NA,NA,1.731,NA,3.34,NA,0.57,0.945,0.759,0.818,NA,NA,0.516,NA,1.049,0.889,NA,NA,NA,0.785,1.907,0.645,NA,1.949,0.783,0.79,NA,2.166,1.004,0.888,0.429,NA,0.388,NA,NA,0.734,1.423,0.87,0.872,NA,0.672,NA,1.19,NA,NA,FALSE,NA,FALSE,FALSE,NA,NA,NA,NA,NA,FALSE,FALSE,FALSE,FALSE,NA,FALSE,FALSE,NA,NA,FALSE,NA,NA,FALSE,FALSE,NA,NA,NA,NA,NA,NA,NA,NA,NA,FALSE,NA,FALSE,NA,FALSE,FALSE,FALSE,FALSE,NA,NA,FALSE,NA,FALSE,FALSE,NA,NA,NA,FALSE,FALSE,FALSE,NA,FALSE,FALSE,FALSE,NA,FALSE,FALSE,FALSE,FALSE,NA,FALSE,NA,NA,FALSE,FALSE,FALSE,FALSE,NA,FALSE,NA,FALSE,NA,NA
1836,0.963,NA,2.42,1.033,NA,NA,NA,NA,NA,1.562,1.24,1.516,1.002,NA,2.121,1.267,NA,NA,0.879,NA,NA,0.875,1.274,NA,NA,NA,NA,NA,NA,NA,NA,NA,1.666,NA,2.833,NA,0.705,0.919,0.975,1.092,NA,3.934,0.618,NA,1.017,0.895,NA,NA,NA,1.158,1.941,0.921,NA,2.423,1.031,1.171,NA,2.63,1.423,1.072,0.464,NA,0.673,NA,NA,0.847,1.974,1.036,0.942,NA,0.843,NA,1.514,NA,NA,FALSE,NA,FALSE,FALSE,NA,NA,NA,NA,NA,FALSE,FALSE,FALSE,FALSE,NA,FALSE,FALSE,NA,NA,FALSE,NA,NA,FALSE,FALSE,NA,NA,NA,NA,NA,NA,NA,NA,NA,FALSE,NA,FALSE,NA,FALSE,FALSE,FALSE,FALSE,NA,TRUE,FALSE,NA,FALSE,FALSE,NA,NA,NA,FALSE,FALSE,FALSE,NA,FALSE,FALSE,FALSE,NA,FALSE,FALSE,FALSE,FALSE,NA,FALSE,NA,NA,FALSE,FALSE,FALSE,FALSE,NA,FALSE,NA,FALSE,NA,NA
1837,0.546,NA,1.913,0.386,NA,NA,NA,NA,NA,0.847,0.569,0.859,0.569,NA,0.85,0.707,NA,NA,0.573,NA,NA,0.347,0.453,NA,NA,NA,NA,NA,NA,NA,NA,NA,1.184,NA,2.236,NA,0.442,0.552,0.645,0.759,NA,2.894,0.451,NA,1.224,2.238,NA,NA,NA,0.525,1.403,0.654,NA,0.986,0.578,0.503,NA,2.215,0.969,0.832,0.55,NA,0.527,NA,NA,0.475,1.316,0.683,0.649,NA,0.546,NA,0.839,NA,NA,FALSE,NA,FALSE,FALSE,NA,NA,NA,NA,NA,FALSE,FALSE,FALSE,FALSE,NA,FALSE,FALSE,NA,NA,FALSE,NA,NA,FALSE,FALSE,NA,NA,NA,NA,NA,NA,NA,NA,NA,FALSE,NA,FALSE,NA,FALSE,FALSE,FALSE,FALSE,NA,FALSE,FALSE,NA,FALSE,TRUE,NA,NA,NA,FALSE,FALSE,FALSE,NA,FALSE,FALSE,FALSE,NA,FALSE,FALSE,FALSE,FALSE,NA,FALSE,NA,NA,FALSE,FALSE,FALSE,FALSE,NA,FALSE,NA,FALSE,NA,NA
1838,0.552,NA,3.052,0.847,NA,NA,NA,NA,NA,1.454,1.263,1.394,0.954,NA,1.504,2.195,NA,NA,0.625,NA,NA,0.577,0.781,NA,NA,NA,NA,NA,NA,NA,NA,NA,2.222,NA,2.745,NA,0.653,0.6,0.97,1.215,NA,5.553,0.574,NA,1.441,1.756,NA,NA,NA,1.055,1.403,0.744,NA,2.077,1.153,1.339,NA,3.658,2.173,1.728,0.443,NA,0.496,NA,NA,0.575,2.783,1.818,1.02,NA,1.02,NA,1.581,NA,NA,FALSE,NA,TRUE,FALSE,NA,NA,NA,NA,NA,FALSE,FALSE,FALSE,FALSE,NA,FALSE,FALSE,NA,NA,FALSE,NA,NA,FALSE,FALSE,NA,NA,NA,NA,NA,NA,NA,NA,NA,FALSE,NA,FALSE,NA,FALSE,FALSE,FALSE,FALSE,NA,TRUE,FALSE,NA,FALSE,FALSE,NA,NA,NA,FALSE,FALSE,FALSE,NA,FALSE,FALSE,FALSE,NA,FALSE,FALSE,FALSE,FALSE,NA,FALSE,NA,NA,FALSE,FALSE,FALSE,FALSE,NA,FALSE,NA,FALSE,NA,NA
1839,0.617,NA,2.2,0.784,NA,NA,NA,NA,NA,1.251,0.899,0.908,0.45,NA,0.557,1.31,NA,NA,0.657,NA,0.68,0.654,0.946,NA,NA,NA,NA,NA,NA,NA,NA,NA,1.664,NA,1.63,NA,0.432,0.541,0.861,0.676,NA,3.288,0.527,NA,0.886,1.302,NA,NA,NA,0.702,0.856,0.519,NA,1.58,0.832,0.792,NA,2.833,2.132,1.672,0.526,NA,0.541,NA,NA,0.582,1.978,1.268,0.841,NA,0.835,NA,1.036,NA,NA,FALSE,NA,FALSE,FALSE,NA,NA,NA,NA,NA,FALSE,FALSE,FALSE,FALSE,NA,FALSE,FALSE,NA,NA,FALSE,NA,FALSE,FALSE,FALSE,NA,NA,NA,NA,NA,NA,NA,NA,NA,FALSE,NA,FALSE,NA,FALSE,FALSE,FALSE,FALSE,NA,FALSE,FALSE,NA,FALSE,FALSE,NA,NA,NA,FALSE,FALSE,FALSE,NA,FALSE,FALSE,FALSE,NA,FALSE,FALSE,FALSE,FALSE,NA,FALSE,NA,NA,FALSE,FALSE,FALSE,FALSE,NA,FALSE,NA,FALSE,NA,NA
1840,0.887,NA,1.334,0.577,NA,NA,NA,NA,NA,0.777,0.712,0.988,0.588,NA,1.007,0.736,NA,NA,0.648,NA,0.697,0.586,0.758,NA,NA,NA,NA,NA,NA,NA,NA,NA,1.402,NA,1.541,NA,0.746,0.718,0.75,0.516,NA,2.455,0.46,NA,0.682,0.819,NA,0.754,NA,0.593,1.002,0.519,NA,1.309,0.666,0.687,NA,2.571,1.334,1.499,0.434,NA,0.511,NA,NA,0.492,1.528,1.26,0.725,NA,0.686,NA,0.898,NA,NA,FALSE,NA,FALSE,FALSE,NA,NA,NA,NA,NA,FALSE,FALSE,FALSE,FALSE,NA,FALSE,FALSE,NA,NA,FALSE,NA,FALSE,FALSE,FALSE,NA,NA,NA,NA,NA,NA,NA,NA,NA,FALSE,NA,FALSE,NA,FALSE,FALSE,FALSE,FALSE,NA,FALSE,FALSE,NA,FALSE,FALSE,NA,FALSE,NA,FALSE,FALSE,FALSE,NA,FALSE,FALSE,FALSE,NA,FALSE,FALSE,FALSE,FALSE,NA,FALSE,NA,NA,FALSE,FALSE,FALSE,FALSE,NA,FALSE,NA,FALSE,NA,NA
1841,0.122,NA,0.385,0.118,NA,NA,NA,NA,NA,0.242,0.409,0.357,0.158,NA,0.611,0.31,NA,NA,0.149,NA,0.205,0.283,0.229,NA,NA,NA,NA,NA,NA,NA,NA,NA,0.342,NA,0.459,NA,0.126,0.263,0.258,0.216,NA,0.323,0.258,NA,0.314,0.251,NA,0.221,NA,0.321,0.258,0.249,NA,0.459,0.425,0.425,NA,0.562,0.169,0.181,0.233,NA,0.097,NA,NA,0.1,0.418,0.29,0.316,NA,0.173,NA,0.235,NA,NA,FALSE,NA,FALSE,FALSE,NA,NA,NA,NA,NA,FALSE,FALSE,FALSE,FALSE,NA,FALSE,FALSE,NA,NA,FALSE,NA,FALSE,FALSE,FALSE,NA,NA,NA,NA,NA,NA,NA,NA,NA,FALSE,NA,FALSE,NA,FALSE,FALSE,FALSE,FALSE,NA,FALSE,FALSE,NA,FALSE,FALSE,NA,FALSE,NA,FALSE,FALSE,FALSE,NA,FALSE,FALSE,FALSE,NA,FALSE,FALSE,FALSE,FALSE,NA,FALSE,NA,NA,FALSE,FALSE,FALSE,FALSE,NA,FALSE,NA,FALSE,NA,NA
1842,0.385,NA,1.807,0.737,NA,NA,NA,NA,NA,0.872,0.792,0.893,0.625,NA,1.456,1.11,NA,NA,0.502,NA,1.047,0.569,0.798,NA,NA,NA,NA,NA,NA,NA,NA,NA,1.949,NA,2.493,NA,0.743,0.513,0.797,0.721,NA,3.243,0.542,NA,1.121,0.768,NA,0.875,NA,0.775,0.937,0.335,NA,1.406,0.688,0.973,NA,2.366,1.414,2.007,0.395,NA,0.331,NA,NA,0.497,1.752,0.865,0.795,NA,0.625,NA,1,NA,NA,FALSE,NA,FALSE,FALSE,NA,NA,NA,NA,NA,FALSE,FALSE,FALSE,FALSE,NA,FALSE,FALSE,NA,NA,FALSE,NA,FALSE,FALSE,FALSE,NA,NA,NA,NA,NA,NA,NA,NA,NA,FALSE,NA,FALSE,NA,FALSE,FALSE,FALSE,FALSE,NA,FALSE,FALSE,NA,FALSE,FALSE,NA,FALSE,NA,FALSE,FALSE,FALSE,NA,FALSE,FALSE,FALSE,NA,FALSE,FALSE,FALSE,FALSE,NA,FALSE,NA,NA,FALSE,FALSE,FALSE,FALSE,NA,FALSE,NA,FALSE,NA,NA
1843,0.089,NA,0.397,0.104,0.246,NA,NA,0.488,NA,0.329,0.466,0.43,0.257,NA,0.724,0.386,NA,NA,0.24,NA,0.493,0.225,0.305,NA,NA,NA,NA,NA,NA,NA,NA,NA,0.53,NA,0.699,NA,0.276,0.234,0.285,0.261,NA,0.454,0.428,NA,0.288,0.317,NA,0.396,NA,0.428,0.272,0.435,NA,0.508,0.445,0.574,NA,0.632,0.417,0.472,0.224,NA,0.245,NA,NA,0.455,0.614,0.336,0.438,NA,0.305,NA,0.506,NA,NA,FALSE,NA,FALSE,FALSE,FALSE,NA,NA,FALSE,NA,FALSE,FALSE,FALSE,FALSE,NA,FALSE,FALSE,NA,NA,FALSE,NA,FALSE,FALSE,FALSE,NA,NA,NA,NA,NA,NA,NA,NA,NA,FALSE,NA,FALSE,NA,FALSE,FALSE,FALSE,FALSE,NA,FALSE,FALSE,NA,FALSE,FALSE,NA,FALSE,NA,FALSE,FALSE,FALSE,NA,FALSE,FALSE,FALSE,NA,FALSE,FALSE,FALSE,FALSE,NA,FALSE,NA,NA,FALSE,FALSE,FALSE,FALSE,NA,FALSE,NA,FALSE,NA,NA
1844,0.231,NA,0.973,0.193,0.452,NA,NA,0.949,NA,0.695,0.706,0.537,0.475,NA,0.546,0.816,NA,NA,0.432,NA,0.598,0.308,0.348,NA,NA,NA,NA,NA,NA,NA,NA,NA,0.68,NA,0.71,NA,0.263,0.236,0.447,0.373,NA,0.917,0.394,NA,0.699,0.587,NA,0.664,NA,0.799,0.444,0.559,NA,1.323,0.513,0.561,NA,1.802,0.482,0.575,0.429,NA,0.345,NA,NA,0.519,0.702,0.364,0.592,NA,0.425,NA,0.59,NA,NA,FALSE,NA,FALSE,FALSE,FALSE,NA,NA,FALSE,NA,FALSE,FALSE,FALSE,FALSE,NA,FALSE,FALSE,NA,NA,FALSE,NA,FALSE,FALSE,FALSE,NA,NA,NA,NA,NA,NA,NA,NA,NA,FALSE,NA,FALSE,NA,FALSE,FALSE,FALSE,FALSE,NA,FALSE,FALSE,NA,FALSE,FALSE,NA,FALSE,NA,FALSE,FALSE,FALSE,NA,FALSE,FALSE,FALSE,NA,FALSE,FALSE,FALSE,FALSE,NA,FALSE,NA,NA,FALSE,FALSE,FALSE,FALSE,NA,FALSE,NA,FALSE,NA,NA
1845,0.569,NA,1.826,0.361,1.248,NA,NA,1.917,NA,0.926,1.158,0.788,0.593,NA,1.146,1.602,NA,NA,0.777,NA,1.524,0.474,1.004,NA,NA,NA,NA,NA,NA,NA,NA,NA,2.182,NA,3.02,NA,0.566,0.494,1.01,1.501,NA,2.599,0.458,NA,0.853,0.67,NA,0.877,NA,1.822,0.769,0.796,NA,1.976,0.613,1.034,NA,3.125,0.989,0.875,0.442,NA,0.343,NA,NA,0.51,0.887,0.714,0.737,NA,0.367,NA,0.909,NA,NA,FALSE,NA,FALSE,FALSE,FALSE,NA,NA,FALSE,NA,FALSE,FALSE,FALSE,FALSE,NA,FALSE,FALSE,NA,NA,FALSE,NA,TRUE,FALSE,FALSE,NA,NA,NA,NA,NA,NA,NA,NA,NA,FALSE,NA,FALSE,NA,FALSE,FALSE,FALSE,FALSE,NA,FALSE,FALSE,NA,FALSE,FALSE,NA,FALSE,NA,TRUE,FALSE,FALSE,NA,FALSE,FALSE,FALSE,NA,FALSE,FALSE,FALSE,FALSE,NA,FALSE,NA,NA,FALSE,FALSE,FALSE,FALSE,NA,FALSE,NA,FALSE,NA,NA
1846,0.532,NA,0.755,0.215,0.465,NA,NA,1.1,NA,1.069,0.977,0.958,0.522,NA,0.688,0.894,NA,NA,0.343,NA,0.5,0.291,0.409,NA,NA,NA,NA,NA,NA,NA,NA,0.763,0.819,NA,1.11,NA,0.397,0.419,0.571,0.908,NA,1.227,0.294,NA,0.661,0.463,NA,0.983,NA,0.99,0.519,0.458,NA,1.452,0.496,0.639,NA,2.072,1.041,0.826,0.384,NA,0.447,NA,NA,0.67,0.716,0.467,0.604,NA,0.183,NA,0.912,NA,NA,FALSE,NA,FALSE,FALSE,FALSE,NA,NA,FALSE,NA,FALSE,FALSE,FALSE,FALSE,NA,FALSE,FALSE,NA,NA,FALSE,NA,FALSE,FALSE,FALSE,NA,NA,NA,NA,NA,NA,NA,NA,FALSE,FALSE,NA,FALSE,NA,FALSE,FALSE,FALSE,FALSE,NA,FALSE,FALSE,NA,FALSE,FALSE,NA,FALSE,NA,FALSE,FALSE,FALSE,NA,FALSE,FALSE,FALSE,NA,FALSE,FALSE,FALSE,FALSE,NA,FALSE,NA,NA,FALSE,FALSE,FALSE,FALSE,NA,FALSE,NA,FALSE,NA,NA
1847,0.625,NA,1.508,0.347,1.106,NA,NA,1.648,NA,1.01,1.207,1.589,0.719,NA,1.074,3.246,NA,NA,0.375,NA,0.464,0.495,0.842,NA,NA,NA,NA,NA,NA,NA,NA,1.554,1.642,NA,2.301,NA,0.688,0.468,0.844,1.422,NA,1.55,0.625,NA,0.947,0.692,NA,1.276,NA,0.401,1.22,0.753,NA,2.309,0.707,1.042,NA,2.548,2.51,2.123,0.512,NA,0.52,NA,NA,0.64,1.523,0.759,0.981,NA,0.654,NA,0.878,NA,NA,FALSE,NA,FALSE,FALSE,FALSE,NA,NA,FALSE,NA,FALSE,FALSE,FALSE,FALSE,NA,FALSE,TRUE,NA,NA,FALSE,NA,FALSE,FALSE,FALSE,NA,NA,NA,NA,NA,NA,NA,NA,FALSE,FALSE,NA,FALSE,NA,FALSE,FALSE,FALSE,FALSE,NA,FALSE,FALSE,NA,FALSE,FALSE,NA,FALSE,NA,FALSE,FALSE,FALSE,NA,FALSE,FALSE,FALSE,NA,FALSE,FALSE,FALSE,FALSE,NA,FALSE,NA,NA,FALSE,FALSE,FALSE,FALSE,NA,FALSE,NA,FALSE,NA,NA
1848,1.222,NA,2.225,0.398,1.221,NA,NA,1.717,NA,1.26,1.647,1.483,0.749,NA,1.319,2.135,NA,NA,0.623,NA,0.782,0.776,1.031,NA,NA,NA,NA,NA,NA,NA,NA,1.006,1.395,NA,1.84,NA,0.744,0.994,0.863,0.848,4.94,1.883,0.609,NA,0.837,0.598,NA,1.046,NA,0.886,1.112,0.719,NA,2.009,0.789,1.009,NA,2.749,1.826,1.624,0.539,NA,0.787,NA,NA,0.902,1.447,0.748,1.017,NA,0.475,NA,1.65,NA,NA,FALSE,NA,FALSE,FALSE,FALSE,NA,NA,FALSE,NA,FALSE,FALSE,FALSE,FALSE,NA,FALSE,FALSE,NA,NA,FALSE,NA,FALSE,FALSE,FALSE,NA,NA,NA,NA,NA,NA,NA,NA,FALSE,FALSE,NA,FALSE,NA,FALSE,FALSE,FALSE,FALSE,TRUE,FALSE,FALSE,NA,FALSE,FALSE,NA,FALSE,NA,FALSE,FALSE,FALSE,NA,FALSE,FALSE,FALSE,NA,FALSE,FALSE,FALSE,FALSE,NA,FALSE,NA,NA,FALSE,FALSE,FALSE,FALSE,NA,FALSE,NA,FALSE,NA,NA
1849,0.554,NA,1.393,0.517,1.635,NA,NA,2.75,NA,0.732,0.75,0.814,0.427,NA,0.944,1.395,NA,NA,0.441,NA,0.584,0.436,0.647,NA,NA,NA,NA,NA,NA,NA,NA,2.225,2.011,NA,1.353,NA,0.524,0.438,0.823,0.801,3.44,2.614,0.458,NA,0.735,0.679,NA,0.735,NA,0.681,0.939,0.827,NA,1.088,0.595,0.775,NA,2.42,1.027,1.199,0.378,NA,0.511,NA,NA,0.562,1.626,0.535,0.95,NA,0.651,NA,1.282,NA,NA,FALSE,NA,FALSE,FALSE,FALSE,NA,NA,TRUE,NA,FALSE,FALSE,FALSE,FALSE,NA,FALSE,FALSE,NA,NA,FALSE,NA,FALSE,FALSE,FALSE,NA,NA,NA,NA,NA,NA,NA,NA,FALSE,FALSE,NA,FALSE,NA,FALSE,FALSE,FALSE,FALSE,TRUE,FALSE,FALSE,NA,FALSE,FALSE,NA,FALSE,NA,FALSE,FALSE,FALSE,NA,FALSE,FALSE,FALSE,NA,FALSE,FALSE,FALSE,FALSE,NA,FALSE,NA,NA,FALSE,FALSE,FALSE,FALSE,NA,FALSE,NA,FALSE,NA,NA
1850,0.719,NA,2.382,0.417,1.406,NA,NA,2.477,NA,1.464,0.897,1.7,0.434,NA,1.848,1.421,NA,NA,0.454,NA,0.445,0.618,1.213,NA,NA,NA,NA,NA,NA,NA,NA,2.138,1.885,NA,1.335,NA,0.531,0.567,0.881,0.782,2.654,2.331,0.603,NA,0.674,0.642,NA,0.763,NA,0.654,1.015,0.835,NA,1.928,0.664,0.701,NA,2.514,1.177,1.026,0.298,NA,0.434,NA,NA,0.49,1.434,0.392,0.74,NA,0.466,NA,0.968,NA,NA,FALSE,NA,FALSE,FALSE,FALSE,NA,NA,FALSE,NA,FALSE,FALSE,FALSE,FALSE,NA,FALSE,FALSE,NA,NA,FALSE,NA,FALSE,FALSE,FALSE,NA,NA,NA,NA,NA,NA,NA,NA,FALSE,FALSE,NA,FALSE,NA,FALSE,FALSE,FALSE,FALSE,TRUE,FALSE,FALSE,NA,FALSE,FALSE,NA,FALSE,NA,FALSE,FALSE,FALSE,NA,FALSE,FALSE,FALSE,NA,FALSE,FALSE,FALSE,FALSE,NA,FALSE,NA,NA,FALSE,FALSE,FALSE,FALSE,NA,FALSE,NA,FALSE,NA,NA
1851,0.393,NA,1.222,0.091,0.559,NA,NA,1.217,NA,0.79,0.652,0.844,0.342,NA,0.599,0.377,NA,NA,0.305,NA,0.336,0.231,0.312,NA,NA,NA,NA,NA,NA,NA,NA,1.006,0.635,NA,0.585,NA,0.366,0.41,0.561,0.543,1.272,1.103,0.506,NA,0.538,0.378,NA,0.579,NA,0.527,0.532,0.611,NA,0.954,0.471,0.509,NA,1.166,0.488,0.447,NA,NA,NA,NA,NA,0.501,0.981,0.166,0.418,NA,0.347,NA,0.628,NA,NA,FALSE,NA,FALSE,FALSE,FALSE,NA,NA,FALSE,NA,FALSE,FALSE,FALSE,FALSE,NA,FALSE,FALSE,NA,NA,FALSE,NA,FALSE,FALSE,FALSE,NA,NA,NA,NA,NA,NA,NA,NA,FALSE,FALSE,NA,FALSE,NA,FALSE,FALSE,FALSE,FALSE,FALSE,FALSE,FALSE,NA,FALSE,FALSE,NA,FALSE,NA,FALSE,FALSE,FALSE,NA,FALSE,FALSE,FALSE,NA,FALSE,FALSE,FALSE,NA,NA,NA,NA,NA,FALSE,FALSE,FALSE,FALSE,NA,FALSE,NA,FALSE,NA,NA
1852,0.562,NA,1.677,0.705,2.552,NA,NA,2.184,NA,0.902,1.016,1.959,0.458,NA,1.513,0.634,NA,NA,0.59,NA,0.812,0.409,0.816,NA,NA,NA,NA,NA,NA,NA,NA,2.117,1.183,NA,1.722,NA,0.734,0.821,0.744,1.06,2.565,3.483,0.659,NA,0.767,0.638,NA,0.763,NA,0.481,1.498,0.712,NA,1.66,0.858,0.898,NA,2.274,1.177,1.075,NA,NA,NA,NA,NA,0.629,1.647,0.389,0.901,NA,0.575,NA,0.608,NA,NA,FALSE,NA,FALSE,FALSE,TRUE,NA,NA,FALSE,NA,FALSE,FALSE,FALSE,FALSE,NA,FALSE,FALSE,NA,NA,FALSE,NA,FALSE,FALSE,FALSE,NA,NA,NA,NA,NA,NA,NA,NA,FALSE,FALSE,NA,FALSE,NA,FALSE,FALSE,FALSE,FALSE,FALSE,TRUE,FALSE,NA,FALSE,FALSE,NA,FALSE,NA,FALSE,FALSE,FALSE,NA,FALSE,FALSE,FALSE,NA,FALSE,FALSE,FALSE,NA,NA,NA,NA,NA,FALSE,FALSE,FALSE,FALSE,NA,FALSE,NA,FALSE,NA,NA
1853,1.16,NA,1.961,1.021,2.399,NA,NA,1.319,NA,1.299,1.582,1.986,0.662,NA,1.138,0.91,NA,NA,0.671,NA,1.132,1.081,1.496,NA,NA,NA,NA,NA,NA,NA,NA,1.884,1.777,NA,2.347,NA,0.705,1.197,1.072,1.398,2.605,2.284,0.791,NA,0.81,0.917,NA,0.961,NA,1.058,1.611,0.814,NA,4.052,0.979,0.953,NA,2.8,0.9,0.888,NA,NA,NA,NA,NA,1.012,2.001,0.683,1.434,NA,0.465,NA,1.026,NA,NA,FALSE,NA,FALSE,FALSE,TRUE,NA,NA,FALSE,NA,FALSE,FALSE,FALSE,FALSE,NA,FALSE,FALSE,NA,NA,FALSE,NA,FALSE,FALSE,FALSE,NA,NA,NA,NA,NA,NA,NA,NA,FALSE,FALSE,NA,FALSE,NA,FALSE,FALSE,FALSE,FALSE,FALSE,FALSE,FALSE,NA,FALSE,FALSE,NA,FALSE,NA,FALSE,FALSE,FALSE,NA,TRUE,FALSE,FALSE,NA,FALSE,FALSE,FALSE,NA,NA,NA,NA,NA,FALSE,FALSE,FALSE,FALSE,NA,FALSE,NA,FALSE,NA,NA
1854,0.67,NA,2.005,0.72,1.467,NA,NA,2.951,NA,1.655,0.909,2.049,0.734,NA,1.405,0.954,NA,NA,0.706,NA,0.789,0.799,0.829,NA,NA,NA,NA,NA,NA,NA,NA,1.838,1.31,NA,1.723,NA,0.781,1.086,0.87,0.958,2.601,1.132,0.742,NA,1.01,1.006,NA,0.779,NA,1.147,2.343,0.902,NA,3.692,0.826,0.921,NA,2.486,0.703,0.641,NA,NA,NA,NA,NA,0.974,1.687,0.294,0.945,NA,0.501,NA,0.948,NA,NA,FALSE,NA,FALSE,FALSE,FALSE,NA,NA,TRUE,NA,FALSE,FALSE,FALSE,FALSE,NA,FALSE,FALSE,NA,NA,FALSE,NA,FALSE,FALSE,FALSE,NA,NA,NA,NA,NA,NA,NA,NA,FALSE,FALSE,NA,FALSE,NA,FALSE,FALSE,FALSE,FALSE,FALSE,FALSE,FALSE,NA,FALSE,FALSE,NA,FALSE,NA,FALSE,FALSE,FALSE,NA,FALSE,FALSE,FALSE,NA,FALSE,FALSE,FALSE,NA,NA,NA,NA,NA,FALSE,FALSE,FALSE,FALSE,NA,FALSE,NA,FALSE,NA,NA
1855,0.364,NA,1.548,0.462,1.064,NA,NA,2.107,NA,1.191,1.282,1.298,0.581,NA,1.163,0.729,NA,NA,0.493,NA,0.402,0.623,0.802,NA,NA,NA,NA,NA,NA,NA,NA,1.905,0.951,NA,1.333,NA,0.513,0.875,0.682,0.89,2.522,1.083,0.532,NA,0.833,0.701,NA,1.142,NA,1.098,1.555,0.881,NA,1.875,0.867,0.889,NA,2.055,0.444,0.479,NA,NA,NA,NA,NA,0.599,1.347,0.214,0.668,NA,0.348,NA,0.747,NA,NA,FALSE,NA,FALSE,FALSE,FALSE,NA,NA,FALSE,NA,FALSE,FALSE,FALSE,FALSE,NA,FALSE,FALSE,NA,NA,FALSE,NA,FALSE,FALSE,FALSE,NA,NA,NA,NA,NA,NA,NA,NA,FALSE,FALSE,NA,FALSE,NA,FALSE,FALSE,FALSE,FALSE,FALSE,FALSE,FALSE,NA,FALSE,FALSE,NA,FALSE,NA,FALSE,FALSE,FALSE,NA,FALSE,FALSE,FALSE,NA,FALSE,FALSE,FALSE,NA,NA,NA,NA,NA,FALSE,FALSE,FALSE,FALSE,NA,FALSE,NA,FALSE,NA,NA
1856,0.275,NA,0.669,0.134,0.376,NA,NA,1.065,NA,0.64,0.799,0.638,0.435,NA,0.44,0.415,NA,NA,0.322,NA,0.34,0.228,0.289,NA,NA,NA,NA,NA,NA,NA,NA,0.392,0.57,NA,0.696,NA,0.334,0.356,0.375,0.418,0.725,0.583,0.323,NA,0.649,0.52,NA,0.611,NA,0.511,0.468,0.39,NA,0.677,0.41,0.486,NA,0.797,0.307,0.328,NA,NA,NA,NA,NA,0.491,0.536,0.175,0.324,NA,0.305,NA,0.39,NA,NA,FALSE,NA,FALSE,FALSE,FALSE,NA,NA,FALSE,NA,FALSE,FALSE,FALSE,FALSE,NA,FALSE,FALSE,NA,NA,FALSE,NA,FALSE,FALSE,FALSE,NA,NA,NA,NA,NA,NA,NA,NA,FALSE,FALSE,NA,FALSE,NA,FALSE,FALSE,FALSE,FALSE,FALSE,FALSE,FALSE,NA,FALSE,FALSE,NA,FALSE,NA,FALSE,FALSE,FALSE,NA,FALSE,FALSE,FALSE,NA,FALSE,FALSE,FALSE,NA,NA,NA,NA,NA,FALSE,FALSE,FALSE,FALSE,NA,FALSE,NA,FALSE,NA,NA
1857,0.253,NA,0.903,0.205,0.583,NA,NA,1.401,NA,0.699,0.583,0.661,0.416,NA,0.705,0.493,NA,NA,0.563,NA,0.307,0.396,0.628,NA,NA,NA,NA,NA,NA,NA,NA,2.398,1.596,NA,1.328,NA,0.564,0.582,0.48,1.003,1.534,1.402,0.464,NA,0.856,0.568,NA,0.928,NA,0.7,0.876,0.517,NA,2.03,0.701,0.683,NA,1.367,0.503,0.421,NA,NA,NA,NA,NA,0.555,1.194,0.336,0.494,NA,0.431,NA,0.637,NA,NA,FALSE,NA,FALSE,FALSE,FALSE,NA,NA,FALSE,NA,FALSE,FALSE,FALSE,FALSE,NA,FALSE,FALSE,NA,NA,FALSE,NA,FALSE,FALSE,FALSE,NA,NA,NA,NA,NA,NA,NA,NA,FALSE,FALSE,NA,FALSE,NA,FALSE,FALSE,FALSE,FALSE,FALSE,FALSE,FALSE,NA,FALSE,FALSE,NA,FALSE,NA,FALSE,FALSE,FALSE,NA,FALSE,FALSE,FALSE,NA,FALSE,FALSE,FALSE,NA,NA,NA,NA,NA,FALSE,FALSE,FALSE,FALSE,NA,FALSE,NA,FALSE,NA,NA
1858,0.278,NA,0.395,0.076,0.257,NA,NA,0.819,NA,0.478,0.583,0.602,0.397,NA,0.62,0.25,NA,NA,0.11,NA,0.234,0.24,0.274,NA,NA,NA,NA,NA,NA,NA,NA,0.423,0.793,NA,0.721,NA,0.291,0.354,0.241,0.422,0.409,0.605,0.499,NA,0.388,0.391,NA,0.602,NA,0.569,0.396,0.435,NA,0.567,0.414,0.461,NA,0.776,0.313,0.144,NA,NA,NA,NA,NA,0.444,0.57,0.115,0.294,NA,0.195,NA,0.475,NA,NA,FALSE,NA,FALSE,FALSE,FALSE,NA,NA,FALSE,NA,FALSE,FALSE,FALSE,FALSE,NA,FALSE,FALSE,NA,NA,FALSE,NA,FALSE,FALSE,FALSE,NA,NA,NA,NA,NA,NA,NA,NA,FALSE,FALSE,NA,FALSE,NA,FALSE,FALSE,FALSE,FALSE,FALSE,FALSE,FALSE,NA,FALSE,FALSE,NA,FALSE,NA,FALSE,FALSE,FALSE,NA,FALSE,FALSE,FALSE,NA,FALSE,FALSE,FALSE,NA,NA,NA,NA,NA,FALSE,FALSE,FALSE,FALSE,NA,FALSE,NA,FALSE,NA,NA
1859,0.39,NA,0.792,0.302,0.531,NA,NA,1.195,NA,0.596,0.666,0.683,0.445,NA,0.821,0.597,NA,NA,0.458,NA,0.453,0.344,0.466,NA,NA,NA,NA,NA,NA,NA,NA,1.319,1.627,NA,1.04,NA,0.452,0.673,0.472,0.68,0.76,1.34,0.444,NA,0.68,0.599,NA,0.8,NA,0.758,1.305,0.636,NA,1.241,0.654,0.601,NA,1.18,0.641,0.819,NA,NA,NA,NA,NA,0.416,0.98,0.386,0.707,NA,0.401,NA,0.712,NA,NA,FALSE,NA,FALSE,FALSE,FALSE,NA,NA,FALSE,NA,FALSE,FALSE,FALSE,FALSE,NA,FALSE,FALSE,NA,NA,FALSE,NA,FALSE,FALSE,FALSE,NA,NA,NA,NA,NA,NA,NA,NA,FALSE,FALSE,NA,FALSE,NA,FALSE,FALSE,FALSE,FALSE,FALSE,FALSE,FALSE,NA,FALSE,FALSE,NA,FALSE,NA,FALSE,FALSE,FALSE,NA,FALSE,FALSE,FALSE,NA,FALSE,FALSE,FALSE,NA,NA,NA,NA,NA,FALSE,FALSE,FALSE,FALSE,NA,FALSE,NA,FALSE,NA,NA
1860,0.418,NA,2.237,0.541,1.034,NA,NA,2.038,NA,1.285,0.873,2.006,0.656,NA,1.737,1.382,NA,NA,0.497,NA,0.707,1.048,1.304,NA,NA,NA,NA,NA,NA,NA,NA,2.476,1.549,NA,1.993,NA,0.65,0.993,1.121,1.041,1.128,1.855,0.664,NA,1.013,0.865,NA,1.271,NA,1.347,1.697,1.069,NA,1.783,1.115,1.234,NA,2.15,1.268,1.542,NA,NA,NA,NA,NA,0.717,1.491,0.48,1.283,NA,0.639,NA,1.369,NA,NA,FALSE,NA,FALSE,FALSE,FALSE,NA,NA,FALSE,NA,FALSE,FALSE,FALSE,FALSE,NA,FALSE,FALSE,NA,NA,FALSE,NA,FALSE,FALSE,FALSE,NA,NA,NA,NA,NA,NA,NA,NA,FALSE,FALSE,NA,FALSE,NA,FALSE,FALSE,FALSE,FALSE,FALSE,FALSE,FALSE,NA,FALSE,FALSE,NA,FALSE,NA,FALSE,FALSE,FALSE,NA,FALSE,FALSE,FALSE,NA,FALSE,FALSE,FALSE,NA,NA,NA,NA,NA,FALSE,FALSE,FALSE,FALSE,NA,FALSE,NA,FALSE,NA,NA
1861,0.646,NA,2.816,0.711,1.39,NA,NA,2.56,NA,1.198,0.823,1.543,0.569,NA,1.405,1.325,NA,NA,0.571,NA,0.861,1.188,1.328,NA,NA,NA,NA,NA,NA,NA,NA,2.511,2.008,NA,1.887,NA,0.636,1.498,1.003,1.041,1.743,2.762,0.715,NA,0.744,0.591,NA,1.051,NA,1.43,0.622,1.152,NA,2.225,0.876,1.156,NA,2.023,0.518,0.82,NA,NA,NA,NA,NA,0.569,1.79,0.407,1.354,NA,0.589,NA,1.745,NA,NA,FALSE,NA,TRUE,FALSE,FALSE,NA,NA,FALSE,NA,FALSE,FALSE,FALSE,FALSE,NA,FALSE,FALSE,NA,NA,FALSE,NA,FALSE,FALSE,FALSE,NA,NA,NA,NA,NA,NA,NA,NA,FALSE,FALSE,NA,FALSE,NA,FALSE,FALSE,FALSE,FALSE,FALSE,FALSE,FALSE,NA,FALSE,FALSE,NA,FALSE,NA,FALSE,FALSE,FALSE,NA,FALSE,FALSE,FALSE,NA,FALSE,FALSE,FALSE,NA,NA,NA,NA,NA,FALSE,FALSE,FALSE,FALSE,NA,FALSE,NA,FALSE,NA,NA
1862,0.657,NA,1.949,1.232,1.684,NA,NA,3.325,NA,1.426,0.74,1.898,0.885,NA,1.879,1.223,NA,NA,0.561,NA,0.817,0.935,1.099,NA,NA,NA,NA,NA,NA,NA,NA,2.551,2.473,NA,2.138,NA,0.828,1.462,1.25,1.222,1.854,2.061,1.388,NA,0.942,0.838,NA,0.947,NA,1.352,0.967,1.121,NA,2.527,0.48,0.707,NA,1.834,1.145,1.52,NA,NA,NA,NA,NA,0.662,1.292,0.624,1.753,NA,0.572,NA,1.865,NA,NA,FALSE,NA,FALSE,FALSE,FALSE,NA,NA,TRUE,NA,FALSE,FALSE,FALSE,FALSE,NA,FALSE,FALSE,NA,NA,FALSE,NA,FALSE,FALSE,FALSE,NA,NA,NA,NA,NA,NA,NA,NA,FALSE,FALSE,NA,FALSE,NA,FALSE,FALSE,FALSE,FALSE,FALSE,FALSE,FALSE,NA,FALSE,FALSE,NA,FALSE,NA,FALSE,FALSE,FALSE,NA,FALSE,FALSE,FALSE,NA,FALSE,FALSE,FALSE,NA,NA,NA,NA,NA,FALSE,FALSE,FALSE,FALSE,NA,FALSE,NA,FALSE,NA,NA
1863,0.394,NA,1.283,0.423,0.836,NA,NA,1.388,NA,1.214,0.472,1.46,0.451,NA,1.307,1.159,NA,NA,0.466,NA,0.55,0.514,0.678,NA,NA,NA,NA,NA,NA,NA,NA,0.972,0.957,NA,1.046,NA,0.322,0.59,0.571,0.646,0.895,1.129,0.624,NA,0.695,0.607,NA,0.882,NA,1.241,0.677,0.742,NA,1.596,0.506,0.722,NA,0.983,1.086,1.356,NA,NA,NA,NA,NA,0.634,1.207,0.368,0.708,NA,0.556,NA,1.324,NA,NA,FALSE,NA,FALSE,FALSE,FALSE,NA,NA,FALSE,NA,FALSE,FALSE,FALSE,FALSE,NA,FALSE,FALSE,NA,NA,FALSE,NA,FALSE,FALSE,FALSE,NA,NA,NA,NA,NA,NA,NA,NA,FALSE,FALSE,NA,FALSE,NA,FALSE,FALSE,FALSE,FALSE,FALSE,FALSE,FALSE,NA,FALSE,FALSE,NA,FALSE,NA,FALSE,FALSE,FALSE,NA,FALSE,FALSE,FALSE,NA,FALSE,FALSE,FALSE,NA,NA,NA,NA,NA,FALSE,FALSE,FALSE,FALSE,NA,FALSE,NA,FALSE,NA,NA
1864,0.072,NA,0.074,0.03,0.118,NA,NA,0.17,NA,0.115,0.113,0.326,0.087,NA,0.125,0.207,NA,NA,0.152,NA,0.092,0.108,0.097,NA,NA,NA,NA,NA,NA,NA,NA,0.114,0.143,NA,0.134,NA,0.067,0.152,0.084,0.136,0.123,0.152,0.271,NA,0.167,0.11,NA,0.128,NA,0.328,0.081,0.208,NA,0.147,0.013,0.221,NA,0.199,0.029,0.037,NA,NA,NA,NA,NA,0.145,0.222,0.039,0.113,NA,0.085,NA,0.16,NA,NA,FALSE,NA,FALSE,FALSE,FALSE,NA,NA,FALSE,NA,FALSE,FALSE,FALSE,FALSE,NA,FALSE,FALSE,NA,NA,FALSE,NA,FALSE,FALSE,FALSE,NA,NA,NA,NA,NA,NA,NA,NA,FALSE,FALSE,NA,FALSE,NA,FALSE,FALSE,FALSE,FALSE,FALSE,FALSE,FALSE,NA,FALSE,FALSE,NA,FALSE,NA,FALSE,FALSE,FALSE,NA,FALSE,FALSE,FALSE,NA,FALSE,FALSE,FALSE,NA,NA,NA,NA,NA,FALSE,FALSE,FALSE,FALSE,NA,FALSE,NA,FALSE,NA,NA
1865,0.306,NA,0.692,0.267,0.614,NA,NA,1.588,NA,0.692,0.321,0.918,0.451,NA,0.809,0.702,NA,NA,0.534,NA,0.48,0.388,0.48,NA,NA,NA,NA,NA,NA,NA,NA,1.295,1.298,NA,0.935,NA,0.503,0.625,0.588,0.694,0.936,1.425,0.51,NA,0.645,0.651,NA,0.743,NA,0.56,0.141,0.467,NA,0.882,0.225,0.671,NA,1.545,0.505,0.494,NA,NA,NA,NA,NA,0.367,0.809,0.223,0.906,NA,0.481,NA,1.091,NA,NA,FALSE,NA,FALSE,FALSE,FALSE,NA,NA,FALSE,NA,FALSE,FALSE,FALSE,FALSE,NA,FALSE,FALSE,NA,NA,FALSE,NA,FALSE,FALSE,FALSE,NA,NA,NA,NA,NA,NA,NA,NA,FALSE,FALSE,NA,FALSE,NA,FALSE,FALSE,FALSE,FALSE,FALSE,FALSE,FALSE,NA,FALSE,FALSE,NA,FALSE,NA,FALSE,FALSE,FALSE,NA,FALSE,FALSE,FALSE,NA,FALSE,FALSE,FALSE,NA,NA,NA,NA,NA,FALSE,FALSE,FALSE,FALSE,NA,FALSE,NA,FALSE,NA,NA
1866,0.604,NA,1.47,0.82,1.165,NA,NA,2.993,NA,1.356,0.388,1.57,0.415,NA,1.353,1.118,NA,NA,0.782,NA,0.753,1.251,1.395,NA,NA,NA,NA,NA,NA,NA,NA,2.497,2.478,NA,1.877,NA,0.668,0.906,1.865,1.863,1.283,1.833,0.673,NA,0.89,0.935,NA,1.217,NA,1.086,0.708,0.948,NA,2.958,0.493,1.167,NA,2.095,0.671,0.962,NA,NA,NA,NA,NA,0.994,1.399,0.502,1.391,NA,0.617,NA,2.356,NA,NA,FALSE,NA,FALSE,FALSE,FALSE,NA,NA,TRUE,NA,FALSE,FALSE,FALSE,FALSE,NA,FALSE,FALSE,NA,NA,FALSE,NA,FALSE,FALSE,FALSE,NA,NA,NA,NA,NA,NA,NA,NA,FALSE,FALSE,NA,FALSE,NA,FALSE,FALSE,TRUE,TRUE,FALSE,FALSE,FALSE,NA,FALSE,FALSE,NA,FALSE,NA,FALSE,FALSE,FALSE,NA,FALSE,FALSE,FALSE,NA,FALSE,FALSE,FALSE,NA,NA,NA,NA,NA,FALSE,FALSE,FALSE,FALSE,NA,FALSE,NA,FALSE,NA,NA
1867,0.491,NA,1.092,0.524,0.643,NA,NA,1.9,NA,1.052,0.314,0.917,0.486,NA,0.648,0.904,NA,NA,0.559,NA,0.593,0.811,0.708,NA,NA,NA,NA,NA,NA,NA,NA,2.098,1.296,NA,1.039,NA,0.624,0.789,0.879,1.067,1.098,1.356,0.518,NA,0.663,0.591,NA,0.663,NA,0.801,0.361,0.599,NA,1.957,0.774,0.6,NA,1.375,1.389,1.408,NA,NA,NA,NA,NA,0.615,0.969,0.364,0.897,NA,0.541,NA,1.277,NA,NA,FALSE,NA,FALSE,FALSE,FALSE,NA,NA,FALSE,NA,FALSE,FALSE,FALSE,FALSE,NA,FALSE,FALSE,NA,NA,FALSE,NA,FALSE,FALSE,FALSE,NA,NA,NA,NA,NA,NA,NA,NA,FALSE,FALSE,NA,FALSE,NA,FALSE,FALSE,FALSE,FALSE,FALSE,FALSE,FALSE,NA,FALSE,FALSE,NA,FALSE,NA,FALSE,FALSE,FALSE,NA,FALSE,FALSE,FALSE,NA,FALSE,FALSE,FALSE,NA,NA,NA,NA,NA,FALSE,FALSE,FALSE,FALSE,NA,FALSE,NA,FALSE,NA,NA
1868,0.668,NA,1.493,1.282,1.398,NA,NA,1.909,NA,1.544,0.36,1.592,0.788,NA,1.319,1.539,NA,NA,0.861,NA,0.868,1.323,1.481,NA,NA,NA,NA,NA,NA,NA,NA,2.56,1.333,NA,2.168,NA,0.861,1.102,1.476,1.538,1.688,1.402,0.82,NA,0.767,0.842,NA,1.384,NA,2.171,0.718,1.104,NA,3.013,0.575,1.205,NA,2.098,1.789,1.824,NA,NA,NA,NA,NA,1.076,2.283,0.392,1.763,NA,0.592,NA,2.236,NA,NA,FALSE,NA,FALSE,FALSE,FALSE,NA,NA,FALSE,NA,FALSE,FALSE,FALSE,FALSE,NA,FALSE,FALSE,NA,NA,FALSE,NA,FALSE,FALSE,FALSE,NA,NA,NA,NA,NA,NA,NA,NA,FALSE,FALSE,NA,FALSE,NA,FALSE,FALSE,FALSE,FALSE,FALSE,FALSE,FALSE,NA,FALSE,FALSE,NA,TRUE,NA,TRUE,FALSE,FALSE,NA,FALSE,FALSE,FALSE,NA,FALSE,FALSE,FALSE,NA,NA,NA,NA,NA,FALSE,FALSE,FALSE,FALSE,NA,FALSE,NA,FALSE,NA,NA
1869,0.655,NA,1.438,1.172,0.946,NA,NA,1.593,NA,1.266,0.314,1.456,0.546,NA,1.003,1.531,NA,NA,0.711,NA,1.19,1.527,1.552,NA,NA,NA,NA,NA,NA,NA,NA,2.185,1.157,NA,1.902,NA,0.593,1.026,1.277,1.314,1.87,1.385,0.682,NA,0.913,0.802,NA,1.02,NA,1.326,0.876,0.826,NA,2.263,0.883,1.076,NA,1.969,0.784,1.029,NA,NA,NA,NA,NA,1.028,1.472,0.495,1.264,NA,0.419,NA,1.592,NA,NA,FALSE,NA,FALSE,FALSE,FALSE,NA,NA,FALSE,NA,FALSE,FALSE,FALSE,FALSE,NA,FALSE,FALSE,NA,NA,FALSE,NA,TRUE,FALSE,FALSE,NA,NA,NA,NA,NA,NA,NA,NA,FALSE,FALSE,NA,FALSE,NA,FALSE,FALSE,FALSE,FALSE,FALSE,FALSE,FALSE,NA,FALSE,FALSE,NA,FALSE,NA,FALSE,FALSE,FALSE,NA,FALSE,FALSE,FALSE,NA,FALSE,FALSE,FALSE,NA,NA,NA,NA,NA,FALSE,FALSE,FALSE,FALSE,NA,FALSE,NA,FALSE,NA,NA
1870,0.455,NA,0.984,0.649,0.594,NA,NA,1.405,NA,0.824,0.267,1.045,0.533,NA,1.092,1.048,NA,NA,0.475,NA,0.608,0.756,0.719,NA,NA,NA,NA,NA,NA,NA,NA,1.096,0.965,NA,0.858,NA,0.617,0.82,0.778,0.847,0.926,0.962,0.638,NA,0.541,0.509,NA,0.727,NA,0.853,0.699,0.594,NA,1.156,0.902,0.67,NA,1.505,0.68,0.671,NA,NA,NA,NA,NA,0.658,1.037,0.423,0.625,NA,0.242,NA,0.853,NA,NA,FALSE,NA,FALSE,FALSE,FALSE,NA,NA,FALSE,NA,FALSE,FALSE,FALSE,FALSE,NA,FALSE,FALSE,NA,NA,FALSE,NA,FALSE,FALSE,FALSE,NA,NA,NA,NA,NA,NA,NA,NA,FALSE,FALSE,NA,FALSE,NA,FALSE,FALSE,FALSE,FALSE,FALSE,FALSE,FALSE,NA,FALSE,FALSE,NA,FALSE,NA,FALSE,FALSE,FALSE,NA,FALSE,FALSE,FALSE,NA,FALSE,FALSE,FALSE,NA,NA,NA,NA,NA,FALSE,FALSE,FALSE,FALSE,NA,FALSE,NA,FALSE,NA,NA
1871,0.264,NA,0.531,0.357,0.354,NA,NA,0.812,NA,0.5,NA,0.592,0.404,NA,0.586,0.905,NA,NA,0.305,NA,0.354,0.429,0.42,NA,NA,NA,NA,NA,NA,NA,NA,0.538,0.558,NA,0.574,NA,0.239,0.343,0.439,0.542,0.553,0.602,0.513,NA,0.452,0.466,NA,0.703,NA,0.501,0.493,0.313,NA,0.684,0.533,0.518,NA,0.99,0.392,0.42,NA,NA,NA,NA,NA,0.361,0.598,0.357,NA,NA,0.18,NA,0.559,NA,NA,FALSE,NA,FALSE,FALSE,FALSE,NA,NA,FALSE,NA,FALSE,NA,FALSE,FALSE,NA,FALSE,FALSE,NA,NA,FALSE,NA,FALSE,FALSE,FALSE,NA,NA,NA,NA,NA,NA,NA,NA,FALSE,FALSE,NA,FALSE,NA,FALSE,FALSE,FALSE,FALSE,FALSE,FALSE,FALSE,NA,FALSE,FALSE,NA,FALSE,NA,FALSE,FALSE,FALSE,NA,FALSE,FALSE,FALSE,NA,FALSE,FALSE,FALSE,NA,NA,NA,NA,NA,FALSE,FALSE,FALSE,NA,NA,FALSE,NA,FALSE,NA,NA
1872,0.243,NA,0.487,0.333,0.363,NA,NA,0.68,NA,0.479,NA,0.556,0.416,NA,0.868,0.606,NA,NA,0.339,NA,0.342,0.389,0.345,NA,NA,NA,NA,NA,NA,NA,NA,0.844,1.232,NA,0.712,NA,0.606,0.507,0.457,0.542,0.53,0.916,0.459,NA,0.576,0.509,NA,0.781,NA,0.41,0.347,0.421,NA,0.863,0.415,0.585,NA,1.139,0.347,0.453,NA,NA,NA,NA,NA,0.458,0.604,0.511,NA,NA,0.217,NA,0.455,NA,NA,FALSE,NA,FALSE,FALSE,FALSE,NA,NA,FALSE,NA,FALSE,NA,FALSE,FALSE,NA,FALSE,FALSE,NA,NA,FALSE,NA,FALSE,FALSE,FALSE,NA,NA,NA,NA,NA,NA,NA,NA,FALSE,FALSE,NA,FALSE,NA,FALSE,FALSE,FALSE,FALSE,FALSE,FALSE,FALSE,NA,FALSE,FALSE,NA,FALSE,NA,FALSE,FALSE,FALSE,NA,FALSE,FALSE,FALSE,NA,FALSE,FALSE,FALSE,NA,NA,NA,NA,NA,FALSE,FALSE,FALSE,NA,NA,FALSE,NA,FALSE,NA,NA
1873,0.451,NA,1.611,0.381,0.677,NA,NA,1.107,NA,0.549,NA,1.208,0.264,NA,1.361,1.223,NA,NA,0.588,NA,0.573,1.278,1.152,NA,NA,NA,NA,NA,NA,NA,NA,1.182,0.723,NA,1.994,NA,0.55,0.713,0.66,0.699,0.502,1.256,0.515,NA,0.483,0.483,NA,0.622,NA,0.603,0.721,0.618,NA,1.755,0.385,0.924,NA,1.492,0.449,0.589,NA,NA,NA,NA,NA,0.582,0.628,0.529,NA,NA,0.282,NA,0.904,NA,NA,FALSE,NA,FALSE,FALSE,FALSE,NA,NA,FALSE,NA,FALSE,NA,FALSE,FALSE,NA,FALSE,FALSE,NA,NA,FALSE,NA,FALSE,FALSE,FALSE,NA,NA,NA,NA,NA,NA,NA,NA,FALSE,FALSE,NA,FALSE,NA,FALSE,FALSE,FALSE,FALSE,FALSE,FALSE,FALSE,NA,FALSE,FALSE,NA,FALSE,NA,FALSE,FALSE,FALSE,NA,FALSE,FALSE,FALSE,NA,FALSE,FALSE,FALSE,NA,NA,NA,NA,NA,FALSE,FALSE,FALSE,NA,NA,FALSE,NA,FALSE,NA,NA
1874,0.43,NA,1.221,0.503,0.847,NA,NA,1.626,NA,0.744,NA,1.305,0.518,NA,0.739,1.066,NA,NA,0.633,NA,0.924,1.065,0.893,NA,NA,NA,NA,NA,NA,NA,NA,2.314,1.592,NA,1.131,NA,0.643,0.84,1.529,1.493,0.537,1.032,0.54,NA,0.893,0.643,NA,0.611,NA,0.792,1.007,0.753,NA,2.731,0.65,0.981,NA,1.423,0.608,0.906,NA,NA,NA,NA,NA,0.555,0.816,0.797,NA,NA,0.448,NA,1.18,NA,NA,FALSE,NA,FALSE,FALSE,FALSE,NA,NA,FALSE,NA,FALSE,NA,FALSE,FALSE,NA,FALSE,FALSE,NA,NA,FALSE,NA,FALSE,FALSE,FALSE,NA,NA,NA,NA,NA,NA,NA,NA,FALSE,FALSE,NA,FALSE,NA,FALSE,FALSE,FALSE,FALSE,FALSE,FALSE,FALSE,NA,FALSE,FALSE,NA,FALSE,NA,FALSE,FALSE,FALSE,NA,FALSE,FALSE,FALSE,NA,FALSE,FALSE,FALSE,NA,NA,NA,NA,NA,FALSE,FALSE,FALSE,NA,NA,FALSE,NA,FALSE,NA,NA
1875,0.423,NA,0.93,0.494,0.57,NA,NA,1.148,NA,0.708,NA,0.833,0.254,NA,0.735,0.957,NA,NA,0.35,NA,0.463,0.809,0.59,1.725,NA,NA,NA,NA,NA,NA,NA,1.105,0.772,NA,0.854,NA,0.572,0.6,0.853,0.896,0.375,0.953,0.386,NA,0.498,0.507,NA,0.548,NA,0.541,0.839,0.609,NA,1.355,0.751,0.507,NA,1.236,0.408,0.421,NA,NA,NA,NA,NA,0.434,0.559,0.372,NA,NA,0.307,NA,0.687,NA,NA,FALSE,NA,FALSE,FALSE,FALSE,NA,NA,FALSE,NA,FALSE,NA,FALSE,FALSE,NA,FALSE,FALSE,NA,NA,FALSE,NA,FALSE,FALSE,FALSE,FALSE,NA,NA,NA,NA,NA,NA,NA,FALSE,FALSE,NA,FALSE,NA,FALSE,FALSE,FALSE,FALSE,FALSE,FALSE,FALSE,NA,FALSE,FALSE,NA,FALSE,NA,FALSE,FALSE,FALSE,NA,FALSE,FALSE,FALSE,NA,FALSE,FALSE,FALSE,NA,NA,NA,NA,NA,FALSE,FALSE,FALSE,NA,NA,FALSE,NA,FALSE,NA,NA
1876,0.422,NA,1.073,0.593,0.454,NA,NA,0.989,NA,0.711,NA,1.183,0.691,NA,1.032,0.819,NA,NA,0.764,NA,0.515,0.879,0.875,1.773,NA,NA,NA,NA,NA,NA,NA,1.829,1.102,NA,1.127,NA,0.543,0.824,0.913,1.204,0.678,1.355,0.482,NA,0.63,0.622,NA,0.79,NA,0.851,1.479,0.605,NA,1.585,0.683,0.481,NA,1.377,0.938,1.486,NA,NA,NA,NA,NA,0.533,0.847,0.577,NA,NA,0.444,NA,0.785,NA,NA,FALSE,NA,FALSE,FALSE,FALSE,NA,NA,FALSE,NA,FALSE,NA,FALSE,FALSE,NA,FALSE,FALSE,NA,NA,FALSE,NA,FALSE,FALSE,FALSE,FALSE,NA,NA,NA,NA,NA,NA,NA,FALSE,FALSE,NA,FALSE,NA,FALSE,FALSE,FALSE,FALSE,FALSE,FALSE,FALSE,NA,FALSE,FALSE,NA,FALSE,NA,FALSE,FALSE,FALSE,NA,FALSE,FALSE,FALSE,NA,FALSE,FALSE,FALSE,NA,NA,NA,NA,NA,FALSE,FALSE,FALSE,NA,NA,FALSE,NA,FALSE,NA,NA
1877,0.137,NA,0.355,0.062,0.239,NA,NA,0.353,NA,0.406,NA,0.57,0.307,NA,0.367,0.571,NA,NA,0.178,NA,0.225,0.269,0.224,0.539,NA,NA,NA,NA,NA,NA,NA,0.503,0.272,NA,0.423,NA,0.215,0.296,0.409,0.444,0.339,0.498,0.334,NA,0.268,0.25,NA,0.293,NA,0.45,0.188,0.454,NA,0.513,0.182,0.365,NA,0.548,0.141,0.182,NA,NA,NA,NA,NA,0.353,0.34,0.152,NA,NA,0.121,NA,0.436,NA,NA,FALSE,NA,FALSE,FALSE,FALSE,NA,NA,FALSE,NA,FALSE,NA,FALSE,FALSE,NA,FALSE,FALSE,NA,NA,FALSE,NA,FALSE,FALSE,FALSE,FALSE,NA,NA,NA,NA,NA,NA,NA,FALSE,FALSE,NA,FALSE,NA,FALSE,FALSE,FALSE,FALSE,FALSE,FALSE,FALSE,NA,FALSE,FALSE,NA,FALSE,NA,FALSE,FALSE,FALSE,NA,FALSE,FALSE,FALSE,NA,FALSE,FALSE,FALSE,NA,NA,NA,NA,NA,FALSE,FALSE,FALSE,NA,NA,FALSE,NA,FALSE,NA,NA
1878,0.593,NA,1.236,0.69,0.6,NA,NA,0.643,NA,0.91,NA,0.843,0.565,NA,0.84,1.01,NA,NA,0.637,NA,0.534,0.876,0.743,2.681,NA,NA,NA,NA,NA,NA,NA,1.642,1.272,NA,1.344,NA,0.746,0.876,0.841,1.406,1.056,1.849,0.522,NA,0.672,0.716,NA,0.627,NA,0.94,0.626,0.767,NA,1.847,0.615,0.925,NA,1.605,1.014,1.653,NA,NA,NA,NA,NA,0.51,1.647,0.806,NA,NA,0.608,NA,1.656,NA,NA,FALSE,NA,FALSE,FALSE,FALSE,NA,NA,FALSE,NA,FALSE,NA,FALSE,FALSE,NA,FALSE,FALSE,NA,NA,FALSE,NA,FALSE,FALSE,FALSE,TRUE,NA,NA,NA,NA,NA,NA,NA,FALSE,FALSE,NA,FALSE,NA,FALSE,FALSE,FALSE,FALSE,FALSE,FALSE,FALSE,NA,FALSE,FALSE,NA,FALSE,NA,FALSE,FALSE,FALSE,NA,FALSE,FALSE,FALSE,NA,FALSE,FALSE,FALSE,NA,NA,NA,NA,NA,FALSE,FALSE,FALSE,NA,NA,FALSE,NA,FALSE,NA,NA
1879,0.392,NA,0.784,0.191,0.269,NA,NA,0.552,NA,0.776,NA,0.955,0.451,NA,0.784,0.888,NA,NA,0.44,NA,0.372,0.67,0.43,1.186,NA,NA,NA,NA,NA,NA,NA,1.01,0.542,NA,0.831,NA,0.339,0.526,0.591,0.837,0.444,0.652,0.346,NA,0.572,0.502,NA,0.392,NA,0.578,0.512,0.516,NA,1.189,0.501,0.674,NA,0.954,0.488,0.67,NA,NA,NA,NA,NA,0.583,0.438,0.376,NA,NA,0.393,NA,0.759,NA,NA,FALSE,NA,FALSE,FALSE,FALSE,NA,NA,FALSE,NA,FALSE,NA,FALSE,FALSE,NA,FALSE,FALSE,NA,NA,FALSE,NA,FALSE,FALSE,FALSE,FALSE,NA,NA,NA,NA,NA,NA,NA,FALSE,FALSE,NA,FALSE,NA,FALSE,FALSE,FALSE,FALSE,FALSE,FALSE,FALSE,NA,FALSE,FALSE,NA,FALSE,NA,FALSE,FALSE,FALSE,NA,FALSE,FALSE,FALSE,NA,FALSE,FALSE,FALSE,NA,NA,NA,NA,NA,FALSE,FALSE,FALSE,NA,NA,FALSE,NA,FALSE,NA,NA
1880,0.415,NA,0.871,0.326,0.427,NA,NA,0.5,NA,0.742,NA,0.544,0.555,NA,0.725,1.031,NA,NA,0.5,NA,0.39,1.02,0.57,1.781,NA,NA,NA,NA,NA,NA,NA,1.79,1.051,NA,0.906,NA,0.502,0.723,1.079,1.136,0.501,0.979,0.572,NA,0.511,0.522,NA,0.371,NA,0.751,0.839,0.677,NA,1.207,0.485,0.64,NA,1.298,0.574,0.763,NA,NA,NA,NA,NA,0.436,0.551,0.645,NA,NA,0.552,NA,0.789,NA,NA,FALSE,NA,FALSE,FALSE,FALSE,NA,NA,FALSE,NA,FALSE,NA,FALSE,FALSE,NA,FALSE,FALSE,NA,NA,FALSE,NA,FALSE,FALSE,FALSE,FALSE,NA,NA,NA,NA,NA,NA,NA,FALSE,FALSE,NA,FALSE,NA,FALSE,FALSE,FALSE,FALSE,FALSE,FALSE,FALSE,NA,FALSE,FALSE,NA,FALSE,NA,FALSE,FALSE,FALSE,NA,FALSE,FALSE,FALSE,NA,FALSE,FALSE,FALSE,NA,NA,NA,NA,NA,FALSE,FALSE,FALSE,NA,NA,FALSE,NA,FALSE,NA,NA
1881,0.362,NA,1.083,0.291,0.47,NA,NA,0.87,NA,0.893,NA,1.089,0.493,NA,0.946,1.156,NA,NA,0.404,NA,0.444,1.321,0.908,1.644,NA,NA,NA,NA,NA,NA,NA,2.172,0.812,NA,0.901,NA,0.341,0.611,1.094,1.061,0.594,1.092,0.517,NA,0.592,0.604,NA,0.413,NA,1.019,0.962,0.734,NA,0.822,NA,0.958,NA,1.531,0.629,1.106,NA,NA,NA,NA,NA,0.662,0.791,0.432,NA,NA,0.427,NA,1.147,NA,NA,FALSE,NA,FALSE,FALSE,FALSE,NA,NA,FALSE,NA,FALSE,NA,FALSE,FALSE,NA,FALSE,FALSE,NA,NA,FALSE,NA,FALSE,FALSE,FALSE,FALSE,NA,NA,NA,NA,NA,NA,NA,FALSE,FALSE,NA,FALSE,NA,FALSE,FALSE,FALSE,FALSE,FALSE,FALSE,FALSE,NA,FALSE,FALSE,NA,FALSE,NA,FALSE,FALSE,FALSE,NA,FALSE,NA,FALSE,NA,FALSE,FALSE,FALSE,NA,NA,NA,NA,NA,FALSE,FALSE,FALSE,NA,NA,FALSE,NA,FALSE,NA,NA
1882,0.309,NA,0.716,0.166,0.558,NA,NA,1.164,NA,0.79,NA,0.609,0.422,NA,0.355,0.669,NA,NA,0.296,NA,0.356,0.439,0.562,1.442,NA,NA,NA,NA,NA,NA,NA,1.143,0.603,NA,0.796,NA,0.408,0.43,0.655,1.026,0.609,0.99,0.376,NA,0.407,0.261,NA,0.34,NA,0.675,0.492,0.535,NA,0.862,NA,0.466,NA,1.085,0.322,0.486,NA,NA,NA,NA,NA,0.311,0.574,0.429,NA,NA,0.486,NA,0.696,NA,NA,FALSE,NA,FALSE,FALSE,FALSE,NA,NA,FALSE,NA,FALSE,NA,FALSE,FALSE,NA,FALSE,FALSE,NA,NA,FALSE,NA,FALSE,FALSE,FALSE,FALSE,NA,NA,NA,NA,NA,NA,NA,FALSE,FALSE,NA,FALSE,NA,FALSE,FALSE,FALSE,FALSE,FALSE,FALSE,FALSE,NA,FALSE,FALSE,NA,FALSE,NA,FALSE,FALSE,FALSE,NA,FALSE,NA,FALSE,NA,FALSE,FALSE,FALSE,NA,NA,NA,NA,NA,FALSE,FALSE,FALSE,NA,NA,FALSE,NA,FALSE,NA,NA
1883,0.25,NA,0.565,0.118,0.319,NA,0.296,0.588,NA,0.569,NA,0.579,0.415,NA,0.436,0.65,NA,NA,0.253,NA,0.218,0.312,0.218,0.684,NA,NA,NA,NA,NA,NA,NA,0.702,0.296,NA,0.388,NA,0.195,0.268,0.495,0.489,0.351,0.49,0.359,NA,0.293,0.257,NA,0.35,NA,0.43,0.492,0.388,NA,0.24,NA,0.539,NA,0.555,0.018,0.111,NA,NA,NA,NA,NA,0.333,0.542,0.544,NA,NA,0.302,NA,0.391,NA,NA,FALSE,NA,FALSE,FALSE,FALSE,NA,FALSE,FALSE,NA,FALSE,NA,FALSE,FALSE,NA,FALSE,FALSE,NA,NA,FALSE,NA,FALSE,FALSE,FALSE,FALSE,NA,NA,NA,NA,NA,NA,NA,FALSE,FALSE,NA,FALSE,NA,FALSE,FALSE,FALSE,FALSE,FALSE,FALSE,FALSE,NA,FALSE,FALSE,NA,FALSE,NA,FALSE,FALSE,FALSE,NA,FALSE,NA,FALSE,NA,FALSE,FALSE,FALSE,NA,NA,NA,NA,NA,FALSE,FALSE,FALSE,NA,NA,FALSE,NA,FALSE,NA,NA
1884,0.255,NA,0.854,0.222,0.708,NA,0.759,0.503,NA,0.729,NA,0.464,0.494,NA,0.525,0.836,NA,NA,0.334,NA,0.401,0.531,0.419,1.072,NA,NA,NA,NA,NA,NA,NA,1.333,1.178,NA,0.82,NA,0.33,0.501,0.76,0.79,0.437,0.792,0.469,NA,0.652,0.36,NA,0.492,NA,0.819,1.391,0.654,NA,1.156,NA,0.421,NA,1.306,0.204,0.447,NA,NA,NA,NA,NA,0.341,0.546,1.087,NA,NA,0.634,NA,0.789,NA,NA,FALSE,NA,FALSE,FALSE,FALSE,NA,FALSE,FALSE,NA,FALSE,NA,FALSE,FALSE,NA,FALSE,FALSE,NA,NA,FALSE,NA,FALSE,FALSE,FALSE,FALSE,NA,NA,NA,NA,NA,NA,NA,FALSE,FALSE,NA,FALSE,NA,FALSE,FALSE,FALSE,FALSE,FALSE,FALSE,FALSE,NA,FALSE,FALSE,NA,FALSE,NA,FALSE,FALSE,FALSE,NA,FALSE,NA,FALSE,NA,FALSE,FALSE,FALSE,NA,NA,NA,NA,NA,FALSE,FALSE,FALSE,NA,NA,FALSE,NA,FALSE,NA,NA
1885,0.412,NA,1.314,0.166,0.66,NA,0.652,1.071,NA,0.824,NA,1.052,0.472,NA,0.884,0.976,NA,NA,0.621,NA,0.575,0.946,0.854,1.076,NA,NA,NA,NA,NA,NA,NA,1.279,0.662,NA,0.763,NA,0.455,0.74,0.698,1.006,0.652,0.877,0.424,NA,0.467,0.386,NA,0.479,NA,0.611,0.978,0.526,NA,1.294,NA,0.552,NA,1.305,0.344,0.565,NA,NA,NA,NA,NA,0.47,0.819,1.066,NA,NA,0.434,NA,0.846,NA,NA,FALSE,NA,FALSE,FALSE,FALSE,NA,FALSE,FALSE,NA,FALSE,NA,FALSE,FALSE,NA,FALSE,FALSE,NA,NA,FALSE,NA,FALSE,FALSE,FALSE,FALSE,NA,NA,NA,NA,NA,NA,NA,FALSE,FALSE,NA,FALSE,NA,FALSE,FALSE,FALSE,FALSE,FALSE,FALSE,FALSE,NA,FALSE,FALSE,NA,FALSE,NA,FALSE,FALSE,FALSE,NA,FALSE,NA,FALSE,NA,FALSE,FALSE,FALSE,NA,NA,NA,NA,NA,FALSE,FALSE,FALSE,NA,NA,FALSE,NA,FALSE,NA,NA
1886,0.354,NA,0.376,0.156,0.77,NA,0.495,1.039,NA,0.503,NA,0.498,0.339,NA,0.377,0.3,NA,NA,0.566,NA,0.551,0.429,0.451,1.284,NA,NA,NA,NA,NA,NA,NA,0.922,0.733,NA,0.514,NA,0.171,0.389,1.029,1.21,0.63,0.765,0.263,NA,0.406,0.382,NA,0.169,NA,0.484,0.294,0.63,NA,0.324,NA,0.654,NA,1.056,0.672,0.798,NA,NA,NA,NA,NA,0.313,0.439,0.599,NA,NA,0.473,NA,0.64,NA,NA,FALSE,NA,FALSE,FALSE,FALSE,NA,FALSE,FALSE,NA,FALSE,NA,FALSE,FALSE,NA,FALSE,FALSE,NA,NA,FALSE,NA,FALSE,FALSE,FALSE,FALSE,NA,NA,NA,NA,NA,NA,NA,FALSE,FALSE,NA,FALSE,NA,FALSE,FALSE,FALSE,FALSE,FALSE,FALSE,FALSE,NA,FALSE,FALSE,NA,FALSE,NA,FALSE,FALSE,FALSE,NA,FALSE,NA,FALSE,NA,FALSE,FALSE,FALSE,NA,NA,NA,NA,NA,FALSE,FALSE,FALSE,NA,NA,FALSE,NA,FALSE,NA,NA
1887,0.309,NA,0.731,0.207,0.625,NA,0.506,0.976,NA,0.526,NA,1.152,0.38,NA,0.458,0.619,NA,NA,0.603,NA,0.626,0.716,0.758,1.451,NA,NA,NA,NA,NA,NA,NA,1.44,1.05,NA,0.765,NA,0.333,0.511,0.864,1.492,0.587,0.972,0.444,NA,0.52,0.434,NA,0.187,NA,0.514,0.572,0.707,NA,1.283,NA,0.625,NA,1.334,0.911,0.913,NA,NA,NA,NA,NA,0.555,0.803,0.649,NA,NA,0.395,NA,0.587,NA,NA,FALSE,NA,FALSE,FALSE,FALSE,NA,FALSE,FALSE,NA,FALSE,NA,FALSE,FALSE,NA,FALSE,FALSE,NA,NA,FALSE,NA,FALSE,FALSE,FALSE,FALSE,NA,NA,NA,NA,NA,NA,NA,FALSE,FALSE,NA,FALSE,NA,FALSE,FALSE,FALSE,FALSE,FALSE,FALSE,FALSE,NA,FALSE,FALSE,NA,FALSE,NA,FALSE,FALSE,FALSE,NA,FALSE,NA,FALSE,NA,FALSE,FALSE,FALSE,NA,NA,NA,NA,NA,FALSE,FALSE,FALSE,NA,NA,FALSE,NA,FALSE,NA,NA
1888,0.353,NA,0.979,0.19,0.52,NA,0.549,1.42,NA,0.761,NA,1.091,0.315,NA,0.594,0.552,NA,NA,0.597,NA,0.418,0.573,0.638,0.884,NA,NA,NA,NA,NA,NA,NA,1.651,0.78,NA,0.739,NA,0.311,0.475,0.679,1.211,1.023,0.902,0.524,NA,0.604,0.406,NA,0.403,NA,0.469,0.899,0.446,NA,0.516,NA,0.658,NA,0.798,0.4,0.441,NA,NA,NA,NA,NA,0.413,0.584,1.034,NA,NA,0.451,NA,0.481,NA,NA,FALSE,NA,FALSE,FALSE,FALSE,NA,FALSE,FALSE,NA,FALSE,NA,FALSE,FALSE,NA,FALSE,FALSE,NA,NA,FALSE,NA,FALSE,FALSE,FALSE,FALSE,NA,NA,NA,NA,NA,NA,NA,FALSE,FALSE,NA,FALSE,NA,FALSE,FALSE,FALSE,FALSE,FALSE,FALSE,FALSE,NA,FALSE,FALSE,NA,FALSE,NA,FALSE,FALSE,FALSE,NA,FALSE,NA,FALSE,NA,FALSE,FALSE,FALSE,NA,NA,NA,NA,NA,FALSE,FALSE,FALSE,NA,NA,FALSE,NA,FALSE,NA,NA
1889,0.284,NA,0.752,0.135,0.801,NA,0.45,1.018,NA,0.669,NA,0.691,0.343,NA,0.473,0.697,NA,NA,0.431,NA,0.461,0.458,0.513,0.916,NA,NA,NA,NA,NA,NA,NA,1.146,0.911,NA,0.582,NA,0.344,0.501,0.75,0.782,0.652,1.129,0.492,NA,0.368,0.364,NA,0.323,NA,0.61,0.812,0.544,NA,0.819,NA,0.514,NA,1.044,0.252,0.327,NA,NA,NA,NA,NA,0.4,0.541,0.549,NA,NA,0.501,NA,0.871,NA,NA,FALSE,NA,FALSE,FALSE,FALSE,NA,FALSE,FALSE,NA,FALSE,NA,FALSE,FALSE,NA,FALSE,FALSE,NA,NA,FALSE,NA,FALSE,FALSE,FALSE,FALSE,NA,NA,NA,NA,NA,NA,NA,FALSE,FALSE,NA,FALSE,NA,FALSE,FALSE,FALSE,FALSE,FALSE,FALSE,FALSE,NA,FALSE,FALSE,NA,FALSE,NA,FALSE,FALSE,FALSE,NA,FALSE,NA,FALSE,NA,FALSE,FALSE,FALSE,NA,NA,NA,NA,NA,FALSE,FALSE,FALSE,NA,NA,FALSE,NA,FALSE,NA,NA
1890,0.416,NA,0.861,0.35,0.837,NA,0.447,1.108,NA,0.712,NA,0.635,0.439,NA,0.497,0.855,NA,NA,0.583,NA,0.447,0.562,0.598,0.939,NA,NA,NA,NA,NA,NA,NA,1.532,1.152,NA,0.921,NA,0.454,0.527,0.747,0.943,0.695,0.915,0.509,NA,0.611,0.482,NA,0.314,NA,0.523,0.749,0.533,NA,0.722,NA,0.608,NA,1.118,0.907,0.657,NA,NA,NA,NA,NA,0.466,0.537,0.694,NA,NA,0.544,NA,0.592,NA,NA,FALSE,NA,FALSE,FALSE,FALSE,NA,FALSE,FALSE,NA,FALSE,NA,FALSE,FALSE,NA,FALSE,FALSE,NA,NA,FALSE,NA,FALSE,FALSE,FALSE,FALSE,NA,NA,NA,NA,NA,NA,NA,FALSE,FALSE,NA,FALSE,NA,FALSE,FALSE,FALSE,FALSE,FALSE,FALSE,FALSE,NA,FALSE,FALSE,NA,FALSE,NA,FALSE,FALSE,FALSE,NA,FALSE,NA,FALSE,NA,FALSE,FALSE,FALSE,NA,NA,NA,NA,NA,FALSE,FALSE,FALSE,NA,NA,FALSE,NA,FALSE,NA,NA
1891,0.487,NA,2.346,0.55,1.478,NA,0.578,1.624,NA,0.863,NA,1.105,0.56,NA,0.912,1.563,NA,NA,0.583,NA,0.755,1.336,1.819,1.906,NA,NA,NA,NA,NA,NA,NA,1.888,1.412,NA,1.933,NA,0.625,1.156,1.334,1.504,1.287,1.584,0.639,NA,0.621,0.595,NA,0.458,NA,0.797,1.534,0.852,NA,2.141,NA,1.076,NA,2.301,0.989,1.184,NA,NA,NA,NA,NA,0.775,1.088,0.618,NA,NA,0.564,NA,1.248,NA,NA,FALSE,NA,FALSE,FALSE,FALSE,NA,FALSE,FALSE,NA,FALSE,NA,FALSE,FALSE,NA,FALSE,FALSE,NA,NA,FALSE,NA,FALSE,FALSE,TRUE,FALSE,NA,NA,NA,NA,NA,NA,NA,FALSE,FALSE,NA,FALSE,NA,FALSE,FALSE,FALSE,FALSE,FALSE,FALSE,FALSE,NA,FALSE,FALSE,NA,FALSE,NA,FALSE,FALSE,FALSE,NA,FALSE,NA,FALSE,NA,FALSE,FALSE,FALSE,NA,NA,NA,NA,NA,FALSE,FALSE,FALSE,NA,NA,FALSE,NA,FALSE,NA,NA
1892,0.358,NA,1.159,0.629,1.437,NA,0.559,1.151,NA,0.662,NA,0.671,0.402,NA,0.736,1.138,NA,NA,0.572,NA,0.672,0.979,0.849,1.541,NA,NA,NA,NA,NA,NA,NA,1.632,1.171,NA,1.231,NA,0.524,1.113,0.875,1.107,1.034,1.512,0.572,NA,0.705,0.583,NA,0.479,NA,0.727,0.84,0.597,NA,1.601,NA,0.717,NA,1.685,0.6,0.531,NA,NA,NA,NA,NA,0.704,0.91,0.666,NA,NA,0.498,NA,0.682,NA,NA,FALSE,NA,FALSE,FALSE,FALSE,NA,FALSE,FALSE,NA,FALSE,NA,FALSE,FALSE,NA,FALSE,FALSE,NA,NA,FALSE,NA,FALSE,FALSE,FALSE,FALSE,NA,NA,NA,NA,NA,NA,NA,FALSE,FALSE,NA,FALSE,NA,FALSE,FALSE,FALSE,FALSE,FALSE,FALSE,FALSE,NA,FALSE,FALSE,NA,FALSE,NA,FALSE,FALSE,FALSE,NA,FALSE,NA,FALSE,NA,FALSE,FALSE,FALSE,NA,NA,NA,NA,NA,FALSE,FALSE,FALSE,NA,NA,FALSE,NA,FALSE,NA,NA
1893,0.298,NA,0.903,0.54,1.27,NA,0.487,0.885,NA,0.715,NA,0.985,0.421,NA,0.739,0.933,NA,NA,0.589,NA,0.624,0.819,0.936,1.04,NA,1.246,NA,NA,NA,NA,NA,1.938,1.254,0.282,1.16,NA,0.52,0.983,0.686,0.944,1.19,1.464,0.632,NA,0.541,0.459,NA,0.338,0.961,0.719,0.709,0.419,NA,1.913,NA,0.921,NA,1.567,0.973,0.837,NA,NA,NA,NA,NA,0.459,0.536,0.528,NA,NA,0.483,NA,0.705,NA,NA,FALSE,NA,FALSE,FALSE,FALSE,NA,FALSE,FALSE,NA,FALSE,NA,FALSE,FALSE,NA,FALSE,FALSE,NA,NA,FALSE,NA,FALSE,FALSE,FALSE,FALSE,NA,FALSE,NA,NA,NA,NA,NA,FALSE,FALSE,FALSE,FALSE,NA,FALSE,FALSE,FALSE,FALSE,FALSE,FALSE,FALSE,NA,FALSE,FALSE,NA,FALSE,FALSE,FALSE,FALSE,FALSE,NA,FALSE,NA,FALSE,NA,FALSE,FALSE,FALSE,NA,NA,NA,NA,NA,FALSE,FALSE,FALSE,NA,NA,FALSE,NA,FALSE,NA,NA
1894,0.533,NA,1.867,0.869,1.786,NA,0.598,1.066,NA,1.082,NA,1.354,0.412,NA,0.704,1.526,NA,NA,1.041,NA,1.071,1.866,1.768,2.184,NA,3.061,NA,NA,NA,NA,1.289,2.984,1.254,0.788,1.953,NA,0.548,1.225,1.268,1.472,1.698,2.03,0.669,NA,0.718,0.611,NA,0.423,1.216,1.149,1.694,0.83,NA,2.781,NA,0.85,NA,2.597,1.24,0.992,NA,NA,NA,NA,NA,0.605,1,0.801,NA,NA,0.585,NA,1.351,NA,NA,FALSE,NA,FALSE,FALSE,FALSE,NA,FALSE,FALSE,NA,FALSE,NA,FALSE,FALSE,NA,FALSE,FALSE,NA,NA,FALSE,NA,FALSE,TRUE,TRUE,FALSE,NA,TRUE,NA,NA,NA,NA,FALSE,FALSE,FALSE,FALSE,FALSE,NA,FALSE,FALSE,FALSE,FALSE,FALSE,FALSE,FALSE,NA,FALSE,FALSE,NA,FALSE,FALSE,FALSE,FALSE,FALSE,NA,FALSE,NA,FALSE,NA,FALSE,FALSE,FALSE,NA,NA,NA,NA,NA,FALSE,FALSE,FALSE,NA,NA,FALSE,NA,FALSE,NA,NA
1895,0.661,NA,1.232,0.862,1.283,NA,0.875,1.669,NA,1,NA,0.945,0.544,NA,0.745,0.854,NA,NA,0.735,NA,0.934,0.523,0.728,1.79,NA,1.232,NA,NA,NA,NA,1.572,1.907,1.24,0.595,1.074,NA,0.501,1.046,1.203,1.393,1.265,1.827,0.672,NA,0.681,0.434,NA,0.372,1.305,0.777,0.704,0.911,NA,1.436,NA,0.733,NA,1.543,0.571,0.455,NA,NA,NA,NA,NA,0.727,0.936,0.721,NA,NA,0.595,NA,0.835,NA,NA,FALSE,NA,FALSE,FALSE,FALSE,NA,FALSE,FALSE,NA,FALSE,NA,FALSE,FALSE,NA,FALSE,FALSE,NA,NA,FALSE,NA,FALSE,FALSE,FALSE,FALSE,NA,FALSE,NA,NA,NA,NA,FALSE,FALSE,FALSE,FALSE,FALSE,NA,FALSE,FALSE,FALSE,FALSE,FALSE,FALSE,FALSE,NA,FALSE,FALSE,NA,FALSE,FALSE,FALSE,FALSE,FALSE,NA,FALSE,NA,FALSE,NA,FALSE,FALSE,FALSE,NA,NA,NA,NA,NA,FALSE,FALSE,FALSE,NA,NA,FALSE,NA,FALSE,NA,NA
1896,0.572,NA,1.354,0.847,1.243,NA,0.674,1.096,NA,1.039,NA,1.088,0.686,NA,0.675,0.944,NA,NA,0.778,NA,0.846,0.718,0.912,1.76,NA,1.662,NA,NA,NA,NA,1.109,1.541,0.873,0.332,1.141,NA,0.429,0.789,0.763,1.211,1.26,1.713,0.691,NA,0.771,0.641,NA,0.482,0.937,0.902,0.927,0.693,NA,1.503,NA,0.82,NA,1.558,0.895,0.593,NA,NA,NA,NA,NA,0.595,0.996,0.872,NA,NA,0.475,NA,1.106,NA,NA,FALSE,NA,FALSE,FALSE,FALSE,NA,FALSE,FALSE,NA,FALSE,NA,FALSE,FALSE,NA,FALSE,FALSE,NA,NA,FALSE,NA,FALSE,FALSE,FALSE,FALSE,NA,FALSE,NA,NA,NA,NA,FALSE,FALSE,FALSE,FALSE,FALSE,NA,FALSE,FALSE,FALSE,FALSE,FALSE,FALSE,FALSE,NA,FALSE,FALSE,NA,FALSE,FALSE,FALSE,FALSE,FALSE,NA,FALSE,NA,FALSE,NA,FALSE,FALSE,FALSE,NA,NA,NA,NA,NA,FALSE,FALSE,FALSE,NA,NA,FALSE,NA,FALSE,NA,NA
1897,0.366,NA,0.959,0.402,0.809,NA,0.582,0.661,NA,0.621,NA,0.951,0.434,NA,0.657,0.83,NA,NA,0.601,NA,0.677,0.632,0.714,1.484,NA,1.367,NA,NA,NA,NA,1.274,1.592,0.817,0.439,0.891,NA,0.432,0.725,0.796,0.881,0.96,1.305,0.605,NA,0.541,0.432,NA,0.365,1.011,0.616,0.885,0.484,NA,1.253,NA,0.804,NA,1.774,0.958,0.714,NA,NA,NA,NA,NA,0.399,0.909,0.764,NA,NA,0.423,NA,0.661,NA,NA,FALSE,NA,FALSE,FALSE,FALSE,NA,FALSE,FALSE,NA,FALSE,NA,FALSE,FALSE,NA,FALSE,FALSE,NA,NA,FALSE,NA,FALSE,FALSE,FALSE,FALSE,NA,FALSE,NA,NA,NA,NA,FALSE,FALSE,FALSE,FALSE,FALSE,NA,FALSE,FALSE,FALSE,FALSE,FALSE,FALSE,FALSE,NA,FALSE,FALSE,NA,FALSE,FALSE,FALSE,FALSE,FALSE,NA,FALSE,NA,FALSE,NA,FALSE,FALSE,FALSE,NA,NA,NA,NA,NA,FALSE,FALSE,FALSE,NA,NA,FALSE,NA,FALSE,NA,NA
1898,0.373,NA,0.334,0.196,0.377,NA,0.329,0.447,NA,0.453,NA,0.462,0.274,NA,0.401,0.402,NA,NA,0.277,NA,0.319,0.315,0.399,0.51,NA,0.466,NA,NA,NA,NA,0.304,0.585,0.31,0.105,0.393,NA,0.177,0.39,0.305,0.446,0.354,0.591,0.373,NA,0.419,0.337,NA,0.329,0.381,0.443,0.434,0.311,NA,0.604,NA,0.348,NA,0.581,0.356,0.378,NA,NA,NA,NA,NA,0.305,0.503,0.229,NA,NA,0.328,NA,0.384,NA,NA,FALSE,NA,FALSE,FALSE,FALSE,NA,FALSE,FALSE,NA,FALSE,NA,FALSE,FALSE,NA,FALSE,FALSE,NA,NA,FALSE,NA,FALSE,FALSE,FALSE,FALSE,NA,FALSE,NA,NA,NA,NA,FALSE,FALSE,FALSE,FALSE,FALSE,NA,FALSE,FALSE,FALSE,FALSE,FALSE,FALSE,FALSE,NA,FALSE,FALSE,NA,FALSE,FALSE,FALSE,FALSE,FALSE,NA,FALSE,NA,FALSE,NA,FALSE,FALSE,FALSE,NA,NA,NA,NA,NA,FALSE,FALSE,FALSE,NA,NA,FALSE,NA,FALSE,NA,NA
1899,0.422,NA,0.81,0.475,0.785,NA,0.467,0.449,NA,0.492,NA,0.514,0.402,NA,0.559,0.903,NA,NA,0.819,NA,0.777,0.582,0.772,1.389,NA,1.127,NA,NA,NA,NA,1.171,1.415,0.663,0.301,0.945,NA,0.43,0.864,0.742,0.967,0.604,1.4,0.528,NA,0.639,0.617,NA,0.471,0.985,0.778,0.876,0.582,NA,1.247,NA,0.625,NA,1.237,0.953,0.834,NA,NA,NA,NA,NA,0.4,0.992,0.951,NA,NA,0.464,NA,0.796,NA,NA,FALSE,NA,FALSE,FALSE,FALSE,NA,FALSE,FALSE,NA,FALSE,NA,FALSE,FALSE,NA,FALSE,FALSE,NA,NA,FALSE,NA,FALSE,FALSE,FALSE,FALSE,NA,FALSE,NA,NA,NA,NA,FALSE,FALSE,FALSE,FALSE,FALSE,NA,FALSE,FALSE,FALSE,FALSE,FALSE,FALSE,FALSE,NA,FALSE,FALSE,NA,FALSE,FALSE,FALSE,FALSE,FALSE,NA,FALSE,NA,FALSE,NA,FALSE,FALSE,FALSE,NA,NA,NA,NA,NA,FALSE,FALSE,FALSE,NA,NA,FALSE,NA,FALSE,NA,NA
1900,0.533,NA,0.82,0.534,0.81,NA,0.371,0.871,1.136,0.68,NA,0.936,0.501,NA,0.808,1.008,1.208,NA,0.608,NA,0.576,0.68,0.815,1.406,NA,0.535,NA,NA,NA,NA,1.426,1.603,0.603,0.542,0.845,NA,0.279,0.625,0.923,1.204,0.98,1.433,0.694,NA,0.645,0.539,NA,0.38,0.94,0.883,1.053,0.584,NA,2.283,NA,0.844,NA,1.367,0.811,0.944,NA,NA,NA,NA,NA,0.559,0.56,1.013,NA,NA,0.357,NA,0.697,NA,NA,FALSE,NA,FALSE,FALSE,FALSE,NA,FALSE,FALSE,FALSE,FALSE,NA,FALSE,FALSE,NA,FALSE,FALSE,FALSE,NA,FALSE,NA,FALSE,FALSE,FALSE,FALSE,NA,FALSE,NA,NA,NA,NA,FALSE,FALSE,FALSE,FALSE,FALSE,NA,FALSE,FALSE,FALSE,FALSE,FALSE,FALSE,FALSE,NA,FALSE,FALSE,NA,FALSE,FALSE,FALSE,FALSE,FALSE,NA,FALSE,NA,FALSE,NA,FALSE,FALSE,FALSE,NA,NA,NA,NA,NA,FALSE,FALSE,FALSE,NA,NA,FALSE,NA,FALSE,NA,NA
1901,0.432,NA,0.867,0.67,1.073,NA,0.487,1.173,1.189,0.755,NA,0.88,0.51,NA,0.894,1.091,1.023,NA,0.773,NA,0.472,1.006,0.875,1.881,NA,0.71,NA,NA,NA,NA,1.559,1.636,1.164,0.509,1.722,NA,0.722,0.714,1.138,1.47,0.972,1.599,0.749,NA,0.522,0.539,NA,0.309,0.612,0.766,0.961,0.653,NA,1.459,NA,NA,NA,1.589,0.994,0.967,NA,NA,NA,NA,NA,NA,0.569,0.746,NA,NA,NA,NA,0.621,NA,NA,FALSE,NA,FALSE,FALSE,FALSE,NA,FALSE,FALSE,FALSE,FALSE,NA,FALSE,FALSE,NA,FALSE,FALSE,FALSE,NA,FALSE,NA,FALSE,FALSE,FALSE,FALSE,NA,FALSE,NA,NA,NA,NA,FALSE,FALSE,FALSE,FALSE,FALSE,NA,FALSE,FALSE,FALSE,FALSE,FALSE,FALSE,FALSE,NA,FALSE,FALSE,NA,FALSE,FALSE,FALSE,FALSE,FALSE,NA,FALSE,NA,NA,NA,FALSE,FALSE,FALSE,NA,NA,NA,NA,NA,NA,FALSE,FALSE,NA,NA,NA,NA,FALSE,NA,NA
1902,0.648,NA,0.944,0.403,0.725,NA,0.449,1.32,1.095,0.925,NA,0.881,0.454,NA,0.548,1.326,0.727,NA,0.599,NA,0.636,0.681,0.816,1.486,NA,0.837,NA,NA,1.088,NA,0.759,1.157,0.821,0.523,1.246,NA,0.525,0.875,0.726,0.99,0.875,0.985,0.71,NA,0.608,0.479,NA,0.372,0.906,0.652,1,0.531,NA,1.242,NA,NA,NA,1.675,0.865,0.842,NA,NA,NA,NA,NA,NA,0.763,0.666,NA,NA,NA,NA,0.996,NA,NA,FALSE,NA,FALSE,FALSE,FALSE,NA,FALSE,FALSE,FALSE,FALSE,NA,FALSE,FALSE,NA,FALSE,FALSE,FALSE,NA,FALSE,NA,FALSE,FALSE,FALSE,FALSE,NA,FALSE,NA,NA,FALSE,NA,FALSE,FALSE,FALSE,FALSE,FALSE,NA,FALSE,FALSE,FALSE,FALSE,FALSE,FALSE,FALSE,NA,FALSE,FALSE,NA,FALSE,FALSE,FALSE,FALSE,FALSE,NA,FALSE,NA,NA,NA,FALSE,FALSE,FALSE,NA,NA,NA,NA,NA,NA,FALSE,FALSE,NA,NA,NA,NA,FALSE,NA,NA
1903,0.423,NA,0.554,0.262,0.471,NA,0.296,0.74,0.962,0.679,NA,0.618,0.43,NA,0.576,0.958,0.589,NA,0.381,NA,0.438,0.553,0.52,0.875,NA,0.44,NA,NA,1.135,NA,0.73,1.125,0.694,0.463,0.947,NA,0.518,0.625,0.592,0.809,0.732,0.931,0.554,NA,0.382,0.404,NA,0.422,0.55,0.513,0.518,0.474,NA,NA,NA,NA,NA,1.19,0.871,0.715,NA,NA,NA,NA,NA,NA,0.547,0.618,NA,NA,NA,NA,0.549,NA,NA,FALSE,NA,FALSE,FALSE,FALSE,NA,FALSE,FALSE,FALSE,FALSE,NA,FALSE,FALSE,NA,FALSE,FALSE,FALSE,NA,FALSE,NA,FALSE,FALSE,FALSE,FALSE,NA,FALSE,NA,NA,FALSE,NA,FALSE,FALSE,FALSE,FALSE,FALSE,NA,FALSE,FALSE,FALSE,FALSE,FALSE,FALSE,FALSE,NA,FALSE,FALSE,NA,FALSE,FALSE,FALSE,FALSE,FALSE,NA,NA,NA,NA,NA,FALSE,FALSE,FALSE,NA,NA,NA,NA,NA,NA,FALSE,FALSE,NA,NA,NA,NA,FALSE,NA,NA
1904,0.47,NA,0.678,0.371,0.474,NA,0.406,0.986,1.025,0.682,NA,0.879,0.487,NA,0.694,1.061,0.661,NA,0.597,NA,0.447,0.63,0.676,0.694,NA,0.984,NA,NA,1.363,NA,1.041,1.455,0.963,0.592,1.21,NA,0.524,0.828,0.889,1.02,0.643,0.968,0.812,NA,0.608,0.614,NA,0.593,0.923,0.68,1.063,0.569,NA,NA,NA,NA,NA,1.584,1.063,1.171,NA,NA,NA,NA,NA,NA,0.691,0.952,NA,NA,NA,NA,0.63,NA,NA,FALSE,NA,FALSE,FALSE,FALSE,NA,FALSE,FALSE,FALSE,FALSE,NA,FALSE,FALSE,NA,FALSE,FALSE,FALSE,NA,FALSE,NA,FALSE,FALSE,FALSE,FALSE,NA,FALSE,NA,NA,FALSE,NA,FALSE,FALSE,FALSE,FALSE,FALSE,NA,FALSE,FALSE,FALSE,FALSE,FALSE,FALSE,FALSE,NA,FALSE,FALSE,NA,FALSE,FALSE,FALSE,FALSE,FALSE,NA,NA,NA,NA,NA,FALSE,FALSE,FALSE,NA,NA,NA,NA,NA,NA,FALSE,FALSE,NA,NA,NA,NA,FALSE,NA,NA
1905,0.649,NA,0.872,0.462,0.832,NA,0.488,1.219,1.108,0.85,NA,0.734,0.504,NA,0.483,0.86,0.848,NA,0.624,NA,0.519,0.536,0.553,1.109,NA,1.109,NA,NA,0.978,1.185,1.347,1.439,0.689,0.71,1.467,NA,0.923,1.001,0.981,1.211,0.516,1.143,0.66,NA,0.508,0.643,NA,0.424,0.912,0.697,0.836,0.493,NA,NA,NA,NA,NA,1.488,0.656,0.69,NA,NA,NA,NA,NA,NA,0.785,0.647,NA,NA,NA,NA,0.597,NA,NA,FALSE,NA,FALSE,FALSE,FALSE,NA,FALSE,FALSE,FALSE,FALSE,NA,FALSE,FALSE,NA,FALSE,FALSE,FALSE,NA,FALSE,NA,FALSE,FALSE,FALSE,FALSE,NA,FALSE,NA,NA,FALSE,FALSE,FALSE,FALSE,FALSE,FALSE,FALSE,NA,FALSE,FALSE,FALSE,FALSE,FALSE,FALSE,FALSE,NA,FALSE,FALSE,NA,FALSE,FALSE,FALSE,FALSE,FALSE,NA,NA,NA,NA,NA,FALSE,FALSE,FALSE,NA,NA,NA,NA,NA,NA,FALSE,FALSE,NA,NA,NA,NA,FALSE,NA,NA
1906,0.568,NA,0.942,0.637,0.575,NA,0.464,0.673,0.99,0.841,NA,1.884,0.642,NA,0.439,1.048,1.336,NA,0.634,NA,0.479,0.785,0.822,1.167,NA,1.263,NA,NA,2.032,1.428,1.083,1.884,1.174,1.427,1.608,NA,0.645,0.715,0.955,1.141,0.772,1.51,1.115,NA,0.657,0.843,NA,0.453,0.738,0.8,1.375,0.511,NA,NA,NA,NA,NA,1.917,1.64,1.794,NA,NA,NA,NA,NA,NA,0.959,0.748,NA,NA,NA,NA,0.653,NA,NA,FALSE,NA,FALSE,FALSE,FALSE,NA,FALSE,FALSE,FALSE,FALSE,NA,FALSE,FALSE,NA,FALSE,FALSE,FALSE,NA,FALSE,NA,FALSE,FALSE,FALSE,FALSE,NA,FALSE,NA,NA,FALSE,FALSE,FALSE,FALSE,FALSE,FALSE,FALSE,NA,FALSE,FALSE,FALSE,FALSE,FALSE,FALSE,FALSE,NA,FALSE,FALSE,NA,FALSE,FALSE,FALSE,FALSE,FALSE,NA,NA,NA,NA,NA,FALSE,FALSE,FALSE,NA,NA,NA,NA,NA,NA,FALSE,FALSE,NA,NA,NA,NA,FALSE,NA,NA
1907,0.73,NA,1.086,0.86,0.645,NA,0.603,0.854,1.276,1.074,NA,2.463,0.781,NA,0.652,1.137,1.2,NA,0.586,NA,0.689,0.76,1,1.101,NA,1.902,NA,NA,2.192,1.057,1.296,2.137,0.85,1.329,2.201,NA,0.437,0.651,1.24,1.427,0.953,1.361,1.216,NA,0.578,0.744,NA,0.449,0.841,0.788,2.302,0.798,NA,NA,NA,NA,NA,2.18,1.658,1.462,NA,NA,NA,NA,NA,NA,0.63,1.038,NA,NA,NA,NA,0.744,NA,NA,FALSE,NA,FALSE,FALSE,FALSE,NA,FALSE,FALSE,FALSE,FALSE,NA,FALSE,FALSE,NA,FALSE,FALSE,FALSE,NA,FALSE,NA,FALSE,FALSE,FALSE,FALSE,NA,FALSE,NA,NA,FALSE,FALSE,FALSE,FALSE,FALSE,FALSE,FALSE,NA,FALSE,FALSE,FALSE,FALSE,FALSE,FALSE,FALSE,NA,FALSE,FALSE,NA,FALSE,FALSE,FALSE,FALSE,FALSE,NA,NA,NA,NA,NA,FALSE,FALSE,FALSE,NA,NA,NA,NA,NA,NA,FALSE,FALSE,NA,NA,NA,NA,FALSE,NA,NA
1908,0.57,NA,0.833,0.281,0.5,NA,0.504,0.812,0.98,0.766,NA,1.143,0.531,NA,0.403,0.881,1.116,NA,0.423,NA,0.386,0.503,0.538,0.931,NA,1.489,NA,NA,1.005,0.928,0.994,1.307,0.404,1.263,1.101,NA,0.44,0.596,0.675,0.757,0.712,0.772,0.617,1.184,0.572,0.658,NA,0.323,0.625,0.669,2.181,0.633,NA,NA,NA,NA,NA,1.41,0.563,0.781,NA,NA,NA,NA,NA,NA,0.324,0.573,NA,NA,NA,NA,0.47,NA,NA,FALSE,NA,FALSE,FALSE,FALSE,NA,FALSE,FALSE,FALSE,FALSE,NA,FALSE,FALSE,NA,FALSE,FALSE,FALSE,NA,FALSE,NA,FALSE,FALSE,FALSE,FALSE,NA,FALSE,NA,NA,FALSE,FALSE,FALSE,FALSE,FALSE,FALSE,FALSE,NA,FALSE,FALSE,FALSE,FALSE,FALSE,FALSE,FALSE,FALSE,FALSE,FALSE,NA,FALSE,FALSE,FALSE,FALSE,FALSE,NA,NA,NA,NA,NA,FALSE,FALSE,FALSE,NA,NA,NA,NA,NA,NA,FALSE,FALSE,NA,NA,NA,NA,FALSE,NA,NA
1909,0.473,NA,0.447,0.338,0.455,NA,0.378,0.55,1.128,0.465,NA,0.697,0.488,NA,0.549,0.777,1.161,NA,0.524,NA,0.338,0.53,0.59,0.734,NA,0.658,NA,NA,1.581,0.647,1.22,1.252,0.652,1.168,0.611,NA,0.621,0.522,0.643,0.727,0.687,1.061,0.575,0.984,0.399,0.517,NA,0.372,0.576,0.492,0.582,0.692,NA,NA,NA,NA,NA,1.19,0.68,0.513,NA,NA,NA,NA,NA,NA,0.575,0.69,NA,NA,NA,NA,0.476,NA,NA,FALSE,NA,FALSE,FALSE,FALSE,NA,FALSE,FALSE,FALSE,FALSE,NA,FALSE,FALSE,NA,FALSE,FALSE,FALSE,NA,FALSE,NA,FALSE,FALSE,FALSE,FALSE,NA,FALSE,NA,NA,FALSE,FALSE,FALSE,FALSE,FALSE,FALSE,FALSE,NA,FALSE,FALSE,FALSE,FALSE,FALSE,FALSE,FALSE,FALSE,FALSE,FALSE,NA,FALSE,FALSE,FALSE,FALSE,FALSE,NA,NA,NA,NA,NA,FALSE,FALSE,FALSE,NA,NA,NA,NA,NA,NA,FALSE,FALSE,NA,NA,NA,NA,FALSE,NA,NA
1910,0.712,NA,0.647,0.449,0.472,NA,0.442,0.703,0.947,0.791,NA,0.934,0.459,NA,0.526,0.982,1.208,NA,0.358,NA,0.463,0.628,0.953,0.913,NA,0.835,NA,NA,1.719,0.445,1.31,1.546,0.652,1.328,0.886,NA,0.451,0.524,0.787,0.923,1.102,1.741,0.555,0.791,0.434,0.568,0.372,0.515,0.739,0.703,1.005,0.897,NA,NA,NA,NA,NA,1.569,0.961,1.212,NA,NA,NA,NA,NA,NA,1.231,0.946,NA,NA,NA,NA,0.654,NA,NA,FALSE,NA,FALSE,FALSE,FALSE,NA,FALSE,FALSE,FALSE,FALSE,NA,FALSE,FALSE,NA,FALSE,FALSE,FALSE,NA,FALSE,NA,FALSE,FALSE,FALSE,FALSE,NA,FALSE,NA,NA,FALSE,FALSE,FALSE,FALSE,FALSE,FALSE,FALSE,NA,FALSE,FALSE,FALSE,FALSE,FALSE,FALSE,FALSE,FALSE,FALSE,FALSE,FALSE,FALSE,FALSE,FALSE,FALSE,FALSE,NA,NA,NA,NA,NA,FALSE,FALSE,FALSE,NA,NA,NA,NA,NA,NA,FALSE,FALSE,NA,NA,NA,NA,FALSE,NA,NA
1911,0.457,NA,0.716,0.375,0.623,NA,0.482,0.87,0.946,0.454,NA,0.79,0.458,NA,0.43,0.789,1.602,NA,0.568,NA,0.541,0.641,0.737,0.898,NA,1.053,NA,NA,1.279,0.831,1.616,1.166,0.672,1.14,1.046,NA,0.611,0.555,0.903,0.794,1.029,1.435,0.531,1.016,0.412,0.583,0.35,0.451,0.77,0.666,0.858,1.054,NA,NA,NA,NA,NA,0.99,0.587,0.866,NA,NA,NA,NA,NA,NA,1.165,0.714,NA,NA,NA,NA,0.735,NA,NA,FALSE,NA,FALSE,FALSE,FALSE,NA,FALSE,FALSE,FALSE,FALSE,NA,FALSE,FALSE,NA,FALSE,FALSE,FALSE,NA,FALSE,NA,FALSE,FALSE,FALSE,FALSE,NA,FALSE,NA,NA,FALSE,FALSE,FALSE,FALSE,FALSE,FALSE,FALSE,NA,FALSE,FALSE,FALSE,FALSE,FALSE,FALSE,FALSE,FALSE,FALSE,FALSE,FALSE,FALSE,FALSE,FALSE,FALSE,FALSE,NA,NA,NA,NA,NA,FALSE,FALSE,FALSE,NA,NA,NA,NA,NA,NA,FALSE,FALSE,NA,NA,NA,NA,FALSE,NA,NA
1912,0.355,NA,0.438,0.412,0.324,NA,0.31,0.71,0.597,0.464,NA,0.429,0.425,NA,0.327,0.553,0.729,NA,0.236,NA,0.422,0.32,0.439,0.549,NA,0.437,NA,NA,0.526,0.549,0.645,0.532,0.378,0.5,0.736,NA,0.22,0.222,0.456,0.527,0.592,0.815,0.447,1.342,0.395,0.494,0.296,0.368,0.515,0.587,0.658,0.586,NA,NA,NA,NA,NA,0.754,0.464,0.529,NA,NA,NA,NA,NA,NA,0.478,0.459,NA,NA,NA,NA,0.446,NA,NA,FALSE,NA,FALSE,FALSE,FALSE,NA,FALSE,FALSE,FALSE,FALSE,NA,FALSE,FALSE,NA,FALSE,FALSE,FALSE,NA,FALSE,NA,FALSE,FALSE,FALSE,FALSE,NA,FALSE,NA,NA,FALSE,FALSE,FALSE,FALSE,FALSE,FALSE,FALSE,NA,FALSE,FALSE,FALSE,FALSE,FALSE,FALSE,FALSE,FALSE,FALSE,FALSE,FALSE,FALSE,FALSE,FALSE,FALSE,FALSE,NA,NA,NA,NA,NA,FALSE,FALSE,FALSE,NA,NA,NA,NA,NA,NA,FALSE,FALSE,NA,NA,NA,NA,FALSE,NA,NA
1913,0.258,NA,0.282,0.175,0.187,NA,0.201,0.31,0.288,0.231,NA,0.439,0.276,NA,0.253,0.331,0.317,NA,0.191,NA,0.174,0.192,0.252,0.203,NA,0.091,0.307,NA,0.362,0.292,0.316,0.429,0.218,0.357,0.332,NA,0.134,0.173,0.289,0.319,0.255,0.493,0.45,0.651,0.376,0.255,0.166,0.283,0.345,0.373,0.381,0.497,NA,NA,NA,NA,NA,0.322,0.283,0.255,NA,NA,NA,NA,NA,NA,0.282,0.17,NA,NA,NA,NA,0.329,NA,NA,FALSE,NA,FALSE,FALSE,FALSE,NA,FALSE,FALSE,FALSE,FALSE,NA,FALSE,FALSE,NA,FALSE,FALSE,FALSE,NA,FALSE,NA,FALSE,FALSE,FALSE,FALSE,NA,FALSE,FALSE,NA,FALSE,FALSE,FALSE,FALSE,FALSE,FALSE,FALSE,NA,FALSE,FALSE,FALSE,FALSE,FALSE,FALSE,FALSE,FALSE,FALSE,FALSE,FALSE,FALSE,FALSE,FALSE,FALSE,FALSE,NA,NA,NA,NA,NA,FALSE,FALSE,FALSE,NA,NA,NA,NA,NA,NA,FALSE,FALSE,NA,NA,NA,NA,FALSE,NA,NA
1914,0.419,NA,0.529,0.508,0.713,NA,0.424,0.593,0.586,0.567,NA,0.995,0.48,0.925,0.572,0.919,1.192,NA,0.596,NA,0.39,0.423,0.43,0.544,NA,0.975,2.008,NA,2.329,1.483,1.456,1.442,0.922,1.084,0.789,NA,0.459,0.432,0.476,0.622,0.816,1.711,0.505,1.317,0.477,0.593,0.445,0.524,0.77,0.657,1.422,1.165,NA,NA,NA,NA,NA,1.384,1.107,1.464,NA,NA,NA,NA,NA,NA,0.825,0.921,NA,NA,NA,NA,NA,NA,NA,FALSE,NA,FALSE,FALSE,FALSE,NA,FALSE,FALSE,FALSE,FALSE,NA,FALSE,FALSE,FALSE,FALSE,FALSE,FALSE,NA,FALSE,NA,FALSE,FALSE,FALSE,FALSE,NA,FALSE,FALSE,NA,FALSE,FALSE,FALSE,FALSE,FALSE,FALSE,FALSE,NA,FALSE,FALSE,FALSE,FALSE,FALSE,FALSE,FALSE,FALSE,FALSE,FALSE,FALSE,FALSE,FALSE,FALSE,FALSE,FALSE,NA,NA,NA,NA,NA,FALSE,FALSE,FALSE,NA,NA,NA,NA,NA,NA,FALSE,FALSE,NA,NA,NA,NA,NA,NA,NA
1915,0.801,NA,1.604,1.076,0.906,NA,0.676,1.116,0.809,0.854,NA,1.019,0.733,1.14,0.44,1.388,1.646,NA,0.819,NA,0.86,0.837,1.195,1.02,NA,2.016,2.611,NA,1.867,2.472,2.244,2.013,1.053,2.032,1.372,NA,0.615,0.72,1.166,1.344,1.131,3.059,0.617,1.707,0.798,0.781,0.623,0.833,1.112,1.287,1.68,1.17,NA,NA,NA,NA,NA,2.489,0.934,1.54,NA,NA,NA,NA,NA,NA,1.213,1.541,NA,NA,NA,NA,NA,NA,NA,FALSE,NA,FALSE,FALSE,FALSE,NA,FALSE,FALSE,FALSE,FALSE,NA,FALSE,FALSE,FALSE,FALSE,FALSE,FALSE,NA,FALSE,NA,FALSE,FALSE,FALSE,FALSE,NA,FALSE,FALSE,NA,FALSE,FALSE,FALSE,FALSE,FALSE,FALSE,FALSE,NA,FALSE,FALSE,FALSE,FALSE,FALSE,FALSE,FALSE,FALSE,FALSE,FALSE,FALSE,FALSE,FALSE,FALSE,FALSE,FALSE,NA,NA,NA,NA,NA,FALSE,FALSE,FALSE,NA,NA,NA,NA,NA,NA,FALSE,FALSE,NA,NA,NA,NA,NA,NA,NA
1916,0.546,NA,1.093,1.146,0.728,NA,0.471,1.153,0.574,0.608,NA,0.601,0.505,1.014,0.392,1.009,1.793,NA,0.669,NA,0.583,0.544,0.822,0.757,NA,1.375,2.123,NA,1.843,1.947,1.462,0.94,1.013,1.298,0.983,NA,0.313,0.572,1.043,1.124,0.948,2.239,0.713,1.343,0.63,0.571,0.322,0.445,0.977,0.858,0.799,1.021,NA,NA,NA,NA,NA,1.738,0.556,0.625,NA,NA,NA,NA,NA,NA,0.812,0.839,NA,NA,NA,NA,NA,NA,NA,FALSE,NA,FALSE,FALSE,FALSE,NA,FALSE,FALSE,FALSE,FALSE,NA,FALSE,FALSE,FALSE,FALSE,FALSE,FALSE,NA,FALSE,NA,FALSE,FALSE,FALSE,FALSE,NA,FALSE,FALSE,NA,FALSE,FALSE,FALSE,FALSE,FALSE,FALSE,FALSE,NA,FALSE,FALSE,FALSE,FALSE,FALSE,FALSE,FALSE,FALSE,FALSE,FALSE,FALSE,FALSE,FALSE,FALSE,FALSE,FALSE,NA,NA,NA,NA,NA,FALSE,FALSE,FALSE,NA,NA,NA,NA,NA,NA,FALSE,FALSE,NA,NA,NA,NA,NA,NA,NA
1917,0.706,NA,0.963,1.107,0.715,NA,0.381,1.441,0.939,0.529,NA,0.722,0.583,0.7,0.663,1.151,1.874,NA,0.6,NA,0.597,0.567,0.833,0.892,NA,1.562,1.315,NA,2.236,1.093,1.104,1.121,0.803,1.232,0.963,NA,0.5,0.559,1.026,1.013,0.918,1.676,0.632,1.246,0.659,0.511,0.385,0.61,0.927,0.825,1.163,0.97,NA,NA,NA,NA,NA,1.386,0.962,1.456,NA,NA,NA,NA,NA,NA,1.031,1.097,NA,NA,NA,NA,NA,NA,NA,FALSE,NA,FALSE,FALSE,FALSE,NA,FALSE,FALSE,FALSE,FALSE,NA,FALSE,FALSE,FALSE,FALSE,FALSE,FALSE,NA,FALSE,NA,FALSE,FALSE,FALSE,FALSE,NA,FALSE,FALSE,NA,FALSE,FALSE,FALSE,FALSE,FALSE,FALSE,FALSE,NA,FALSE,FALSE,FALSE,FALSE,FALSE,FALSE,FALSE,FALSE,FALSE,FALSE,FALSE,FALSE,FALSE,FALSE,FALSE,FALSE,NA,NA,NA,NA,NA,FALSE,FALSE,FALSE,NA,NA,NA,NA,NA,NA,FALSE,FALSE,NA,NA,NA,NA,NA,NA,NA
1918,0.506,NA,0.647,1.019,0.412,NA,0.325,0.897,0.677,0.457,NA,0.908,0.673,0.593,0.489,0.866,1.218,NA,0.511,NA,0.389,0.472,0.653,0.568,NA,1.295,0.947,NA,1.33,0.738,0.936,1.036,0.544,0.774,0.822,NA,0.305,0.36,0.941,0.77,0.753,1.403,0.506,1.055,0.512,0.46,0.44,0.54,0.774,0.786,1.018,0.777,NA,NA,NA,NA,NA,1.035,0.746,1.173,NA,NA,NA,NA,NA,NA,1.041,0.861,NA,NA,NA,NA,NA,NA,NA,FALSE,NA,FALSE,FALSE,FALSE,NA,FALSE,FALSE,FALSE,FALSE,NA,FALSE,FALSE,FALSE,FALSE,FALSE,FALSE,NA,FALSE,NA,FALSE,FALSE,FALSE,FALSE,NA,FALSE,FALSE,NA,FALSE,FALSE,FALSE,FALSE,FALSE,FALSE,FALSE,NA,FALSE,FALSE,FALSE,FALSE,FALSE,FALSE,FALSE,FALSE,FALSE,FALSE,FALSE,FALSE,FALSE,FALSE,FALSE,FALSE,NA,NA,NA,NA,NA,FALSE,FALSE,FALSE,NA,NA,NA,NA,NA,NA,FALSE,FALSE,NA,NA,NA,NA,NA,NA,NA
1919,0.538,NA,0.828,0.66,0.517,NA,0.307,1.044,0.995,0.532,NA,0.795,0.462,0.674,0.39,0.872,1.325,NA,0.419,NA,0.468,0.425,0.579,0.554,NA,1.543,1.621,NA,1.336,0.796,1.333,1.008,0.576,0.798,0.609,NA,0.419,0.432,0.664,0.762,0.823,1.381,0.483,1.1,0.412,0.447,0.441,0.661,0.812,0.781,0.96,0.591,NA,NA,NA,NA,NA,1.083,1.007,1.421,NA,NA,NA,NA,NA,NA,1.353,0.986,NA,NA,NA,NA,NA,NA,NA,FALSE,NA,FALSE,FALSE,FALSE,NA,FALSE,FALSE,FALSE,FALSE,NA,FALSE,FALSE,FALSE,FALSE,FALSE,FALSE,NA,FALSE,NA,FALSE,FALSE,FALSE,FALSE,NA,FALSE,FALSE,NA,FALSE,FALSE,FALSE,FALSE,FALSE,FALSE,FALSE,NA,FALSE,FALSE,FALSE,FALSE,FALSE,FALSE,FALSE,FALSE,FALSE,FALSE,FALSE,FALSE,FALSE,FALSE,FALSE,FALSE,NA,NA,NA,NA,NA,FALSE,FALSE,FALSE,NA,NA,NA,NA,NA,NA,FALSE,FALSE,NA,NA,NA,NA,NA,NA,NA
1920,0.47,NA,0.406,0.278,0.367,NA,0.305,0.792,0.793,0.486,NA,0.575,0.531,0.558,0.607,0.819,0.94,NA,0.357,NA,0.211,0.319,0.474,0.355,NA,0.862,1.258,NA,1.055,0.762,1.933,0.916,0.395,0.454,0.599,NA,0.25,0.309,0.575,0.688,0.695,1.001,0.513,0.868,0.678,0.449,0.361,0.651,0.718,0.849,0.875,0.616,NA,NA,NA,NA,NA,0.813,0.854,1.272,NA,NA,NA,NA,NA,NA,0.928,1.038,NA,NA,NA,NA,NA,NA,NA,FALSE,NA,FALSE,FALSE,FALSE,NA,FALSE,FALSE,FALSE,FALSE,NA,FALSE,FALSE,FALSE,FALSE,FALSE,FALSE,NA,FALSE,NA,FALSE,FALSE,FALSE,FALSE,NA,FALSE,FALSE,NA,FALSE,FALSE,FALSE,FALSE,FALSE,FALSE,FALSE,NA,FALSE,FALSE,FALSE,FALSE,FALSE,FALSE,FALSE,FALSE,FALSE,FALSE,FALSE,FALSE,FALSE,FALSE,FALSE,FALSE,NA,NA,NA,NA,NA,FALSE,FALSE,FALSE,NA,NA,NA,NA,NA,NA,FALSE,FALSE,NA,NA,NA,NA,NA,NA,NA
1921,0.832,NA,0.964,0.923,0.427,NA,0.354,0.93,0.931,0.543,NA,0.776,0.453,0.682,0.535,1.11,1.126,NA,NA,NA,0.34,0.441,0.577,0.473,NA,1.505,1.96,NA,0.987,1.251,2.064,1.268,0.615,0.658,0.808,NA,0.414,0.425,0.902,1.031,0.658,1.432,0.534,1.286,0.685,0.555,0.394,0.611,0.789,0.966,1.444,0.793,NA,NA,NA,NA,NA,1.027,1.139,1.093,NA,NA,NA,NA,NA,NA,0.773,1.598,NA,NA,NA,NA,NA,NA,NA,FALSE,NA,FALSE,FALSE,FALSE,NA,FALSE,FALSE,FALSE,FALSE,NA,FALSE,FALSE,FALSE,FALSE,FALSE,FALSE,NA,NA,NA,FALSE,FALSE,FALSE,FALSE,NA,FALSE,FALSE,NA,FALSE,FALSE,FALSE,FALSE,FALSE,FALSE,FALSE,NA,FALSE,FALSE,FALSE,FALSE,FALSE,FALSE,FALSE,FALSE,FALSE,FALSE,FALSE,FALSE,FALSE,FALSE,FALSE,FALSE,NA,NA,NA,NA,NA,FALSE,FALSE,FALSE,NA,NA,NA,NA,NA,NA,FALSE,FALSE,NA,NA,NA,NA,NA,NA,NA
1922,0.523,NA,0.969,0.804,0.431,NA,0.395,1.207,1.459,0.583,NA,1.302,0.776,1.227,0.859,1.125,1.454,NA,NA,NA,0.218,0.434,0.526,0.7,1.449,1.467,1.968,NA,1.06,1.899,1.5,1.601,0.749,0.996,1.604,NA,0.384,0.418,0.862,0.858,0.952,1.511,0.747,1.079,0.76,0.434,0.561,0.654,0.799,0.658,1.5,0.754,NA,NA,NA,NA,NA,0.936,1.197,1.44,NA,NA,NA,NA,NA,NA,1.338,1.268,NA,NA,NA,NA,NA,NA,NA,FALSE,NA,FALSE,FALSE,FALSE,NA,FALSE,FALSE,FALSE,FALSE,NA,FALSE,FALSE,FALSE,FALSE,FALSE,FALSE,NA,NA,NA,FALSE,FALSE,FALSE,FALSE,FALSE,FALSE,FALSE,NA,FALSE,FALSE,FALSE,FALSE,FALSE,FALSE,FALSE,NA,FALSE,FALSE,FALSE,FALSE,FALSE,FALSE,FALSE,FALSE,FALSE,FALSE,FALSE,FALSE,FALSE,FALSE,FALSE,FALSE,NA,NA,NA,NA,NA,FALSE,FALSE,FALSE,NA,NA,NA,NA,NA,NA,FALSE,FALSE,NA,NA,NA,NA,NA,NA,NA
1923,0.93,NA,2.007,1.407,1.159,NA,0.555,2.09,2.222,0.777,NA,1.251,0.909,1.548,0.797,2.502,2.571,NA,NA,NA,0.77,0.975,0.955,1.626,1.758,1.712,2.628,NA,1.656,2.714,2.827,2.111,1.138,1.717,1.914,NA,0.634,0.757,1.225,1.125,0.836,2.712,0.666,1.697,0.565,0.488,0.763,0.825,0.943,1.121,1.219,1.007,NA,NA,NA,NA,NA,1.742,1.695,2.388,NA,NA,NA,NA,NA,NA,2.343,2.648,NA,NA,NA,NA,NA,NA,NA,FALSE,NA,FALSE,FALSE,FALSE,NA,FALSE,FALSE,TRUE,FALSE,NA,FALSE,FALSE,FALSE,FALSE,TRUE,FALSE,NA,NA,NA,FALSE,FALSE,FALSE,FALSE,FALSE,FALSE,FALSE,NA,FALSE,FALSE,FALSE,FALSE,FALSE,FALSE,FALSE,NA,FALSE,FALSE,FALSE,FALSE,FALSE,FALSE,FALSE,FALSE,FALSE,FALSE,FALSE,FALSE,FALSE,FALSE,FALSE,FALSE,NA,NA,NA,NA,NA,FALSE,FALSE,FALSE,NA,NA,NA,NA,NA,NA,FALSE,TRUE,NA,NA,NA,NA,NA,NA,NA
1924,0.283,NA,0.33,0.139,0.259,NA,0.231,0.648,0.767,0.406,NA,0.551,0.333,1.02,0.312,0.371,0.943,NA,NA,NA,0.222,0.225,0.17,0.374,0.466,0.239,0.822,NA,0.496,0.59,0.445,0.511,0.308,0.278,0.354,NA,0.138,0.277,0.363,0.375,0.345,0.751,0.308,0.636,0.328,0.207,0.263,0.218,0.435,0.449,0.388,0.43,NA,NA,NA,NA,NA,0.369,0.24,0.294,NA,NA,NA,NA,NA,NA,0.534,0.264,NA,NA,NA,NA,NA,NA,NA,FALSE,NA,FALSE,FALSE,FALSE,NA,FALSE,FALSE,FALSE,FALSE,NA,FALSE,FALSE,FALSE,FALSE,FALSE,FALSE,NA,NA,NA,FALSE,FALSE,FALSE,FALSE,FALSE,FALSE,FALSE,NA,FALSE,FALSE,FALSE,FALSE,FALSE,FALSE,FALSE,NA,FALSE,FALSE,FALSE,FALSE,FALSE,FALSE,FALSE,FALSE,FALSE,FALSE,FALSE,FALSE,FALSE,FALSE,FALSE,FALSE,NA,NA,NA,NA,NA,FALSE,FALSE,FALSE,NA,NA,NA,NA,NA,NA,FALSE,FALSE,NA,NA,NA,NA,NA,NA,NA
1925,0.568,NA,0.752,0.593,0.535,NA,0.503,0.561,0.997,0.426,NA,0.788,0.555,0.991,0.543,0.742,1.083,NA,NA,NA,0.192,0.315,0.397,0.512,0.591,0.518,1.689,NA,1.302,0.801,1.712,0.869,0.763,0.819,0.602,NA,0.567,0.58,0.671,0.729,0.545,1.347,0.607,0.996,0.682,0.481,0.299,0.611,0.666,0.541,0.908,0.703,NA,NA,NA,NA,NA,0.867,0.735,1.798,NA,NA,NA,NA,NA,NA,0.565,0.841,NA,NA,NA,NA,NA,NA,NA,FALSE,NA,FALSE,FALSE,FALSE,NA,FALSE,FALSE,FALSE,FALSE,NA,FALSE,FALSE,FALSE,FALSE,FALSE,FALSE,NA,NA,NA,FALSE,FALSE,FALSE,FALSE,FALSE,FALSE,FALSE,NA,FALSE,FALSE,FALSE,FALSE,FALSE,FALSE,FALSE,NA,FALSE,FALSE,FALSE,FALSE,FALSE,FALSE,FALSE,FALSE,FALSE,FALSE,FALSE,FALSE,FALSE,FALSE,FALSE,FALSE,NA,NA,NA,NA,NA,FALSE,FALSE,FALSE,NA,NA,NA,NA,NA,NA,FALSE,FALSE,NA,NA,NA,NA,NA,NA,NA
1926,0.458,NA,0.54,0.239,0.318,NA,0.406,0.583,0.722,0.43,NA,0.645,0.556,0.661,0.487,0.492,0.684,NA,NA,NA,0.27,0.301,0.291,0.384,0.446,0.492,0.951,NA,0.683,0.625,0.799,0.609,0.526,0.337,0.369,NA,0.371,0.305,0.428,0.598,0.377,1.018,0.455,0.829,0.531,0.378,0.408,0.395,0.826,0.459,0.656,0.48,NA,NA,NA,NA,NA,0.466,0.401,0.694,NA,NA,NA,NA,NA,NA,0.546,0.394,NA,NA,NA,NA,NA,NA,NA,FALSE,NA,FALSE,FALSE,FALSE,NA,FALSE,FALSE,FALSE,FALSE,NA,FALSE,FALSE,FALSE,FALSE,FALSE,FALSE,NA,NA,NA,FALSE,FALSE,FALSE,FALSE,FALSE,FALSE,FALSE,NA,FALSE,FALSE,FALSE,FALSE,FALSE,FALSE,FALSE,NA,FALSE,FALSE,FALSE,FALSE,FALSE,FALSE,FALSE,FALSE,FALSE,FALSE,FALSE,FALSE,FALSE,FALSE,FALSE,FALSE,NA,NA,NA,NA,NA,FALSE,FALSE,FALSE,NA,NA,NA,NA,NA,NA,FALSE,FALSE,NA,NA,NA,NA,NA,NA,NA
1927,0.441,NA,0.493,0.26,0.319,NA,0.174,0.597,0.687,0.429,NA,0.595,0.404,0.583,0.639,0.798,0.476,NA,NA,NA,0.283,0.251,0.383,0.445,0.754,0.856,1.486,NA,0.813,0.777,1.227,0.833,0.827,0.794,0.708,NA,0.494,0.507,0.584,0.516,0.527,1.242,0.497,0.593,0.468,0.347,0.486,0.299,0.579,0.46,0.43,0.689,NA,NA,NA,NA,NA,0.825,0.882,0.927,NA,NA,NA,NA,NA,NA,0.57,0.48,NA,NA,NA,NA,NA,NA,NA,FALSE,NA,FALSE,FALSE,FALSE,NA,FALSE,FALSE,FALSE,FALSE,NA,FALSE,FALSE,FALSE,FALSE,FALSE,FALSE,NA,NA,NA,FALSE,FALSE,FALSE,FALSE,FALSE,FALSE,FALSE,NA,FALSE,FALSE,FALSE,FALSE,FALSE,FALSE,FALSE,NA,FALSE,FALSE,FALSE,FALSE,FALSE,FALSE,FALSE,FALSE,FALSE,FALSE,FALSE,FALSE,FALSE,FALSE,FALSE,FALSE,NA,NA,NA,NA,NA,FALSE,FALSE,FALSE,NA,NA,NA,NA,NA,NA,FALSE,FALSE,NA,NA,NA,NA,NA,NA,NA
1928,0.73,NA,0.831,0.406,0.325,NA,0.361,0.855,1.309,0.729,NA,0.764,0.645,0.762,0.655,1.346,1.02,NA,NA,NA,0.404,0.66,0.75,0.58,1.349,1.316,1.857,NA,1.432,1.748,2.205,1.303,0.919,0.784,1.018,NA,0.568,0.5,0.757,0.895,0.631,1.498,0.58,0.782,0.519,0.469,0.664,0.604,0.924,0.472,0.804,0.777,NA,NA,NA,NA,NA,1.03,0.69,0.889,NA,NA,NA,NA,NA,NA,1.225,0.833,NA,NA,NA,NA,NA,NA,NA,FALSE,NA,FALSE,FALSE,FALSE,NA,FALSE,FALSE,FALSE,FALSE,NA,FALSE,FALSE,FALSE,FALSE,FALSE,FALSE,NA,NA,NA,FALSE,FALSE,FALSE,FALSE,FALSE,FALSE,FALSE,NA,FALSE,FALSE,FALSE,FALSE,FALSE,FALSE,FALSE,NA,FALSE,FALSE,FALSE,FALSE,FALSE,FALSE,FALSE,FALSE,FALSE,FALSE,FALSE,FALSE,FALSE,FALSE,FALSE,FALSE,NA,NA,NA,NA,NA,FALSE,FALSE,FALSE,NA,NA,NA,NA,NA,NA,FALSE,FALSE,NA,NA,NA,NA,NA,NA,NA
1929,0.513,NA,0.495,0.319,0.244,NA,0.305,0.639,0.802,0.466,NA,0.726,0.265,0.75,0.522,0.748,0.655,NA,NA,NA,0.303,0.343,0.443,0.456,0.762,0.937,1.104,NA,0.803,0.957,0.782,0.546,0.51,0.437,0.409,NA,0.398,0.38,0.341,0.574,0.354,0.904,0.451,0.705,0.388,0.343,0.312,0.369,0.66,0.416,0.68,0.494,NA,NA,NA,NA,NA,0.533,0.354,0.348,NA,NA,NA,NA,NA,NA,0.492,0.493,NA,NA,NA,NA,NA,NA,NA,FALSE,NA,FALSE,FALSE,FALSE,NA,FALSE,FALSE,FALSE,FALSE,NA,FALSE,FALSE,FALSE,FALSE,FALSE,FALSE,NA,NA,NA,FALSE,FALSE,FALSE,FALSE,FALSE,FALSE,FALSE,NA,FALSE,FALSE,FALSE,FALSE,FALSE,FALSE,FALSE,NA,FALSE,FALSE,FALSE,FALSE,FALSE,FALSE,FALSE,FALSE,FALSE,FALSE,FALSE,FALSE,FALSE,FALSE,FALSE,FALSE,NA,NA,NA,NA,NA,FALSE,FALSE,FALSE,NA,NA,NA,NA,NA,NA,FALSE,FALSE,NA,NA,NA,NA,NA,NA,NA
1930,0.54,NA,0.455,0.167,0.333,NA,0.253,0.401,0.538,0.33,NA,0.645,0.408,0.94,0.365,0.716,1.951,NA,NA,NA,0.326,0.317,0.308,0.447,1.063,0.553,0.663,NA,1.072,0.979,1.155,0.524,0.507,0.392,0.487,NA,0.341,0.289,0.484,0.44,0.229,0.861,0.402,0.818,0.518,0.339,0.391,0.342,0.478,0.519,0.879,0.85,NA,NA,NA,NA,NA,0.63,0.505,0.528,NA,NA,NA,NA,NA,NA,0.512,0.558,NA,NA,NA,NA,NA,NA,NA,FALSE,NA,FALSE,FALSE,FALSE,NA,FALSE,FALSE,FALSE,FALSE,NA,FALSE,FALSE,FALSE,FALSE,FALSE,FALSE,NA,NA,NA,FALSE,FALSE,FALSE,FALSE,FALSE,FALSE,FALSE,NA,FALSE,FALSE,FALSE,FALSE,FALSE,FALSE,FALSE,NA,FALSE,FALSE,FALSE,FALSE,FALSE,FALSE,FALSE,FALSE,FALSE,FALSE,FALSE,FALSE,FALSE,FALSE,FALSE,FALSE,NA,NA,NA,NA,NA,FALSE,FALSE,FALSE,NA,NA,NA,NA,NA,NA,FALSE,FALSE,NA,NA,NA,NA,NA,NA,NA
1931,0.298,NA,0.138,0.137,0.277,NA,0.182,0.652,0.309,0.311,NA,0.357,0.164,0.488,0.207,0.199,0.417,NA,NA,NA,0.173,0.195,0.185,0.455,0.428,0.267,0.55,NA,2.466,0.496,0.593,1.661,0.226,0.173,0.294,NA,0.299,0.182,0.287,1.201,0.071,0.416,0.378,0.408,0.162,0.705,0.2,0.253,0.35,0.249,0.304,0.449,NA,NA,NA,NA,NA,0.32,0.154,0.19,NA,NA,NA,NA,NA,NA,0.272,0.202,NA,NA,NA,NA,NA,NA,NA,FALSE,NA,FALSE,FALSE,FALSE,NA,FALSE,FALSE,FALSE,FALSE,NA,FALSE,FALSE,FALSE,FALSE,FALSE,FALSE,NA,NA,NA,FALSE,FALSE,FALSE,FALSE,FALSE,FALSE,FALSE,NA,FALSE,FALSE,FALSE,FALSE,FALSE,FALSE,FALSE,NA,FALSE,FALSE,FALSE,FALSE,FALSE,FALSE,FALSE,FALSE,FALSE,FALSE,FALSE,FALSE,FALSE,FALSE,FALSE,FALSE,NA,NA,NA,NA,NA,FALSE,FALSE,FALSE,NA,NA,NA,NA,NA,NA,FALSE,FALSE,NA,NA,NA,NA,NA,NA,NA
1932,0.73,NA,0.442,0.636,0.604,NA,0.608,1.009,0.764,0.578,NA,0.867,0.516,0.852,0.598,1.236,2.189,NA,NA,NA,0.456,0.475,0.498,1.534,1.575,1.426,2.274,NA,1.609,1.402,2.79,1.443,1.026,1.114,0.483,NA,0.66,0.638,0.91,1.219,0.694,1.893,0.683,0.833,0.696,0.436,0.531,0.564,0.784,0.705,0.65,1.187,NA,NA,NA,NA,NA,1.152,1.953,1.355,NA,NA,NA,NA,NA,NA,0.414,0.69,NA,NA,NA,NA,NA,NA,NA,FALSE,NA,FALSE,FALSE,FALSE,NA,FALSE,FALSE,FALSE,FALSE,NA,FALSE,FALSE,FALSE,FALSE,FALSE,FALSE,NA,NA,NA,FALSE,FALSE,FALSE,FALSE,FALSE,FALSE,FALSE,NA,FALSE,FALSE,FALSE,FALSE,FALSE,FALSE,FALSE,NA,FALSE,FALSE,FALSE,FALSE,FALSE,FALSE,FALSE,FALSE,FALSE,FALSE,FALSE,FALSE,FALSE,FALSE,FALSE,FALSE,NA,NA,NA,NA,NA,FALSE,FALSE,FALSE,NA,NA,NA,NA,NA,NA,FALSE,FALSE,NA,NA,NA,NA,NA,NA,NA
1933,0.841,NA,1.04,0.467,0.904,NA,0.621,0.283,1.528,0.858,NA,1.242,0.789,1.357,0.876,1.488,2.298,NA,NA,0.549,0.616,0.554,0.619,1.248,1.639,1.748,2.767,NA,0.405,2.548,2.653,1.404,0.647,1.185,0.912,NA,0.665,0.628,0.865,1.134,0.582,1.5,0.708,1.272,0.576,0.44,0.72,0.607,0.836,0.684,0.826,1.172,NA,NA,NA,NA,NA,1.837,1.361,1.142,NA,NA,NA,NA,NA,NA,0.838,0.764,NA,NA,NA,NA,NA,NA,NA,FALSE,NA,FALSE,FALSE,FALSE,NA,FALSE,FALSE,FALSE,FALSE,NA,FALSE,FALSE,FALSE,FALSE,FALSE,FALSE,NA,NA,FALSE,FALSE,FALSE,FALSE,FALSE,FALSE,FALSE,FALSE,NA,FALSE,FALSE,FALSE,FALSE,FALSE,FALSE,FALSE,NA,FALSE,FALSE,FALSE,FALSE,FALSE,FALSE,FALSE,FALSE,FALSE,FALSE,FALSE,FALSE,FALSE,FALSE,FALSE,FALSE,NA,NA,NA,NA,NA,FALSE,FALSE,FALSE,NA,NA,NA,NA,NA,NA,FALSE,FALSE,NA,NA,NA,NA,NA,NA,NA
1934,0.382,NA,0.328,0.114,0.317,NA,0.312,0.066,0.496,0.443,NA,0.349,0.305,1.215,0.425,0.63,1.174,NA,NA,0.166,0.346,0.074,0.261,0.41,0.966,0.318,1.305,NA,0.368,0.741,0.719,0.565,0.409,0.386,0.216,NA,0.333,0.348,0.413,0.486,0.278,0.707,0.334,0.635,0.212,0.216,0.185,0.282,0.387,0.449,0.292,0.562,NA,NA,NA,NA,NA,0.325,0.389,0.009,NA,NA,NA,NA,NA,NA,0.455,0.238,NA,NA,NA,NA,NA,NA,NA,FALSE,NA,FALSE,FALSE,FALSE,NA,FALSE,FALSE,FALSE,FALSE,NA,FALSE,FALSE,FALSE,FALSE,FALSE,FALSE,NA,NA,FALSE,FALSE,FALSE,FALSE,FALSE,FALSE,FALSE,FALSE,NA,FALSE,FALSE,FALSE,FALSE,FALSE,FALSE,FALSE,NA,FALSE,FALSE,FALSE,FALSE,FALSE,FALSE,FALSE,FALSE,FALSE,FALSE,FALSE,FALSE,FALSE,FALSE,FALSE,FALSE,NA,NA,NA,NA,NA,FALSE,FALSE,FALSE,NA,NA,NA,NA,NA,NA,FALSE,FALSE,NA,NA,NA,NA,NA,NA,NA
1935,0.694,2.173,0.5,0.615,0.661,NA,0.412,0.636,1.137,0.697,NA,0.855,0.576,1.493,0.808,1.421,2.364,NA,NA,0.499,0.335,0.403,0.472,0.721,1.679,1.107,1.919,NA,1.163,1.19,1.542,1.162,1.006,1.252,0.766,NA,0.716,0.478,0.77,0.827,0.565,1.365,0.713,0.929,0.578,0.456,0.449,0.451,1.022,0.615,0.529,1.354,NA,NA,NA,NA,NA,1.243,1.486,1.115,NA,NA,NA,NA,NA,NA,0.947,0.713,NA,NA,NA,NA,NA,NA,NA,FALSE,FALSE,FALSE,FALSE,FALSE,NA,FALSE,FALSE,FALSE,FALSE,NA,FALSE,FALSE,FALSE,FALSE,FALSE,FALSE,NA,NA,FALSE,FALSE,FALSE,FALSE,FALSE,FALSE,FALSE,FALSE,NA,FALSE,FALSE,FALSE,FALSE,FALSE,FALSE,FALSE,NA,FALSE,FALSE,FALSE,FALSE,FALSE,FALSE,FALSE,FALSE,FALSE,FALSE,FALSE,FALSE,FALSE,FALSE,FALSE,FALSE,NA,NA,NA,NA,NA,FALSE,FALSE,FALSE,NA,NA,NA,NA,NA,NA,FALSE,FALSE,NA,NA,NA,NA,NA,NA,NA
1936,1.327,2.275,1.277,1.294,0.891,NA,0.524,0.826,1.326,0.785,NA,1.485,0.813,1.581,1.059,1.923,1.984,NA,NA,0.763,0.658,0.919,1.097,1.216,2.043,1.495,2.861,NA,1.361,1.959,2.444,1.871,0.865,1.659,1.231,NA,0.733,0.649,1.076,1.414,0.597,1.596,0.736,1.402,0.578,0.43,0.958,0.637,1.429,0.686,0.695,1.368,NA,NA,NA,NA,NA,1.654,2.046,1.421,NA,NA,NA,NA,NA,NA,1.243,0.986,NA,NA,NA,NA,NA,NA,NA,FALSE,FALSE,FALSE,FALSE,FALSE,NA,FALSE,FALSE,FALSE,FALSE,NA,FALSE,FALSE,FALSE,FALSE,FALSE,FALSE,NA,NA,FALSE,FALSE,FALSE,FALSE,FALSE,FALSE,FALSE,FALSE,NA,FALSE,FALSE,FALSE,FALSE,FALSE,FALSE,FALSE,NA,FALSE,FALSE,FALSE,FALSE,FALSE,FALSE,FALSE,FALSE,FALSE,FALSE,FALSE,FALSE,FALSE,FALSE,FALSE,FALSE,NA,NA,NA,NA,NA,FALSE,FALSE,FALSE,NA,NA,NA,NA,NA,NA,FALSE,FALSE,NA,NA,NA,NA,NA,NA,NA
1937,0.516,1.523,1.024,1.361,0.736,NA,0.527,1.08,0.536,0.675,NA,0.865,0.708,1.341,0.767,1.481,2.24,NA,NA,0.664,0.416,0.585,0.949,0.871,2.046,1.625,2.383,NA,0.886,2.757,2.175,1.095,1.055,1.354,0.773,NA,0.608,0.651,0.949,1.361,1.035,1.792,1.023,1.488,0.514,0.48,0.774,0.506,1.337,0.673,0.623,1.086,NA,NA,NA,NA,NA,1.248,1.136,0.815,NA,NA,NA,NA,NA,NA,0.68,0.917,NA,NA,NA,NA,NA,NA,NA,FALSE,FALSE,FALSE,FALSE,FALSE,NA,FALSE,FALSE,FALSE,FALSE,NA,FALSE,FALSE,FALSE,FALSE,FALSE,FALSE,NA,NA,FALSE,FALSE,FALSE,FALSE,FALSE,FALSE,FALSE,FALSE,NA,FALSE,FALSE,FALSE,FALSE,FALSE,FALSE,FALSE,NA,FALSE,FALSE,FALSE,FALSE,FALSE,FALSE,FALSE,FALSE,FALSE,FALSE,FALSE,FALSE,FALSE,FALSE,FALSE,FALSE,NA,NA,NA,NA,NA,FALSE,FALSE,FALSE,NA,NA,NA,NA,NA,NA,FALSE,FALSE,NA,NA,NA,NA,NA,NA,NA
1938,0.957,1.808,0.985,0.724,1.031,2.727,0.644,1.076,1.167,0.751,NA,1.328,0.748,1.338,1.137,1.878,2.14,NA,NA,0.735,0.522,1.024,1.089,1.481,1.895,2.014,2.326,NA,1.339,2.477,2.34,1.365,0.936,1.392,1.438,NA,0.783,0.74,1.25,1.122,0.925,1.292,1.085,1.688,0.647,0.484,0.978,0.74,1.243,1.05,1.133,1.152,NA,NA,NA,NA,NA,2.059,1.376,1.587,NA,NA,NA,NA,NA,NA,0.66,0.891,NA,NA,NA,NA,NA,NA,NA,FALSE,FALSE,FALSE,FALSE,FALSE,FALSE,FALSE,FALSE,FALSE,FALSE,NA,FALSE,FALSE,FALSE,FALSE,FALSE,FALSE,NA,NA,FALSE,FALSE,FALSE,FALSE,FALSE,FALSE,FALSE,FALSE,NA,FALSE,FALSE,FALSE,FALSE,FALSE,FALSE,FALSE,NA,FALSE,FALSE,FALSE,FALSE,FALSE,FALSE,FALSE,FALSE,FALSE,FALSE,FALSE,FALSE,FALSE,FALSE,FALSE,FALSE,NA,NA,NA,NA,NA,FALSE,FALSE,FALSE,NA,NA,NA,NA,NA,NA,FALSE,FALSE,NA,NA,NA,NA,NA,NA,NA
1939,0.674,0.848,0.679,0.377,0.572,1.491,0.496,0.777,0.631,0.606,NA,0.74,0.47,1.003,0.563,1.207,1.416,1.493,NA,0.487,0.355,0.659,0.568,0.763,1.68,1.055,1.569,NA,0.843,1.17,0.818,0.838,0.401,0.602,0.636,NA,0.481,0.468,0.589,0.744,0.47,1.218,0.552,1.064,0.494,0.285,0.754,0.504,0.927,0.837,0.736,0.857,NA,NA,NA,NA,NA,1.105,0.595,0.604,NA,NA,NA,NA,NA,NA,0.328,0.546,NA,NA,NA,NA,NA,NA,NA,FALSE,FALSE,FALSE,FALSE,FALSE,FALSE,FALSE,FALSE,FALSE,FALSE,NA,FALSE,FALSE,FALSE,FALSE,FALSE,FALSE,FALSE,NA,FALSE,FALSE,FALSE,FALSE,FALSE,FALSE,FALSE,FALSE,NA,FALSE,FALSE,FALSE,FALSE,FALSE,FALSE,FALSE,NA,FALSE,FALSE,FALSE,FALSE,FALSE,FALSE,FALSE,FALSE,FALSE,FALSE,FALSE,FALSE,FALSE,FALSE,FALSE,FALSE,NA,NA,NA,NA,NA,FALSE,FALSE,FALSE,NA,NA,NA,NA,NA,NA,FALSE,FALSE,NA,NA,NA,NA,NA,NA,NA
1940,0.801,1.531,0.721,0.581,0.729,2.121,0.508,0.699,0.532,0.473,NA,0.556,0.597,0.843,0.674,1.039,1.797,1.807,NA,1.089,0.425,0.507,0.562,0.735,1.586,1.581,1.747,NA,0.784,1.48,1.172,1.102,0.858,1.34,0.578,NA,0.483,0.615,0.617,0.764,0.577,1.384,0.702,1.159,0.514,0.375,0.763,0.617,1.028,0.733,0.587,0.887,NA,NA,NA,NA,NA,1.212,1.276,1.449,NA,NA,NA,NA,NA,NA,0.568,0.757,NA,NA,NA,NA,NA,NA,NA,FALSE,FALSE,FALSE,FALSE,FALSE,FALSE,FALSE,FALSE,FALSE,FALSE,NA,FALSE,FALSE,FALSE,FALSE,FALSE,FALSE,FALSE,NA,FALSE,FALSE,FALSE,FALSE,FALSE,FALSE,FALSE,FALSE,NA,FALSE,FALSE,FALSE,FALSE,FALSE,FALSE,FALSE,NA,FALSE,FALSE,FALSE,FALSE,FALSE,FALSE,FALSE,FALSE,FALSE,FALSE,FALSE,FALSE,FALSE,FALSE,FALSE,FALSE,NA,NA,NA,NA,NA,FALSE,FALSE,FALSE,NA,NA,NA,NA,NA,NA,FALSE,FALSE,NA,NA,NA,NA,NA,NA,NA
1941,1.426,1.82,1.656,1.861,1.458,2.266,0.891,1.035,1.693,0.861,NA,0.986,0.895,1.159,1.277,2.235,2.286,3.534,NA,1.598,0.559,1.113,1.166,1.52,2.125,2.771,2.285,NA,1.576,1.686,2.219,1.652,1.576,1.77,1.745,NA,1.084,1.173,1.764,1.406,0.835,2.154,0.996,2.198,0.634,0.543,1.119,0.823,1.784,0.953,1.087,1.353,NA,NA,NA,NA,NA,1.776,3.081,2.638,NA,NA,NA,NA,NA,NA,1.277,1.167,NA,NA,NA,NA,NA,NA,NA,FALSE,FALSE,FALSE,FALSE,FALSE,FALSE,FALSE,FALSE,FALSE,FALSE,NA,FALSE,FALSE,FALSE,FALSE,FALSE,FALSE,TRUE,NA,TRUE,FALSE,FALSE,FALSE,FALSE,FALSE,TRUE,FALSE,NA,FALSE,FALSE,FALSE,FALSE,FALSE,FALSE,FALSE,NA,FALSE,FALSE,TRUE,FALSE,FALSE,FALSE,FALSE,FALSE,FALSE,FALSE,TRUE,FALSE,TRUE,FALSE,FALSE,FALSE,NA,NA,NA,NA,NA,FALSE,FALSE,FALSE,NA,NA,NA,NA,NA,NA,FALSE,FALSE,NA,NA,NA,NA,NA,NA,NA
1942,1.104,1.75,1.403,1.502,0.877,1.678,0.763,1.315,1.262,0.555,NA,1.185,0.688,1.256,0.65,1.837,2.615,3.091,NA,1.227,0.568,0.96,1.125,0.948,1.777,1.84,2.144,NA,1.479,2.715,2.291,1.607,0.945,1.834,1.226,NA,0.975,1.048,1.255,1.276,0.964,1.904,0.787,2.021,0.531,0.472,0.86,0.714,1.256,0.708,1.1,1.152,0.769,NA,NA,NA,NA,1.947,2.138,1.942,NA,NA,NA,NA,NA,NA,0.817,1.05,NA,NA,NA,NA,NA,NA,NA,FALSE,FALSE,FALSE,FALSE,FALSE,FALSE,FALSE,FALSE,FALSE,FALSE,NA,FALSE,FALSE,FALSE,FALSE,FALSE,FALSE,FALSE,NA,FALSE,FALSE,FALSE,FALSE,FALSE,FALSE,FALSE,FALSE,NA,FALSE,FALSE,FALSE,FALSE,FALSE,FALSE,FALSE,NA,FALSE,FALSE,FALSE,FALSE,FALSE,FALSE,FALSE,FALSE,FALSE,FALSE,FALSE,FALSE,FALSE,FALSE,FALSE,FALSE,FALSE,NA,NA,NA,NA,FALSE,FALSE,FALSE,NA,NA,NA,NA,NA,NA,FALSE,FALSE,NA,NA,NA,NA,NA,NA,NA
1943,0.8,1.956,0.83,0.638,0.633,0.74,0.51,1.25,0.875,0.679,NA,0.676,0.494,1.111,0.691,1.142,1.833,1.699,NA,0.931,0.473,0.844,0.741,0.718,1.612,1.209,1.486,NA,1.316,2.149,2.263,1.68,0.796,1.178,0.757,NA,0.491,0.665,0.906,0.84,1.021,1.297,0.788,1.485,0.692,0.514,0.809,0.521,0.965,0.565,1.313,0.914,1.276,NA,NA,NA,NA,2.317,1.719,1.356,NA,NA,NA,NA,NA,NA,0.747,0.8,NA,NA,NA,NA,NA,NA,NA,FALSE,FALSE,FALSE,FALSE,FALSE,FALSE,FALSE,FALSE,FALSE,FALSE,NA,FALSE,FALSE,FALSE,FALSE,FALSE,FALSE,FALSE,NA,FALSE,FALSE,FALSE,FALSE,FALSE,FALSE,FALSE,FALSE,NA,FALSE,FALSE,FALSE,FALSE,FALSE,FALSE,FALSE,NA,FALSE,FALSE,FALSE,FALSE,FALSE,FALSE,FALSE,FALSE,FALSE,FALSE,FALSE,FALSE,FALSE,FALSE,FALSE,FALSE,FALSE,NA,NA,NA,NA,FALSE,FALSE,FALSE,NA,NA,NA,NA,NA,NA,FALSE,FALSE,NA,NA,NA,NA,NA,NA,NA
1944,0.656,1.536,0.783,0.714,0.512,1.028,0.537,0.98,0.757,0.575,NA,0.693,0.488,0.947,0.448,0.873,1.881,1.07,NA,0.643,0.399,0.651,0.708,0.675,1.362,1.361,1.199,NA,1.034,1.637,1.927,1.457,0.711,0.723,0.579,NA,0.507,0.642,0.714,0.931,0.746,1.051,0.591,1.191,0.406,0.43,0.572,0.534,0.883,0.495,0.948,0.861,1.401,NA,NA,NA,NA,1.361,1.014,0.714,NA,NA,NA,NA,NA,NA,0.695,0.524,NA,NA,NA,NA,NA,NA,NA,FALSE,FALSE,FALSE,FALSE,FALSE,FALSE,FALSE,FALSE,FALSE,FALSE,NA,FALSE,FALSE,FALSE,FALSE,FALSE,FALSE,FALSE,NA,FALSE,FALSE,FALSE,FALSE,FALSE,FALSE,FALSE,FALSE,NA,FALSE,FALSE,FALSE,FALSE,FALSE,FALSE,FALSE,NA,FALSE,FALSE,FALSE,FALSE,FALSE,FALSE,FALSE,FALSE,FALSE,FALSE,FALSE,FALSE,FALSE,FALSE,FALSE,FALSE,FALSE,NA,NA,NA,NA,FALSE,FALSE,FALSE,NA,NA,NA,NA,NA,NA,FALSE,FALSE,NA,NA,NA,NA,NA,NA,NA
1945,0.693,2.49,0.868,0.741,0.664,2.228,0.58,0.948,1.166,0.585,NA,0.643,0.461,2.004,0.439,1.122,2.551,1.22,NA,0.77,0.349,0.746,0.786,0.738,1.38,1.37,1.305,NA,1.601,1.827,1.347,1.205,0.951,1.113,0.658,NA,0.669,0.895,0.815,0.796,0.66,1.098,0.669,1.332,0.55,0.455,0.48,0.652,0.833,0.552,0.718,0.908,1.159,NA,NA,NA,NA,1.55,1.058,1.341,NA,NA,NA,NA,NA,NA,0.5,1.204,NA,NA,NA,NA,NA,NA,NA,FALSE,FALSE,FALSE,FALSE,FALSE,FALSE,FALSE,FALSE,FALSE,FALSE,NA,FALSE,FALSE,FALSE,FALSE,FALSE,FALSE,FALSE,NA,FALSE,FALSE,FALSE,FALSE,FALSE,FALSE,FALSE,FALSE,NA,FALSE,FALSE,FALSE,FALSE,FALSE,FALSE,FALSE,NA,FALSE,FALSE,FALSE,FALSE,FALSE,FALSE,FALSE,FALSE,FALSE,FALSE,FALSE,FALSE,FALSE,FALSE,FALSE,FALSE,FALSE,NA,NA,NA,NA,FALSE,FALSE,FALSE,NA,NA,NA,NA,NA,NA,FALSE,FALSE,NA,NA,NA,NA,NA,NA,NA
1946,0.541,1.079,0.643,0.533,0.432,0.948,0.586,0.75,0.805,0.477,NA,0.539,0.512,1.359,0.432,0.714,1.506,0.666,NA,0.333,0.322,0.566,0.48,0.554,0.777,0.687,0.709,NA,1.038,0.912,0.498,0.826,0.542,0.495,0.604,NA,0.408,0.494,0.627,0.619,0.445,0.923,0.553,1.09,0.445,0.378,0.449,0.513,0.847,0.413,0.421,0.722,0.822,NA,NA,NA,NA,1.018,1.134,1.083,NA,NA,NA,NA,NA,NA,0.629,0.662,NA,NA,NA,NA,NA,NA,NA,FALSE,FALSE,FALSE,FALSE,FALSE,FALSE,FALSE,FALSE,FALSE,FALSE,NA,FALSE,FALSE,FALSE,FALSE,FALSE,FALSE,FALSE,NA,FALSE,FALSE,FALSE,FALSE,FALSE,FALSE,FALSE,FALSE,NA,FALSE,FALSE,FALSE,FALSE,FALSE,FALSE,FALSE,NA,FALSE,FALSE,FALSE,FALSE,FALSE,FALSE,FALSE,FALSE,FALSE,FALSE,FALSE,FALSE,FALSE,FALSE,FALSE,FALSE,FALSE,NA,NA,NA,NA,FALSE,FALSE,FALSE,NA,NA,NA,NA,NA,NA,FALSE,FALSE,NA,NA,NA,NA,NA,NA,NA
1947,0.531,1.163,0.802,0.5,0.614,1.63,0.505,0.737,1.041,0.602,NA,0.492,0.395,1.425,0.449,0.664,1.402,0.531,NA,0.442,0.272,0.404,0.499,0.443,0.774,0.653,0.973,NA,1.214,0.984,1.052,0.783,0.412,0.52,0.382,NA,0.361,0.35,0.577,0.714,0.5,0.944,0.487,0.923,0.475,0.432,0.478,0.59,0.758,0.363,0.504,0.719,1.309,NA,NA,NA,NA,0.875,1.024,0.83,NA,NA,NA,NA,NA,NA,0.524,0.675,NA,NA,NA,NA,NA,NA,NA,FALSE,FALSE,FALSE,FALSE,FALSE,FALSE,FALSE,FALSE,FALSE,FALSE,NA,FALSE,FALSE,FALSE,FALSE,FALSE,FALSE,FALSE,NA,FALSE,FALSE,FALSE,FALSE,FALSE,FALSE,FALSE,FALSE,NA,FALSE,FALSE,FALSE,FALSE,FALSE,FALSE,FALSE,NA,FALSE,FALSE,FALSE,FALSE,FALSE,FALSE,FALSE,FALSE,FALSE,FALSE,FALSE,FALSE,FALSE,FALSE,FALSE,FALSE,FALSE,NA,NA,NA,NA,FALSE,FALSE,FALSE,NA,NA,NA,NA,NA,NA,FALSE,FALSE,NA,NA,NA,NA,NA,NA,NA
1948,0.645,1.002,0.639,0.601,0.652,1.006,0.56,0.662,0.861,0.492,NA,0.52,0.417,2.129,0.432,0.644,1.501,0.395,NA,0.248,0.23,0.352,0.465,0.263,0.805,0.667,0.8,NA,1.025,0.934,0.81,0.8,0.403,0.265,0.443,NA,0.384,0.498,0.513,0.61,0.441,0.962,0.489,1.423,0.365,0.447,0.506,0.578,0.928,0.548,0.486,0.628,1.048,NA,NA,NA,NA,0.582,0.809,0.923,NA,NA,NA,NA,NA,NA,0.565,0.5,NA,NA,NA,NA,NA,NA,NA,FALSE,FALSE,FALSE,FALSE,FALSE,FALSE,FALSE,FALSE,FALSE,FALSE,NA,FALSE,FALSE,FALSE,FALSE,FALSE,FALSE,FALSE,NA,FALSE,FALSE,FALSE,FALSE,FALSE,FALSE,FALSE,FALSE,NA,FALSE,FALSE,FALSE,FALSE,FALSE,FALSE,FALSE,NA,FALSE,FALSE,FALSE,FALSE,FALSE,FALSE,FALSE,FALSE,FALSE,FALSE,FALSE,FALSE,FALSE,FALSE,FALSE,FALSE,FALSE,NA,NA,NA,NA,FALSE,FALSE,FALSE,NA,NA,NA,NA,NA,NA,FALSE,FALSE,NA,NA,NA,NA,NA,NA,NA
1949,0.444,0.774,0.51,0.416,0.42,1.057,0.517,0.526,1.319,0.396,NA,0.473,0.435,1.315,0.404,0.459,1.805,0.588,NA,0.402,0.195,0.412,0.337,0.274,0.816,0.944,0.657,NA,1.368,1.316,1.751,0.938,0.542,0.462,0.401,NA,0.388,0.432,0.671,0.445,0.436,0.901,0.483,0.907,0.373,0.457,0.313,0.465,0.847,0.496,0.455,0.686,1.07,NA,NA,NA,NA,0.553,0.88,0.808,NA,NA,NA,NA,NA,NA,0.388,0.582,NA,NA,NA,NA,NA,NA,NA,FALSE,FALSE,FALSE,FALSE,FALSE,FALSE,FALSE,FALSE,FALSE,FALSE,NA,FALSE,FALSE,FALSE,FALSE,FALSE,FALSE,FALSE,NA,FALSE,FALSE,FALSE,FALSE,FALSE,FALSE,FALSE,FALSE,NA,FALSE,FALSE,FALSE,FALSE,FALSE,FALSE,FALSE,NA,FALSE,FALSE,FALSE,FALSE,FALSE,FALSE,FALSE,FALSE,FALSE,FALSE,FALSE,FALSE,FALSE,FALSE,FALSE,FALSE,FALSE,NA,NA,NA,NA,FALSE,FALSE,FALSE,NA,NA,NA,NA,NA,NA,FALSE,FALSE,NA,NA,NA,NA,NA,NA,NA
1950,0.583,0.807,0.563,0.511,0.459,1.287,0.427,0.685,1.622,0.491,NA,0.457,0.54,0.935,0.61,0.513,1.653,0.667,NA,0.5,0.349,0.423,0.393,0.326,0.759,0.857,0.864,NA,1.552,1.029,1.928,0.968,0.611,0.599,0.56,NA,0.291,0.389,0.753,0.533,0.427,0.837,0.43,0.704,0.358,0.423,0.414,0.732,0.962,0.515,0.511,0.752,1.068,NA,NA,NA,NA,0.655,0.877,0.872,NA,NA,NA,NA,NA,NA,0.458,1.244,NA,NA,NA,NA,NA,NA,NA,FALSE,FALSE,FALSE,FALSE,FALSE,FALSE,FALSE,FALSE,FALSE,FALSE,NA,FALSE,FALSE,FALSE,FALSE,FALSE,FALSE,FALSE,NA,FALSE,FALSE,FALSE,FALSE,FALSE,FALSE,FALSE,FALSE,NA,FALSE,FALSE,FALSE,FALSE,FALSE,FALSE,FALSE,NA,FALSE,FALSE,FALSE,FALSE,FALSE,FALSE,FALSE,FALSE,FALSE,FALSE,FALSE,FALSE,FALSE,FALSE,FALSE,FALSE,FALSE,NA,NA,NA,NA,FALSE,FALSE,FALSE,NA,NA,NA,NA,NA,NA,FALSE,FALSE,NA,NA,NA,NA,NA,NA,NA
1951,0.886,0.998,0.701,0.638,0.493,1.631,0.506,0.921,1.435,0.584,NA,0.567,0.429,0.997,0.649,0.669,2.652,0.754,NA,0.555,0.426,0.729,0.737,0.578,0.893,1.158,1.138,NA,1.722,1.659,2.366,1.479,0.741,0.881,0.789,NA,0.473,0.479,0.628,0.751,0.653,1.071,0.473,0.921,0.477,0.311,0.387,0.564,0.961,0.52,0.418,0.706,1.671,NA,NA,NA,NA,0.783,1.055,0.994,NA,NA,NA,NA,NA,NA,0.505,NA,NA,NA,NA,NA,NA,NA,NA,FALSE,FALSE,FALSE,FALSE,FALSE,FALSE,FALSE,FALSE,FALSE,FALSE,NA,FALSE,FALSE,FALSE,FALSE,FALSE,FALSE,FALSE,NA,FALSE,FALSE,FALSE,FALSE,FALSE,FALSE,FALSE,FALSE,NA,FALSE,FALSE,FALSE,FALSE,FALSE,FALSE,FALSE,NA,FALSE,FALSE,FALSE,FALSE,FALSE,FALSE,FALSE,FALSE,FALSE,FALSE,FALSE,FALSE,FALSE,FALSE,FALSE,FALSE,FALSE,NA,NA,NA,NA,FALSE,FALSE,FALSE,NA,NA,NA,NA,NA,NA,FALSE,NA,NA,NA,NA,NA,NA,NA,NA
1952,0.865,1.499,0.97,0.995,0.974,2.482,0.65,1.175,1.574,0.574,NA,0.831,0.604,1.085,0.854,0.839,2.415,0.996,NA,0.701,0.374,0.778,0.797,1.112,0.933,1.339,1.038,NA,1.046,2.119,3.172,1.794,0.904,0.751,0.843,NA,0.438,0.542,0.914,0.859,0.929,1.591,0.731,1.727,0.275,0.384,0.43,0.776,1.04,0.567,0.443,0.994,0.871,NA,NA,NA,NA,0.8,1.723,2.17,NA,NA,NA,NA,NA,NA,1.027,NA,NA,NA,NA,NA,NA,NA,NA,FALSE,FALSE,FALSE,FALSE,FALSE,FALSE,FALSE,FALSE,FALSE,FALSE,NA,FALSE,FALSE,FALSE,FALSE,FALSE,FALSE,FALSE,NA,FALSE,FALSE,FALSE,FALSE,FALSE,FALSE,FALSE,FALSE,NA,FALSE,FALSE,FALSE,FALSE,FALSE,FALSE,FALSE,NA,FALSE,FALSE,FALSE,FALSE,FALSE,FALSE,FALSE,FALSE,FALSE,FALSE,FALSE,FALSE,FALSE,FALSE,FALSE,FALSE,FALSE,NA,NA,NA,NA,FALSE,FALSE,FALSE,NA,NA,NA,NA,NA,NA,FALSE,NA,NA,NA,NA,NA,NA,NA,NA
1953,0.962,1.697,1.307,0.942,1.225,3.088,0.694,1.247,2.051,0.689,NA,0.979,0.524,1.393,0.861,0.867,2.331,1.057,NA,0.552,0.584,0.739,1.07,1.416,0.464,1.634,2.021,NA,0.766,2.291,2.435,2.091,0.648,0.437,0.576,NA,0.598,0.539,0.917,0.792,0.881,1.315,0.768,1.547,0.364,0.402,0.544,1.023,1.132,0.643,0.583,0.927,1.331,NA,NA,NA,NA,0.763,1.418,1.719,NA,NA,NA,NA,NA,NA,0.908,NA,NA,NA,NA,NA,NA,NA,NA,FALSE,FALSE,FALSE,FALSE,FALSE,TRUE,FALSE,FALSE,FALSE,FALSE,NA,FALSE,FALSE,FALSE,FALSE,FALSE,FALSE,FALSE,NA,FALSE,FALSE,FALSE,FALSE,FALSE,FALSE,FALSE,FALSE,NA,FALSE,FALSE,FALSE,FALSE,FALSE,FALSE,FALSE,NA,FALSE,FALSE,FALSE,FALSE,FALSE,FALSE,FALSE,FALSE,FALSE,FALSE,FALSE,FALSE,FALSE,FALSE,FALSE,FALSE,FALSE,NA,NA,NA,NA,FALSE,FALSE,FALSE,NA,NA,NA,NA,NA,NA,FALSE,NA,NA,NA,NA,NA,NA,NA,NA
1954,0.602,0.898,0.656,0.635,0.8,1.131,0.479,0.694,1.266,0.636,NA,0.67,0.511,1.305,0.542,0.637,2.512,0.767,NA,0.468,0.419,0.451,0.491,0.747,0.868,0.847,1.447,NA,1.272,1.387,1.551,0.862,0.524,0.439,0.527,NA,0.388,0.268,0.674,0.628,0.617,1.351,0.501,1.234,0.348,0.326,0.288,0.676,0.927,0.368,0.509,0.68,0.812,NA,NA,NA,NA,0.563,0.699,0.849,NA,NA,NA,NA,NA,NA,0.442,NA,NA,NA,NA,NA,NA,NA,NA,FALSE,FALSE,FALSE,FALSE,FALSE,FALSE,FALSE,FALSE,FALSE,FALSE,NA,FALSE,FALSE,FALSE,FALSE,FALSE,FALSE,FALSE,NA,FALSE,FALSE,FALSE,FALSE,FALSE,FALSE,FALSE,FALSE,NA,FALSE,FALSE,FALSE,FALSE,FALSE,FALSE,FALSE,NA,FALSE,FALSE,FALSE,FALSE,FALSE,FALSE,FALSE,FALSE,FALSE,FALSE,FALSE,FALSE,FALSE,FALSE,FALSE,FALSE,FALSE,NA,NA,NA,NA,FALSE,FALSE,FALSE,NA,NA,NA,NA,NA,NA,FALSE,NA,NA,NA,NA,NA,NA,NA,NA
1955,0.74,1.376,0.761,0.69,0.9,2.164,0.594,0.869,1.45,0.649,NA,0.717,0.624,1.548,0.699,0.668,2.073,0.841,NA,0.673,0.448,0.625,0.83,0.805,1.239,1.445,1.457,NA,2.417,1.924,2.634,1.217,0.742,0.838,0.587,NA,0.501,0.475,0.618,0.694,0.94,1.21,0.607,1.215,0.427,0.384,0.417,0.847,1.215,0.536,0.684,0.77,1.353,NA,NA,NA,NA,0.624,1.104,1.262,NA,NA,NA,NA,NA,NA,0.636,NA,NA,NA,NA,NA,NA,NA,NA,FALSE,FALSE,FALSE,FALSE,FALSE,FALSE,FALSE,FALSE,FALSE,FALSE,NA,FALSE,FALSE,FALSE,FALSE,FALSE,FALSE,FALSE,NA,FALSE,FALSE,FALSE,FALSE,FALSE,FALSE,FALSE,FALSE,NA,FALSE,FALSE,FALSE,FALSE,FALSE,FALSE,FALSE,NA,FALSE,FALSE,FALSE,FALSE,FALSE,FALSE,FALSE,FALSE,FALSE,FALSE,FALSE,FALSE,FALSE,FALSE,FALSE,FALSE,FALSE,NA,NA,NA,NA,FALSE,FALSE,FALSE,NA,NA,NA,NA,NA,NA,FALSE,NA,NA,NA,NA,NA,NA,NA,NA
1956,0.801,1.47,0.783,0.648,0.99,2.144,0.621,1.167,1.164,0.565,NA,0.772,0.567,1.395,0.653,0.555,1.471,1.046,NA,0.836,0.414,0.751,0.806,0.814,1.298,1.405,1.326,NA,2.071,1.543,2.25,1.379,0.785,1.713,0.904,NA,0.554,0.593,0.623,0.529,1.013,1.179,0.527,1.485,0.442,0.386,0.481,0.636,1.1,0.535,0.475,0.837,1.713,NA,NA,NA,NA,0.674,1.606,1.457,NA,NA,NA,NA,NA,NA,0.893,NA,NA,NA,NA,NA,NA,NA,NA,FALSE,FALSE,FALSE,FALSE,FALSE,FALSE,FALSE,FALSE,FALSE,FALSE,NA,FALSE,FALSE,FALSE,FALSE,FALSE,FALSE,FALSE,NA,FALSE,FALSE,FALSE,FALSE,FALSE,FALSE,FALSE,FALSE,NA,FALSE,FALSE,FALSE,FALSE,FALSE,FALSE,FALSE,NA,FALSE,FALSE,FALSE,FALSE,FALSE,FALSE,FALSE,FALSE,FALSE,FALSE,FALSE,FALSE,FALSE,FALSE,FALSE,FALSE,FALSE,NA,NA,NA,NA,FALSE,FALSE,FALSE,NA,NA,NA,NA,NA,NA,FALSE,NA,NA,NA,NA,NA,NA,NA,NA
1957,0.6,0.826,0.744,0.546,0.875,1.227,0.597,0.737,0.613,0.55,NA,0.567,0.478,2.404,0.486,0.483,0.998,0.961,NA,0.569,0.383,0.395,0.479,0.923,1.305,1.11,1.013,NA,1.156,1.303,1.171,0.884,0.419,0.996,0.699,NA,0.376,0.414,0.587,0.559,0.615,0.96,0.44,1.208,0.339,0.309,0.461,0.627,1.052,0.494,0.352,0.871,1.006,NA,NA,NA,NA,0.679,1.093,1.011,NA,NA,NA,NA,NA,NA,0.613,NA,NA,NA,NA,NA,NA,NA,NA,FALSE,FALSE,FALSE,FALSE,FALSE,FALSE,FALSE,FALSE,FALSE,FALSE,NA,FALSE,FALSE,FALSE,FALSE,FALSE,FALSE,FALSE,NA,FALSE,FALSE,FALSE,FALSE,FALSE,FALSE,FALSE,FALSE,NA,FALSE,FALSE,FALSE,FALSE,FALSE,FALSE,FALSE,NA,FALSE,FALSE,FALSE,FALSE,FALSE,FALSE,FALSE,FALSE,FALSE,FALSE,FALSE,FALSE,FALSE,FALSE,FALSE,FALSE,FALSE,NA,NA,NA,NA,FALSE,FALSE,FALSE,NA,NA,NA,NA,NA,NA,FALSE,NA,NA,NA,NA,NA,NA,NA,NA
1958,0.555,1.6,0.843,0.76,0.939,1.293,0.541,0.529,0.763,0.63,NA,0.818,0.483,1.849,0.486,0.86,0.696,0.303,NA,0.353,0.413,0.619,0.682,0.858,1.149,1.146,0.951,NA,1.809,2.043,1.08,1.688,0.467,2.734,0.714,NA,0.58,0.417,0.549,0.804,0.598,0.863,0.425,1.205,0.434,0.308,0.538,0.793,1.079,0.44,0.488,0.851,0.981,NA,NA,NA,NA,1.26,1.684,3.049,NA,NA,NA,NA,NA,NA,0.856,NA,NA,NA,NA,NA,NA,NA,NA,FALSE,FALSE,FALSE,FALSE,FALSE,FALSE,FALSE,FALSE,FALSE,FALSE,NA,FALSE,FALSE,FALSE,FALSE,FALSE,FALSE,FALSE,NA,FALSE,FALSE,FALSE,FALSE,FALSE,FALSE,FALSE,FALSE,NA,FALSE,FALSE,FALSE,FALSE,FALSE,TRUE,FALSE,NA,FALSE,FALSE,FALSE,FALSE,FALSE,FALSE,FALSE,FALSE,FALSE,FALSE,FALSE,FALSE,FALSE,FALSE,FALSE,FALSE,FALSE,NA,NA,NA,NA,FALSE,FALSE,FALSE,NA,NA,NA,NA,NA,NA,FALSE,NA,NA,NA,NA,NA,NA,NA,NA
1959,0.639,0.986,0.716,0.252,0.613,0.774,0.482,0.476,0.719,0.56,NA,0.768,0.419,0.909,0.513,0.598,0.247,0.461,NA,0.251,0.396,0.733,0.653,0.562,0.76,0.785,1.026,NA,1.21,1.438,1.034,1.214,0.574,0.933,0.68,NA,0.262,0.468,0.62,0.695,0.342,0.633,0.526,1.009,0.327,0.282,0.525,0.647,0.782,0.476,0.416,0.678,0.599,NA,NA,NA,NA,0.843,0.725,0.96,NA,NA,NA,NA,NA,NA,0.585,NA,NA,NA,NA,NA,NA,NA,NA,FALSE,FALSE,FALSE,FALSE,FALSE,FALSE,FALSE,FALSE,FALSE,FALSE,NA,FALSE,FALSE,FALSE,FALSE,FALSE,FALSE,FALSE,NA,FALSE,FALSE,FALSE,FALSE,FALSE,FALSE,FALSE,FALSE,NA,FALSE,FALSE,FALSE,FALSE,FALSE,FALSE,FALSE,NA,FALSE,FALSE,FALSE,FALSE,FALSE,FALSE,FALSE,FALSE,FALSE,FALSE,FALSE,FALSE,FALSE,FALSE,FALSE,FALSE,FALSE,NA,NA,NA,NA,FALSE,FALSE,FALSE,NA,NA,NA,NA,NA,NA,FALSE,NA,NA,NA,NA,NA,NA,NA,NA
1960,0.507,0.926,0.537,0.397,0.893,1.077,0.598,0.527,0.692,0.377,NA,0.375,0.386,1.318,0.382,0.527,0.773,0.809,NA,0.472,0.425,0.32,0.379,0.458,0.982,0.971,1.333,1.761,0.834,0.97,0.726,0.582,0.57,0.838,0.384,NA,0.565,0.366,0.619,0.66,0.496,0.669,0.278,1.013,0.388,0.304,0.498,0.623,1.058,0.596,0.341,0.507,1.254,NA,NA,NA,NA,0.639,0.341,0.468,NA,NA,NA,NA,NA,NA,0.649,NA,NA,NA,NA,NA,NA,NA,NA,FALSE,FALSE,FALSE,FALSE,FALSE,FALSE,FALSE,FALSE,FALSE,FALSE,NA,FALSE,FALSE,FALSE,FALSE,FALSE,FALSE,FALSE,NA,FALSE,FALSE,FALSE,FALSE,FALSE,FALSE,FALSE,FALSE,FALSE,FALSE,FALSE,FALSE,FALSE,FALSE,FALSE,FALSE,NA,FALSE,FALSE,FALSE,FALSE,FALSE,FALSE,FALSE,FALSE,FALSE,FALSE,FALSE,FALSE,FALSE,FALSE,FALSE,FALSE,FALSE,NA,NA,NA,NA,FALSE,FALSE,FALSE,NA,NA,NA,NA,NA,NA,FALSE,NA,NA,NA,NA,NA,NA,NA,NA
1961,0.315,0.332,0.27,0.273,0.293,0.366,0.217,0.246,0.385,0.222,NA,0.246,0.301,0.961,0.247,0.417,0.264,0.396,NA,0.225,0.256,0.204,0.15,0.256,0.397,0.444,0.622,0.776,0.715,0.616,0.349,0.333,0.27,0.449,0.31,NA,0.3,0.098,0.479,0.384,0.312,0.475,0.211,0.493,0.271,0.212,0.27,0.515,0.631,0.305,0.132,0.282,0.437,NA,NA,NA,NA,0.276,NA,NA,NA,NA,NA,NA,NA,NA,NA,NA,NA,NA,NA,NA,NA,NA,NA,FALSE,FALSE,FALSE,FALSE,FALSE,FALSE,FALSE,FALSE,FALSE,FALSE,NA,FALSE,FALSE,FALSE,FALSE,FALSE,FALSE,FALSE,NA,FALSE,FALSE,FALSE,FALSE,FALSE,FALSE,FALSE,FALSE,FALSE,FALSE,FALSE,FALSE,FALSE,FALSE,FALSE,FALSE,NA,FALSE,FALSE,FALSE,FALSE,FALSE,FALSE,FALSE,FALSE,FALSE,FALSE,FALSE,FALSE,FALSE,FALSE,FALSE,FALSE,FALSE,NA,NA,NA,NA,FALSE,NA,NA,NA,NA,NA,NA,NA,NA,NA,NA,NA,NA,NA,NA,NA,NA,NA
1962,0.472,1.126,0.49,0.542,0.804,1.633,0.465,1.02,0.604,0.363,NA,0.613,0.405,1.074,0.527,0.451,0.607,0.784,NA,0.687,0.293,0.42,0.61,0.478,0.721,1.12,0.908,0.812,2.032,1.335,1.124,0.835,0.785,1.058,0.485,NA,0.527,0.44,0.692,0.442,0.606,0.655,0.416,0.932,0.368,0.458,0.385,0.65,0.924,0.477,0.317,0.935,1.328,NA,NA,NA,NA,0.807,NA,NA,NA,NA,NA,NA,NA,NA,NA,NA,NA,NA,NA,NA,NA,NA,NA,FALSE,FALSE,FALSE,FALSE,FALSE,FALSE,FALSE,FALSE,FALSE,FALSE,NA,FALSE,FALSE,FALSE,FALSE,FALSE,FALSE,FALSE,NA,FALSE,FALSE,FALSE,FALSE,FALSE,FALSE,FALSE,FALSE,FALSE,FALSE,FALSE,FALSE,FALSE,FALSE,FALSE,FALSE,NA,FALSE,FALSE,FALSE,FALSE,FALSE,FALSE,FALSE,FALSE,FALSE,FALSE,FALSE,FALSE,FALSE,FALSE,FALSE,FALSE,FALSE,NA,NA,NA,NA,FALSE,NA,NA,NA,NA,NA,NA,NA,NA,NA,NA,NA,NA,NA,NA,NA,NA,NA
1963,0.617,1.206,0.861,0.445,1.603,1.631,0.57,1.291,0.701,0.512,NA,0.903,0.605,1.45,0.755,0.695,1.258,1.663,NA,0.62,0.693,0.663,0.671,0.739,1.44,1.412,0.937,2.226,2.152,1.438,1.588,1.565,0.832,0.909,0.822,NA,0.6,0.45,0.319,0.503,0.735,1.098,0.532,1.254,0.388,0.542,0.578,0.827,1.124,0.578,0.66,0.738,1.281,NA,NA,NA,NA,1.345,NA,NA,NA,NA,NA,NA,NA,NA,NA,NA,NA,NA,NA,NA,NA,NA,NA,FALSE,FALSE,FALSE,FALSE,FALSE,FALSE,FALSE,FALSE,FALSE,FALSE,NA,FALSE,FALSE,FALSE,FALSE,FALSE,FALSE,FALSE,NA,FALSE,FALSE,FALSE,FALSE,FALSE,FALSE,FALSE,FALSE,FALSE,FALSE,FALSE,FALSE,FALSE,FALSE,FALSE,FALSE,NA,FALSE,FALSE,FALSE,FALSE,FALSE,FALSE,FALSE,FALSE,FALSE,FALSE,FALSE,FALSE,FALSE,FALSE,FALSE,FALSE,FALSE,NA,NA,NA,NA,FALSE,NA,NA,NA,NA,NA,NA,NA,NA,NA,NA,NA,NA,NA,NA,NA,NA,NA
1964,0.371,0.493,0.408,0.226,0.396,0.557,0.404,0.423,0.269,0.217,NA,0.435,0.297,0.681,0.269,0.279,0.369,0.822,NA,0.274,0.361,0.169,0.202,0.346,0.674,0.332,0.81,1.355,0.616,0.585,0.376,0.324,0.3,0.315,0.382,NA,0.382,0.325,0.588,0.35,0.367,0.692,0.253,0.806,0.266,0.274,0.248,0.232,0.653,0.289,0.293,0.4,0.395,NA,NA,NA,NA,0.518,NA,NA,NA,NA,NA,NA,NA,NA,NA,NA,NA,NA,NA,NA,NA,NA,NA,FALSE,FALSE,FALSE,FALSE,FALSE,FALSE,FALSE,FALSE,FALSE,FALSE,NA,FALSE,FALSE,FALSE,FALSE,FALSE,FALSE,FALSE,NA,FALSE,FALSE,FALSE,FALSE,FALSE,FALSE,FALSE,FALSE,FALSE,FALSE,FALSE,FALSE,FALSE,FALSE,FALSE,FALSE,NA,FALSE,FALSE,FALSE,FALSE,FALSE,FALSE,FALSE,FALSE,FALSE,FALSE,FALSE,FALSE,FALSE,FALSE,FALSE,FALSE,FALSE,NA,NA,NA,NA,FALSE,NA,NA,NA,NA,NA,NA,NA,NA,NA,NA,NA,NA,NA,NA,NA,NA,NA
1965,0.522,1.107,0.618,0.288,0.917,1.209,0.505,0.744,0.535,0.411,NA,0.464,0.406,1.5,0.495,0.479,0.743,1.433,NA,0.774,0.465,0.367,0.402,0.562,1.506,0.638,0.847,2.358,1.302,1.026,1.937,0.701,0.5,0.606,0.52,NA,0.513,0.49,0.682,0.305,0.535,1.053,0.296,0.808,0.447,0.522,0.431,0.503,0.922,0.49,0.499,0.833,1.271,NA,NA,NA,NA,0.867,NA,NA,NA,NA,NA,NA,NA,NA,NA,NA,NA,NA,NA,NA,NA,NA,NA,FALSE,FALSE,FALSE,FALSE,FALSE,FALSE,FALSE,FALSE,FALSE,FALSE,NA,FALSE,FALSE,FALSE,FALSE,FALSE,FALSE,FALSE,NA,FALSE,FALSE,FALSE,FALSE,FALSE,FALSE,FALSE,FALSE,FALSE,FALSE,FALSE,FALSE,FALSE,FALSE,FALSE,FALSE,NA,FALSE,FALSE,FALSE,FALSE,FALSE,FALSE,FALSE,FALSE,FALSE,FALSE,FALSE,FALSE,FALSE,FALSE,FALSE,FALSE,FALSE,NA,NA,NA,NA,FALSE,NA,NA,NA,NA,NA,NA,NA,NA,NA,NA,NA,NA,NA,NA,NA,NA,NA
1966,0.496,0.919,0.66,0.207,0.944,1.175,0.493,0.843,0.95,0.479,NA,0.686,0.431,1.266,0.402,0.55,0.797,0.996,NA,0.501,0.522,0.582,0.568,0.47,1.173,1.387,1.166,2.11,1.498,2.121,1.553,1.026,0.512,0.586,0.708,NA,0.569,0.461,0.597,0.328,0.487,0.989,0.416,1.02,0.251,0.341,0.539,0.617,0.805,0.364,0.533,0.631,0.77,NA,NA,NA,NA,0.729,NA,NA,NA,NA,NA,NA,NA,NA,NA,NA,NA,NA,NA,NA,NA,NA,NA,FALSE,FALSE,FALSE,FALSE,FALSE,FALSE,FALSE,FALSE,FALSE,FALSE,NA,FALSE,FALSE,FALSE,FALSE,FALSE,FALSE,FALSE,NA,FALSE,FALSE,FALSE,FALSE,FALSE,FALSE,FALSE,FALSE,FALSE,FALSE,FALSE,FALSE,FALSE,FALSE,FALSE,FALSE,NA,FALSE,FALSE,FALSE,FALSE,FALSE,FALSE,FALSE,FALSE,FALSE,FALSE,FALSE,FALSE,FALSE,FALSE,FALSE,FALSE,FALSE,NA,NA,NA,NA,FALSE,NA,NA,NA,NA,NA,NA,NA,NA,NA,NA,NA,NA,NA,NA,NA,NA,NA
1967,0.302,1.203,0.524,0.291,1.028,1.319,0.451,0.622,0.767,0.479,NA,0.469,0.434,1.486,0.382,0.537,1.846,1.9,NA,0.506,0.346,0.462,0.465,0.647,1.81,0.305,0.845,2.421,0.735,1.125,0.537,0.72,0.578,0.997,0.438,NA,0.411,0.538,0.328,0.457,0.455,1.356,0.319,0.962,0.459,0.646,0.25,0.519,0.76,0.488,0.41,0.608,1.093,NA,NA,NA,NA,0.71,NA,NA,NA,NA,NA,NA,NA,NA,NA,NA,NA,NA,NA,NA,NA,NA,NA,FALSE,FALSE,FALSE,FALSE,FALSE,FALSE,FALSE,FALSE,FALSE,FALSE,NA,FALSE,FALSE,FALSE,FALSE,FALSE,FALSE,FALSE,NA,FALSE,FALSE,FALSE,FALSE,FALSE,FALSE,FALSE,FALSE,FALSE,FALSE,FALSE,FALSE,FALSE,FALSE,FALSE,FALSE,NA,FALSE,FALSE,FALSE,FALSE,FALSE,FALSE,FALSE,FALSE,FALSE,FALSE,FALSE,FALSE,FALSE,FALSE,FALSE,FALSE,FALSE,NA,NA,NA,NA,FALSE,NA,NA,NA,NA,NA,NA,NA,NA,NA,NA,NA,NA,NA,NA,NA,NA,NA
1968,0.36,0.453,0.496,0.178,0.738,0.568,0.453,0.38,0.663,0.381,NA,0.576,0.279,0.902,0.449,0.41,0.529,0.791,NA,0.197,0.403,0.373,0.373,0.611,1.064,0.787,1.009,1.597,0.842,0.86,0.809,0.453,0.451,0.401,0.371,NA,0.567,0.453,0.216,0.268,0.495,0.591,0.36,0.882,0.332,0.324,0.347,0.35,0.851,0.313,0.294,0.547,0.428,NA,NA,NA,NA,0.558,NA,NA,NA,NA,NA,NA,NA,NA,NA,NA,NA,NA,NA,NA,NA,NA,NA,FALSE,FALSE,FALSE,FALSE,FALSE,FALSE,FALSE,FALSE,FALSE,FALSE,NA,FALSE,FALSE,FALSE,FALSE,FALSE,FALSE,FALSE,NA,FALSE,FALSE,FALSE,FALSE,FALSE,FALSE,FALSE,FALSE,FALSE,FALSE,FALSE,FALSE,FALSE,FALSE,FALSE,FALSE,NA,FALSE,FALSE,FALSE,FALSE,FALSE,FALSE,FALSE,FALSE,FALSE,FALSE,FALSE,FALSE,FALSE,FALSE,FALSE,FALSE,FALSE,NA,NA,NA,NA,FALSE,NA,NA,NA,NA,NA,NA,NA,NA,NA,NA,NA,NA,NA,NA,NA,NA,NA
1969,0.372,1.802,0.748,0.538,1.882,1.911,0.689,0.712,1.573,0.347,NA,0.662,0.399,1.787,0.543,0.63,1.339,2.244,NA,0.729,0.583,0.5,0.695,1.484,2.652,1.795,2.138,4.717,2.604,1.73,2.458,0.454,0.701,1.725,0.699,NA,0.65,0.796,0.445,0.365,0.613,1.001,0.311,1.783,0.44,0.531,0.458,0.811,1.509,0.486,0.488,1.039,1.718,NA,NA,NA,NA,1.18,NA,NA,NA,NA,NA,NA,NA,NA,NA,NA,NA,NA,NA,NA,NA,NA,NA,FALSE,FALSE,FALSE,FALSE,FALSE,FALSE,FALSE,FALSE,FALSE,FALSE,NA,FALSE,FALSE,FALSE,FALSE,FALSE,FALSE,FALSE,NA,FALSE,FALSE,FALSE,FALSE,FALSE,FALSE,FALSE,FALSE,TRUE,FALSE,FALSE,FALSE,FALSE,FALSE,FALSE,FALSE,NA,FALSE,FALSE,FALSE,FALSE,FALSE,FALSE,FALSE,FALSE,FALSE,FALSE,FALSE,FALSE,FALSE,FALSE,FALSE,FALSE,FALSE,NA,NA,NA,NA,FALSE,NA,NA,NA,NA,NA,NA,NA,NA,NA,NA,NA,NA,NA,NA,NA,NA,NA
1970,0.455,1.236,0.801,0.229,1.598,1.668,0.773,0.902,1.238,0.412,NA,0.832,0.552,1.245,0.578,0.68,1.271,2.126,NA,0.521,0.7,0.742,0.991,1.008,1.739,1.393,1.482,2.784,2.063,1.983,1.785,1.625,0.496,1.757,1.301,NA,0.587,0.71,0.761,0.511,0.754,1.451,0.491,1.299,0.477,0.395,0.492,0.791,1.498,0.457,0.489,0.819,0.965,NA,NA,NA,NA,1.048,NA,NA,NA,NA,NA,NA,NA,NA,NA,NA,NA,NA,NA,NA,NA,NA,NA,FALSE,FALSE,FALSE,FALSE,FALSE,FALSE,FALSE,FALSE,FALSE,FALSE,NA,FALSE,FALSE,FALSE,FALSE,FALSE,FALSE,FALSE,NA,FALSE,FALSE,FALSE,FALSE,FALSE,FALSE,FALSE,FALSE,FALSE,FALSE,FALSE,FALSE,FALSE,FALSE,FALSE,FALSE,NA,FALSE,FALSE,FALSE,FALSE,FALSE,FALSE,FALSE,FALSE,FALSE,FALSE,FALSE,FALSE,FALSE,FALSE,FALSE,FALSE,FALSE,NA,NA,NA,NA,FALSE,NA,NA,NA,NA,NA,NA,NA,NA,NA,NA,NA,NA,NA,NA,NA,NA,NA
1971,0.451,0.982,0.867,0.297,1.458,1.837,0.54,1.313,0.678,NA,NA,0.389,NA,2.227,0.584,0.551,1.927,1.459,NA,0.478,0.381,0.449,0.499,1.065,2.175,1.037,1.4,3.058,1.723,1.518,1.368,0.718,0.597,1.144,0.438,NA,0.533,0.646,0.732,0.683,0.615,1.16,0.364,1.106,0.416,0.401,0.321,0.592,0.944,0.478,NA,0.802,0.98,NA,NA,NA,NA,NA,NA,NA,NA,NA,NA,NA,NA,NA,NA,NA,NA,NA,NA,NA,NA,NA,NA,FALSE,FALSE,FALSE,FALSE,FALSE,FALSE,FALSE,FALSE,FALSE,NA,NA,FALSE,NA,FALSE,FALSE,FALSE,FALSE,FALSE,NA,FALSE,FALSE,FALSE,FALSE,FALSE,FALSE,FALSE,FALSE,FALSE,FALSE,FALSE,FALSE,FALSE,FALSE,FALSE,FALSE,NA,FALSE,FALSE,FALSE,FALSE,FALSE,FALSE,FALSE,FALSE,FALSE,FALSE,FALSE,FALSE,FALSE,FALSE,NA,FALSE,FALSE,NA,NA,NA,NA,NA,NA,NA,NA,NA,NA,NA,NA,NA,NA,NA,NA,NA,NA,NA,NA,NA,NA
1972,0.332,0.446,0.317,0.247,0.417,0.583,0.419,0.53,0.569,NA,NA,0.369,NA,1.177,0.364,0.291,0.454,0.522,NA,0.143,0.322,0.293,0.256,0.427,0.564,0.644,0.897,1.298,1.018,0.878,0.505,0.276,0.319,0.585,0.264,NA,0.434,0.386,0.466,0.328,0.436,0.774,0.37,0.752,0.199,0.397,0.343,0.637,0.66,0.359,NA,0.415,0.428,NA,NA,NA,NA,NA,NA,NA,NA,NA,NA,NA,NA,NA,NA,NA,NA,NA,NA,NA,NA,NA,NA,FALSE,FALSE,FALSE,FALSE,FALSE,FALSE,FALSE,FALSE,FALSE,NA,NA,FALSE,NA,FALSE,FALSE,FALSE,FALSE,FALSE,NA,FALSE,FALSE,FALSE,FALSE,FALSE,FALSE,FALSE,FALSE,FALSE,FALSE,FALSE,FALSE,FALSE,FALSE,FALSE,FALSE,NA,FALSE,FALSE,FALSE,FALSE,FALSE,FALSE,FALSE,FALSE,FALSE,FALSE,FALSE,FALSE,FALSE,FALSE,NA,FALSE,FALSE,NA,NA,NA,NA,NA,NA,NA,NA,NA,NA,NA,NA,NA,NA,NA,NA,NA,NA,NA,NA,NA,NA
1973,0.44,1.055,0.46,0.436,0.918,1.377,0.513,1.33,1.129,NA,NA,0.388,NA,1.963,0.767,0.358,0.712,1.143,NA,0.509,0.583,0.361,0.422,0.733,0.666,0.833,1.17,2.577,1.811,1.341,1.027,0.804,1.427,1.024,0.508,NA,0.488,0.608,0.505,0.464,0.761,0.994,0.542,0.907,0.35,0.602,0.392,0.713,0.806,0.436,NA,0.76,1.367,NA,NA,NA,NA,NA,NA,NA,NA,NA,NA,NA,NA,NA,NA,NA,NA,NA,NA,NA,NA,NA,NA,FALSE,FALSE,FALSE,FALSE,FALSE,FALSE,FALSE,FALSE,FALSE,NA,NA,FALSE,NA,FALSE,FALSE,FALSE,FALSE,FALSE,NA,FALSE,FALSE,FALSE,FALSE,FALSE,FALSE,FALSE,FALSE,FALSE,FALSE,FALSE,FALSE,FALSE,FALSE,FALSE,FALSE,NA,FALSE,FALSE,FALSE,FALSE,FALSE,FALSE,FALSE,FALSE,FALSE,FALSE,FALSE,FALSE,FALSE,FALSE,NA,FALSE,FALSE,NA,NA,NA,NA,NA,NA,NA,NA,NA,NA,NA,NA,NA,NA,NA,NA,NA,NA,NA,NA,NA,NA
1974,0.68,1.128,0.763,0.694,1.509,1.507,0.642,1.439,1.584,NA,NA,0.819,NA,2.127,1.042,0.686,1.265,2.283,NA,0.391,0.677,0.742,0.965,1.154,1.051,0.895,1.365,3.306,1.961,1.765,2.041,1.382,0.716,1.811,0.928,NA,0.914,1.002,0.758,0.615,0.779,1.238,0.661,1.326,0.36,0.507,0.648,0.817,1.138,0.504,NA,0.753,1.395,NA,NA,NA,NA,NA,NA,NA,NA,NA,NA,NA,NA,NA,NA,NA,NA,NA,NA,NA,NA,NA,NA,FALSE,FALSE,FALSE,FALSE,FALSE,FALSE,FALSE,FALSE,FALSE,NA,NA,FALSE,NA,FALSE,FALSE,FALSE,FALSE,FALSE,NA,FALSE,FALSE,FALSE,FALSE,FALSE,FALSE,FALSE,FALSE,FALSE,FALSE,FALSE,FALSE,FALSE,FALSE,FALSE,FALSE,NA,FALSE,FALSE,FALSE,FALSE,FALSE,FALSE,FALSE,FALSE,FALSE,FALSE,FALSE,FALSE,FALSE,FALSE,NA,FALSE,FALSE,NA,NA,NA,NA,NA,NA,NA,NA,NA,NA,NA,NA,NA,NA,NA,NA,NA,NA,NA,NA,NA,NA
1975,0.392,0.804,0.89,0.202,1.499,1.024,0.551,0.941,1.167,NA,NA,0.55,NA,1.652,0.595,0.491,0.833,1.363,NA,0.451,0.405,0.503,0.759,0.99,0.688,0.643,1.546,2.622,2.027,1.775,0.98,0.757,0.593,1.305,0.808,NA,0.594,0.619,0.688,0.479,0.739,0.813,0.438,1.302,0.383,0.41,0.538,0.615,1.092,0.406,NA,0.758,0.475,NA,NA,NA,NA,NA,NA,NA,NA,NA,NA,NA,NA,NA,NA,NA,NA,NA,NA,NA,NA,NA,NA,FALSE,FALSE,FALSE,FALSE,FALSE,FALSE,FALSE,FALSE,FALSE,NA,NA,FALSE,NA,FALSE,FALSE,FALSE,FALSE,FALSE,NA,FALSE,FALSE,FALSE,FALSE,FALSE,FALSE,FALSE,FALSE,FALSE,FALSE,FALSE,FALSE,FALSE,FALSE,FALSE,FALSE,NA,FALSE,FALSE,FALSE,FALSE,FALSE,FALSE,FALSE,FALSE,FALSE,FALSE,FALSE,FALSE,FALSE,FALSE,NA,FALSE,FALSE,NA,NA,NA,NA,NA,NA,NA,NA,NA,NA,NA,NA,NA,NA,NA,NA,NA,NA,NA,NA,NA,NA
1976,0.434,0.479,0.497,0.329,0.669,0.777,0.506,0.686,0.589,NA,NA,0.378,NA,1.326,0.423,0.68,0.614,0.82,NA,0.257,0.359,0.367,0.642,0.472,0.408,0.979,1.259,1.544,1.274,1.083,0.834,0.479,0.466,0.522,0.37,NA,0.425,0.358,0.429,0.399,0.545,0.599,0.435,0.873,0.34,0.363,0.521,0.593,0.752,0.481,NA,0.528,0.14,NA,NA,NA,NA,NA,NA,NA,NA,NA,NA,NA,NA,NA,NA,NA,NA,NA,NA,NA,NA,NA,NA,FALSE,FALSE,FALSE,FALSE,FALSE,FALSE,FALSE,FALSE,FALSE,NA,NA,FALSE,NA,FALSE,FALSE,FALSE,FALSE,FALSE,NA,FALSE,FALSE,FALSE,FALSE,FALSE,FALSE,FALSE,FALSE,FALSE,FALSE,FALSE,FALSE,FALSE,FALSE,FALSE,FALSE,NA,FALSE,FALSE,FALSE,FALSE,FALSE,FALSE,FALSE,FALSE,FALSE,FALSE,FALSE,FALSE,FALSE,FALSE,NA,FALSE,FALSE,NA,NA,NA,NA,NA,NA,NA,NA,NA,NA,NA,NA,NA,NA,NA,NA,NA,NA,NA,NA,NA,NA
1977,0.212,0.2,0.209,0.068,0.237,0.129,0.155,0.087,0.261,NA,NA,0.137,NA,0.353,0.116,0.208,0.167,0.303,NA,0.06,0.18,0.103,0.125,0.137,0.128,0.11,0.357,0.281,0.263,0.377,0.137,0.117,0.141,0.154,0.154,NA,0.205,0.167,0.143,0.2,0.124,0.255,0.28,0.31,0.135,0.216,0.218,0.176,0.167,0.173,NA,0.236,0.124,NA,NA,NA,NA,NA,NA,NA,NA,NA,NA,NA,NA,NA,NA,NA,NA,NA,NA,NA,NA,NA,NA,FALSE,FALSE,FALSE,FALSE,FALSE,FALSE,FALSE,FALSE,FALSE,NA,NA,FALSE,NA,FALSE,FALSE,FALSE,FALSE,FALSE,NA,FALSE,FALSE,FALSE,FALSE,FALSE,FALSE,FALSE,FALSE,FALSE,FALSE,FALSE,FALSE,FALSE,FALSE,FALSE,FALSE,NA,FALSE,FALSE,FALSE,FALSE,FALSE,FALSE,FALSE,FALSE,FALSE,FALSE,FALSE,FALSE,FALSE,FALSE,NA,FALSE,FALSE,NA,NA,NA,NA,NA,NA,NA,NA,NA,NA,NA,NA,NA,NA,NA,NA,NA,NA,NA,NA,NA,NA
1978,0.298,1.589,0.567,0.671,1.173,1.723,1.051,0.613,1.353,NA,NA,0.39,NA,2.356,0.819,0.414,2.541,2.529,NA,0.641,0.589,0.222,0.249,0.89,1.496,0.319,1.541,3.114,1.904,1.672,1.529,0.679,0.755,1.055,0.462,NA,0.785,0.587,0.546,0.46,0.95,1.229,0.597,0.87,0.366,0.548,0.423,0.893,1.271,0.537,NA,0.908,0.437,NA,NA,NA,NA,NA,NA,NA,NA,NA,NA,NA,NA,NA,NA,NA,NA,NA,NA,NA,NA,NA,NA,FALSE,FALSE,FALSE,FALSE,FALSE,FALSE,TRUE,FALSE,FALSE,NA,NA,FALSE,NA,FALSE,FALSE,FALSE,FALSE,FALSE,NA,FALSE,FALSE,FALSE,FALSE,FALSE,FALSE,FALSE,FALSE,FALSE,FALSE,FALSE,FALSE,FALSE,FALSE,FALSE,FALSE,NA,FALSE,FALSE,FALSE,FALSE,FALSE,FALSE,FALSE,FALSE,FALSE,FALSE,FALSE,FALSE,FALSE,FALSE,NA,FALSE,FALSE,NA,NA,NA,NA,NA,NA,NA,NA,NA,NA,NA,NA,NA,NA,NA,NA,NA,NA,NA,NA,NA,NA
1979,0.736,1.251,0.775,0.726,1.263,1.619,0.787,1.237,1.287,NA,NA,1.051,NA,1.654,1.242,0.727,1.374,2.195,NA,0.614,0.877,0.708,0.679,1.313,1.373,0.767,1.583,2.593,2.171,2.855,1.993,1.547,0.554,2.333,0.947,NA,0.759,0.692,0.817,0.759,0.907,1.231,0.702,1.237,0.529,0.659,0.861,0.946,0.937,0.594,NA,0.826,0.705,NA,NA,NA,NA,NA,NA,NA,NA,NA,NA,NA,NA,NA,NA,NA,NA,NA,NA,NA,NA,NA,NA,FALSE,FALSE,FALSE,FALSE,FALSE,FALSE,FALSE,FALSE,FALSE,NA,NA,FALSE,NA,FALSE,FALSE,FALSE,FALSE,FALSE,NA,FALSE,FALSE,FALSE,FALSE,FALSE,FALSE,FALSE,FALSE,FALSE,FALSE,FALSE,FALSE,FALSE,FALSE,FALSE,FALSE,NA,FALSE,FALSE,FALSE,FALSE,FALSE,FALSE,FALSE,FALSE,FALSE,FALSE,FALSE,FALSE,FALSE,FALSE,NA,FALSE,FALSE,NA,NA,NA,NA,NA,NA,NA,NA,NA,NA,NA,NA,NA,NA,NA,NA,NA,NA,NA,NA,NA,NA
1980,0.396,0.852,0.779,0.445,1.581,1.296,0.721,0.751,0.96,NA,NA,0.919,NA,1.451,0.511,0.659,1.374,1.567,NA,0.619,0.325,0.789,0.796,0.899,1.092,0.545,1.694,1.992,1.185,1.902,0.638,1.233,0.404,2.303,1.042,NA,0.44,0.529,0.785,0.77,0.828,0.555,0.45,2.046,0.473,0.418,0.4,0.335,1.055,0.613,NA,0.989,0.618,NA,NA,NA,NA,NA,NA,NA,NA,NA,NA,NA,NA,NA,NA,NA,NA,NA,NA,NA,NA,NA,NA,FALSE,FALSE,FALSE,FALSE,FALSE,FALSE,FALSE,FALSE,FALSE,NA,NA,FALSE,NA,FALSE,FALSE,FALSE,FALSE,FALSE,NA,FALSE,FALSE,FALSE,FALSE,FALSE,FALSE,FALSE,FALSE,FALSE,FALSE,FALSE,FALSE,FALSE,FALSE,FALSE,FALSE,NA,FALSE,FALSE,FALSE,FALSE,FALSE,FALSE,FALSE,FALSE,FALSE,FALSE,FALSE,FALSE,FALSE,FALSE,NA,FALSE,FALSE,NA,NA,NA,NA,NA,NA,NA,NA,NA,NA,NA,NA,NA,NA,NA,NA,NA,NA,NA,NA,NA,NA
1981,0.433,0.775,0.606,0.33,0.713,0.695,0.489,0.64,0.763,NA,NA,0.597,NA,1.279,0.483,0.642,0.867,1.047,NA,0.629,0.274,NA,0.525,0.5,0.786,0.896,0.913,1.68,1.562,1.539,1.122,0.833,0.272,0.814,0.477,NA,0.475,0.479,0.654,0.66,0.707,0.597,0.557,1.088,0.378,0.438,0.397,0.926,0.942,0.517,NA,0.757,0.431,NA,NA,NA,NA,NA,NA,NA,NA,NA,NA,NA,NA,NA,NA,NA,NA,NA,NA,NA,NA,NA,NA,FALSE,FALSE,FALSE,FALSE,FALSE,FALSE,FALSE,FALSE,FALSE,NA,NA,FALSE,NA,FALSE,FALSE,FALSE,FALSE,FALSE,NA,FALSE,FALSE,NA,FALSE,FALSE,FALSE,FALSE,FALSE,FALSE,FALSE,FALSE,FALSE,FALSE,FALSE,FALSE,FALSE,NA,FALSE,FALSE,FALSE,FALSE,FALSE,FALSE,FALSE,FALSE,FALSE,FALSE,FALSE,FALSE,FALSE,FALSE,NA,FALSE,FALSE,NA,NA,NA,NA,NA,NA,NA,NA,NA,NA,NA,NA,NA,NA,NA,NA,NA,NA,NA,NA,NA,NA
1982,0.475,1.163,0.417,0.356,0.711,0.606,0.359,0.509,1.169,NA,NA,0.682,NA,1.27,0.645,0.716,0.611,1.174,NA,0.738,0.311,NA,0.582,0.541,0.542,0.694,0.694,1.472,1.686,1.659,1.804,0.83,0.223,1.215,0.699,NA,0.369,0.4,0.533,0.604,0.8,0.627,0.445,1.279,0.494,0.591,0.334,0.848,0.784,0.496,NA,0.722,0.775,NA,NA,NA,NA,NA,NA,NA,NA,NA,NA,NA,NA,NA,NA,NA,NA,NA,NA,NA,NA,NA,NA,FALSE,FALSE,FALSE,FALSE,FALSE,FALSE,FALSE,FALSE,FALSE,NA,NA,FALSE,NA,FALSE,FALSE,FALSE,FALSE,FALSE,NA,FALSE,FALSE,NA,FALSE,FALSE,FALSE,FALSE,FALSE,FALSE,FALSE,FALSE,FALSE,FALSE,FALSE,FALSE,FALSE,NA,FALSE,FALSE,FALSE,FALSE,FALSE,FALSE,FALSE,FALSE,FALSE,FALSE,FALSE,FALSE,FALSE,FALSE,NA,FALSE,FALSE,NA,NA,NA,NA,NA,NA,NA,NA,NA,NA,NA,NA,NA,NA,NA,NA,NA,NA,NA,NA,NA,NA
1983,0.574,1.493,0.948,0.621,1.135,1.362,0.445,0.796,1.693,NA,NA,0.813,NA,1.582,0.576,0.945,1.86,2.069,NA,0.539,0.453,NA,0.894,0.986,1.084,1.697,1.084,3.296,1.941,2.385,2.068,1.386,0.392,2.083,0.914,NA,0.707,0.643,0.779,0.755,1.154,1.126,0.738,1.721,0.641,0.688,0.528,0.933,1.116,0.544,NA,1.018,0.658,NA,NA,NA,NA,NA,NA,NA,NA,NA,NA,NA,NA,NA,NA,NA,NA,NA,NA,NA,NA,NA,NA,FALSE,FALSE,FALSE,FALSE,FALSE,FALSE,FALSE,FALSE,FALSE,NA,NA,FALSE,NA,FALSE,FALSE,FALSE,FALSE,FALSE,NA,FALSE,FALSE,NA,FALSE,FALSE,FALSE,FALSE,FALSE,FALSE,FALSE,FALSE,FALSE,FALSE,FALSE,FALSE,FALSE,NA,FALSE,FALSE,FALSE,FALSE,FALSE,FALSE,FALSE,FALSE,FALSE,FALSE,FALSE,FALSE,FALSE,FALSE,NA,FALSE,FALSE,NA,NA,NA,NA,NA,NA,NA,NA,NA,NA,NA,NA,NA,NA,NA,NA,NA,NA,NA,NA,NA,NA
1984,0.417,1.27,0.904,0.333,0.763,1.014,0.386,0.615,0.492,NA,NA,0.625,NA,1.205,0.557,0.464,1.324,1.238,NA,0.555,0.355,NA,0.668,0.993,1.132,1.26,1.282,1.067,1.284,1.651,0.827,0.71,0.3,1.254,0.663,NA,0.677,0.712,0.58,0.671,0.847,1.067,0.376,1.44,0.448,0.492,0.527,0.563,0.865,0.388,NA,1.035,0.39,NA,NA,NA,NA,NA,NA,NA,NA,NA,NA,NA,NA,NA,NA,NA,NA,NA,NA,NA,NA,NA,NA,FALSE,FALSE,FALSE,FALSE,FALSE,FALSE,FALSE,FALSE,FALSE,NA,NA,FALSE,NA,FALSE,FALSE,FALSE,FALSE,FALSE,NA,FALSE,FALSE,NA,FALSE,FALSE,FALSE,FALSE,FALSE,FALSE,FALSE,FALSE,FALSE,FALSE,FALSE,FALSE,FALSE,NA,FALSE,FALSE,FALSE,FALSE,FALSE,FALSE,FALSE,FALSE,FALSE,FALSE,FALSE,FALSE,FALSE,FALSE,NA,FALSE,FALSE,NA,NA,NA,NA,NA,NA,NA,NA,NA,NA,NA,NA,NA,NA,NA,NA,NA,NA,NA,NA,NA,NA
1985,0.41,0.743,0.545,0.37,0.743,0.708,0.385,0.484,0.532,NA,NA,0.376,NA,1.548,0.606,0.574,0.848,0.849,NA,0.313,0.266,NA,0.476,0.456,0.907,1.034,0.945,1.467,1.163,1.642,1.028,0.485,0.22,0.585,0.453,NA,0.442,0.386,0.571,0.681,0.666,0.899,0.651,1.046,0.513,0.511,0.38,0.653,0.745,0.518,NA,0.869,0.194,NA,NA,NA,NA,NA,NA,NA,NA,NA,NA,NA,NA,NA,NA,NA,NA,NA,NA,NA,NA,NA,NA,FALSE,FALSE,FALSE,FALSE,FALSE,FALSE,FALSE,FALSE,FALSE,NA,NA,FALSE,NA,FALSE,FALSE,FALSE,FALSE,FALSE,NA,FALSE,FALSE,NA,FALSE,FALSE,FALSE,FALSE,FALSE,FALSE,FALSE,FALSE,FALSE,FALSE,FALSE,FALSE,FALSE,NA,FALSE,FALSE,FALSE,FALSE,FALSE,FALSE,FALSE,FALSE,FALSE,FALSE,FALSE,FALSE,FALSE,FALSE,NA,FALSE,FALSE,NA,NA,NA,NA,NA,NA,NA,NA,NA,NA,NA,NA,NA,NA,NA,NA,NA,NA,NA,NA,NA,NA
1986,0.468,1.264,0.914,0.689,1.022,0.96,0.553,0.593,0.884,NA,NA,0.514,NA,1.645,0.819,0.684,1.179,1.402,NA,0.463,0.468,NA,0.726,0.772,1.128,1.375,1.572,2.45,2.147,2.212,1.4,0.832,0.472,1.05,0.57,NA,0.604,0.623,0.657,0.853,0.81,0.938,0.899,1.552,0.609,0.611,0.376,0.833,0.94,0.552,NA,0.895,0.4,NA,NA,NA,NA,NA,NA,NA,NA,NA,NA,NA,NA,NA,NA,NA,NA,NA,NA,NA,NA,NA,NA,FALSE,FALSE,FALSE,FALSE,FALSE,FALSE,FALSE,FALSE,FALSE,NA,NA,FALSE,NA,FALSE,FALSE,FALSE,FALSE,FALSE,NA,FALSE,FALSE,NA,FALSE,FALSE,FALSE,FALSE,FALSE,FALSE,FALSE,FALSE,FALSE,FALSE,FALSE,FALSE,FALSE,NA,FALSE,FALSE,FALSE,FALSE,FALSE,FALSE,FALSE,FALSE,FALSE,FALSE,FALSE,FALSE,FALSE,FALSE,NA,FALSE,FALSE,NA,NA,NA,NA,NA,NA,NA,NA,NA,NA,NA,NA,NA,NA,NA,NA,NA,NA,NA,NA,NA,NA
1987,0.433,0.826,0.444,0.37,0.556,0.639,0.659,0.638,0.54,NA,NA,0.781,NA,0.937,0.516,0.445,0.764,0.708,NA,0.216,0.208,NA,0.4,0.571,0.508,0.776,0.728,1.552,1.157,1.15,0.791,0.677,0.235,0.539,0.52,NA,0.477,0.522,0.442,0.465,0.476,0.561,0.444,1.069,0.45,0.455,0.34,0.542,0.687,0.527,NA,0.673,0.314,NA,NA,NA,NA,NA,NA,NA,NA,NA,NA,NA,NA,NA,NA,NA,NA,NA,NA,NA,NA,NA,NA,FALSE,FALSE,FALSE,FALSE,FALSE,FALSE,FALSE,FALSE,FALSE,NA,NA,FALSE,NA,FALSE,FALSE,FALSE,FALSE,FALSE,NA,FALSE,FALSE,NA,FALSE,FALSE,FALSE,FALSE,FALSE,FALSE,FALSE,FALSE,FALSE,FALSE,FALSE,FALSE,FALSE,NA,FALSE,FALSE,FALSE,FALSE,FALSE,FALSE,FALSE,FALSE,FALSE,FALSE,FALSE,FALSE,FALSE,FALSE,NA,FALSE,FALSE,NA,NA,NA,NA,NA,NA,NA,NA,NA,NA,NA,NA,NA,NA,NA,NA,NA,NA,NA,NA,NA,NA
1988,0.34,0.269,0.24,0.184,0.622,0.242,0.369,0.179,0.334,NA,NA,0.261,NA,0.555,0.288,0.143,0.307,0.361,NA,0.108,0.132,NA,0.208,0.257,0.296,0.217,0.407,0.536,0.393,0.649,0.304,0.21,0.178,0.244,0.126,NA,0.258,0.212,0.576,0.393,0.378,0.706,0.356,0.716,0.378,0.358,0.27,0.444,0.743,0.44,NA,0.41,0.303,NA,NA,NA,NA,NA,NA,NA,NA,NA,NA,NA,NA,NA,NA,NA,NA,NA,NA,NA,NA,NA,NA,FALSE,FALSE,FALSE,FALSE,FALSE,FALSE,FALSE,FALSE,FALSE,NA,NA,FALSE,NA,FALSE,FALSE,FALSE,FALSE,FALSE,NA,FALSE,FALSE,NA,FALSE,FALSE,FALSE,FALSE,FALSE,FALSE,FALSE,FALSE,FALSE,FALSE,FALSE,FALSE,FALSE,NA,FALSE,FALSE,FALSE,FALSE,FALSE,FALSE,FALSE,FALSE,FALSE,FALSE,FALSE,FALSE,FALSE,FALSE,NA,FALSE,FALSE,NA,NA,NA,NA,NA,NA,NA,NA,NA,NA,NA,NA,NA,NA,NA,NA,NA,NA,NA,NA,NA,NA
1989,0.368,0.429,0.441,0.291,0.517,0.375,0.417,0.5,0.544,NA,NA,0.198,NA,0.861,0.466,0.304,0.46,0.467,NA,0.295,0.319,NA,0.313,0.368,0.614,0.476,0.701,0.982,0.571,0.852,0.797,0.212,0.55,0.395,0.245,NA,0.407,0.362,0.3,0.477,0.531,0.921,0.423,0.921,0.494,0.46,0.315,0.75,0.765,0.533,NA,0.671,0.555,NA,NA,NA,NA,NA,NA,NA,NA,NA,NA,NA,NA,NA,NA,NA,NA,NA,NA,NA,NA,NA,NA,FALSE,FALSE,FALSE,FALSE,FALSE,FALSE,FALSE,FALSE,FALSE,NA,NA,FALSE,NA,FALSE,FALSE,FALSE,FALSE,FALSE,NA,FALSE,FALSE,NA,FALSE,FALSE,FALSE,FALSE,FALSE,FALSE,FALSE,FALSE,FALSE,FALSE,FALSE,FALSE,FALSE,NA,FALSE,FALSE,FALSE,FALSE,FALSE,FALSE,FALSE,FALSE,FALSE,FALSE,FALSE,FALSE,FALSE,FALSE,NA,FALSE,FALSE,NA,NA,NA,NA,NA,NA,NA,NA,NA,NA,NA,NA,NA,NA,NA,NA,NA,NA,NA,NA,NA,NA
1990,0.236,0.274,0.252,0.21,0.354,0.115,0.206,0.277,0.249,NA,NA,0.225,NA,0.299,0.324,0.176,0.122,0.207,NA,0.093,0.143,NA,0.127,0.115,0.276,0.145,0.255,0.356,0.274,0.407,0.238,0.242,0.205,0.209,0.21,NA,0.179,0.2,0.152,0.342,0.238,0.527,0.229,0.495,0.173,0.285,0.27,0.333,0.621,0.283,NA,0.231,0.138,NA,NA,NA,NA,NA,NA,NA,NA,NA,NA,NA,NA,NA,NA,NA,NA,NA,NA,NA,NA,NA,NA,FALSE,FALSE,FALSE,FALSE,FALSE,FALSE,FALSE,FALSE,FALSE,NA,NA,FALSE,NA,FALSE,FALSE,FALSE,FALSE,FALSE,NA,FALSE,FALSE,NA,FALSE,FALSE,FALSE,FALSE,FALSE,FALSE,FALSE,FALSE,FALSE,FALSE,FALSE,FALSE,FALSE,NA,FALSE,FALSE,FALSE,FALSE,FALSE,FALSE,FALSE,FALSE,FALSE,FALSE,FALSE,FALSE,FALSE,FALSE,NA,FALSE,FALSE,NA,NA,NA,NA,NA,NA,NA,NA,NA,NA,NA,NA,NA,NA,NA,NA,NA,NA,NA,NA,NA,NA
1991,0.441,0.725,0.307,0.361,0.557,0.592,0.429,0.677,0.621,NA,NA,0.583,NA,0.93,0.807,0.301,0.451,0.693,NA,0.457,0.137,NA,0.235,0.345,0.681,0.75,1.293,1.481,0.739,1.116,1.236,0.778,0.699,0.655,0.546,NA,0.421,0.509,0.664,0.457,0.5,0.61,0.443,0.898,0.736,0.617,0.593,0.627,1,0.419,NA,0.876,1.243,NA,NA,NA,NA,NA,NA,NA,NA,NA,NA,NA,NA,NA,NA,NA,NA,NA,NA,NA,NA,NA,NA,FALSE,FALSE,FALSE,FALSE,FALSE,FALSE,FALSE,FALSE,FALSE,NA,NA,FALSE,NA,FALSE,FALSE,FALSE,FALSE,FALSE,NA,FALSE,FALSE,NA,FALSE,FALSE,FALSE,FALSE,FALSE,FALSE,FALSE,FALSE,FALSE,FALSE,FALSE,FALSE,FALSE,NA,FALSE,FALSE,FALSE,FALSE,FALSE,FALSE,FALSE,FALSE,FALSE,FALSE,FALSE,FALSE,FALSE,FALSE,NA,FALSE,FALSE,NA,NA,NA,NA,NA,NA,NA,NA,NA,NA,NA,NA,NA,NA,NA,NA,NA,NA,NA,NA,NA,NA
1992,0.597,0.441,0.485,0.32,0.874,0.748,0.51,0.757,0.582,NA,NA,0.888,NA,1.356,0.977,0.583,0.693,1.18,NA,0.684,0.193,NA,0.267,0.747,0.722,1.22,1.258,2.342,1.281,1.569,1.834,0.895,0.52,1,0.871,NA,0.651,0.686,0.94,0.727,0.594,0.884,0.457,1.043,0.645,0.501,0.642,0.743,1.034,0.435,NA,0.892,0.782,NA,NA,NA,NA,NA,NA,NA,NA,NA,NA,NA,NA,NA,NA,NA,NA,NA,NA,NA,NA,NA,NA,FALSE,FALSE,FALSE,FALSE,FALSE,FALSE,FALSE,FALSE,FALSE,NA,NA,FALSE,NA,FALSE,FALSE,FALSE,FALSE,FALSE,NA,FALSE,FALSE,NA,FALSE,FALSE,FALSE,FALSE,FALSE,FALSE,FALSE,FALSE,FALSE,FALSE,FALSE,FALSE,FALSE,NA,FALSE,FALSE,FALSE,FALSE,FALSE,FALSE,FALSE,FALSE,FALSE,FALSE,FALSE,FALSE,FALSE,FALSE,NA,FALSE,FALSE,NA,NA,NA,NA,NA,NA,NA,NA,NA,NA,NA,NA,NA,NA,NA,NA,NA,NA,NA,NA,NA,NA
1993,0.377,0.694,0.835,0.337,1.325,1.238,0.859,0.883,0.796,NA,NA,0.488,NA,1.924,0.597,0.436,1.25,2.398,NA,1.312,0.261,NA,0.384,0.984,1.1,0.261,1.392,2.113,1.879,1.392,0.682,0.882,0.692,2.541,0.738,NA,0.964,0.817,0.815,0.873,0.735,1.154,0.522,1.557,0.781,0.498,0.451,0.482,1.355,0.51,NA,1.149,1.092,NA,NA,NA,NA,NA,NA,NA,NA,NA,NA,NA,NA,NA,NA,NA,NA,NA,NA,NA,NA,NA,NA,FALSE,FALSE,FALSE,FALSE,FALSE,FALSE,FALSE,FALSE,FALSE,NA,NA,FALSE,NA,FALSE,FALSE,FALSE,FALSE,FALSE,NA,FALSE,FALSE,NA,FALSE,FALSE,FALSE,FALSE,FALSE,FALSE,FALSE,FALSE,FALSE,FALSE,FALSE,FALSE,FALSE,NA,FALSE,FALSE,FALSE,FALSE,FALSE,FALSE,FALSE,FALSE,FALSE,FALSE,FALSE,FALSE,FALSE,FALSE,NA,FALSE,FALSE,NA,NA,NA,NA,NA,NA,NA,NA,NA,NA,NA,NA,NA,NA,NA,NA,NA,NA,NA,NA,NA,NA
1994,0.432,0.856,0.655,0.235,0.75,1.044,0.638,0.654,0.509,NA,NA,0.576,NA,1.225,0.517,0.6,1.081,1.033,NA,0.718,0.255,NA,0.246,0.743,0.922,1.283,1.141,1.588,1.505,1.475,1.152,0.957,0.382,1.23,0.516,NA,0.71,0.669,0.528,0.695,0.763,1.192,0.639,1.399,0.68,0.498,0.576,0.611,1.032,0.537,NA,0.977,0.366,NA,NA,NA,NA,NA,NA,NA,NA,NA,NA,NA,NA,NA,NA,NA,NA,NA,NA,NA,NA,NA,NA,FALSE,FALSE,FALSE,FALSE,FALSE,FALSE,FALSE,FALSE,FALSE,NA,NA,FALSE,NA,FALSE,FALSE,FALSE,FALSE,FALSE,NA,FALSE,FALSE,NA,FALSE,FALSE,FALSE,FALSE,FALSE,FALSE,FALSE,FALSE,FALSE,FALSE,FALSE,FALSE,FALSE,NA,FALSE,FALSE,FALSE,FALSE,FALSE,FALSE,FALSE,FALSE,FALSE,FALSE,FALSE,FALSE,FALSE,FALSE,NA,FALSE,FALSE,NA,NA,NA,NA,NA,NA,NA,NA,NA,NA,NA,NA,NA,NA,NA,NA,NA,NA,NA,NA,NA,NA
1995,0.449,1.178,0.535,0.514,1.131,1.164,0.609,0.533,0.878,NA,NA,0.433,NA,1.255,0.756,0.529,1.109,2.545,NA,1.262,0.344,NA,0.372,0.837,1.597,0.758,1.377,1.736,1.285,2.053,1.298,0.878,0.542,1.409,0.457,NA,0.617,0.621,0.632,0.742,0.589,1.36,0.574,1.946,0.694,0.589,0.649,0.501,1.353,0.537,NA,1.088,0.805,NA,NA,NA,NA,NA,NA,NA,NA,NA,NA,NA,NA,NA,NA,NA,NA,NA,NA,NA,NA,NA,NA,FALSE,FALSE,FALSE,FALSE,FALSE,FALSE,FALSE,FALSE,FALSE,NA,NA,FALSE,NA,FALSE,FALSE,FALSE,FALSE,FALSE,NA,FALSE,FALSE,NA,FALSE,FALSE,FALSE,FALSE,FALSE,FALSE,FALSE,FALSE,FALSE,FALSE,FALSE,FALSE,FALSE,NA,FALSE,FALSE,FALSE,FALSE,FALSE,FALSE,FALSE,FALSE,FALSE,FALSE,FALSE,FALSE,FALSE,FALSE,NA,FALSE,FALSE,NA,NA,NA,NA,NA,NA,NA,NA,NA,NA,NA,NA,NA,NA,NA,NA,NA,NA,NA,NA,NA,NA
1996,0.498,1.242,0.74,0.289,1.154,1.342,0.599,1.22,0.791,NA,NA,0.725,NA,1.052,0.694,0.574,1.347,1.726,NA,0.88,0.306,NA,0.332,1.409,1.613,1.321,1.802,2.662,1.78,2.367,1.477,0.861,0.423,1.754,1.062,NA,0.585,0.891,0.621,0.8,0.605,0.983,0.634,1.679,0.718,0.477,0.575,0.551,1.132,0.66,NA,1.23,0.486,NA,NA,NA,NA,NA,NA,NA,NA,NA,NA,NA,NA,NA,NA,NA,NA,NA,NA,NA,NA,NA,NA,FALSE,FALSE,FALSE,FALSE,FALSE,FALSE,FALSE,FALSE,FALSE,NA,NA,FALSE,NA,FALSE,FALSE,FALSE,FALSE,FALSE,NA,FALSE,FALSE,NA,FALSE,FALSE,FALSE,FALSE,FALSE,FALSE,FALSE,FALSE,FALSE,FALSE,FALSE,FALSE,FALSE,NA,FALSE,FALSE,FALSE,FALSE,FALSE,FALSE,FALSE,FALSE,FALSE,FALSE,FALSE,FALSE,FALSE,FALSE,NA,FALSE,FALSE,NA,NA,NA,NA,NA,NA,NA,NA,NA,NA,NA,NA,NA,NA,NA,NA,NA,NA,NA,NA,NA,NA
1997,0.311,0.638,0.466,0.378,1.194,0.711,0.468,1.097,0.486,NA,NA,0.626,NA,0.838,0.514,0.215,1.231,1.364,NA,0.845,0.24,NA,0.402,0.632,1.144,1.265,1.357,1.558,0.694,1.38,0.953,0.658,0.333,1.289,0.704,NA,0.397,0.589,0.6,0.509,0.834,0.754,0.363,1.248,0.622,0.421,0.471,0.322,0.57,0.399,NA,0.896,0.533,NA,NA,NA,NA,NA,NA,NA,NA,NA,NA,NA,NA,NA,NA,NA,NA,NA,NA,NA,NA,NA,NA,FALSE,FALSE,FALSE,FALSE,FALSE,FALSE,FALSE,FALSE,FALSE,NA,NA,FALSE,NA,FALSE,FALSE,FALSE,FALSE,FALSE,NA,FALSE,FALSE,NA,FALSE,FALSE,FALSE,FALSE,FALSE,FALSE,FALSE,FALSE,FALSE,FALSE,FALSE,FALSE,FALSE,NA,FALSE,FALSE,FALSE,FALSE,FALSE,FALSE,FALSE,FALSE,FALSE,FALSE,FALSE,FALSE,FALSE,FALSE,NA,FALSE,FALSE,NA,NA,NA,NA,NA,NA,NA,NA,NA,NA,NA,NA,NA,NA,NA,NA,NA,NA,NA,NA,NA,NA
1998,0.42,1.289,0.96,0.992,1.079,1.111,0.637,1.432,0.611,NA,NA,0.695,NA,2.21,0.849,0.603,1.744,2.592,NA,1,0.529,NA,0.674,0.933,2.068,0.777,1.314,2.688,1.684,2.305,2.046,0.871,0.455,1.93,1.065,NA,0.797,0.86,0.772,0.913,0.882,1.273,0.748,1.883,0.899,0.77,0.613,0.84,0.96,0.643,NA,1.289,0.751,NA,NA,NA,NA,NA,NA,NA,NA,NA,NA,NA,NA,NA,NA,NA,NA,NA,NA,NA,NA,NA,NA,FALSE,FALSE,FALSE,FALSE,FALSE,FALSE,FALSE,FALSE,FALSE,NA,NA,FALSE,NA,FALSE,FALSE,FALSE,FALSE,FALSE,NA,FALSE,FALSE,NA,FALSE,FALSE,FALSE,FALSE,FALSE,FALSE,FALSE,FALSE,FALSE,FALSE,FALSE,FALSE,FALSE,NA,FALSE,FALSE,FALSE,FALSE,FALSE,FALSE,FALSE,FALSE,FALSE,FALSE,FALSE,FALSE,FALSE,FALSE,NA,FALSE,FALSE,NA,NA,NA,NA,NA,NA,NA,NA,NA,NA,NA,NA,NA,NA,NA,NA,NA,NA,NA,NA,NA,NA
1999,0.468,0.972,0.855,0.43,0.738,0.847,0.664,0.93,0.84,NA,NA,0.756,NA,1.19,0.604,0.619,1.083,1.083,NA,0.398,0.455,NA,0.379,0.618,1.212,0.894,1.045,1.893,1.365,2.002,1.163,0.686,0.302,1.116,0.632,NA,0.679,0.667,0.578,0.526,0.444,0.832,0.701,1.079,0.831,0.632,0.627,0.624,0.998,0.471,NA,0.835,0.502,NA,NA,NA,NA,NA,NA,NA,NA,NA,NA,NA,NA,NA,NA,NA,NA,NA,NA,NA,NA,NA,NA,FALSE,FALSE,FALSE,FALSE,FALSE,FALSE,FALSE,FALSE,FALSE,NA,NA,FALSE,NA,FALSE,FALSE,FALSE,FALSE,FALSE,NA,FALSE,FALSE,NA,FALSE,FALSE,FALSE,FALSE,FALSE,FALSE,FALSE,FALSE,FALSE,FALSE,FALSE,FALSE,FALSE,NA,FALSE,FALSE,FALSE,FALSE,FALSE,FALSE,FALSE,FALSE,FALSE,FALSE,FALSE,FALSE,FALSE,FALSE,NA,FALSE,FALSE,NA,NA,NA,NA,NA,NA,NA,NA,NA,NA,NA,NA,NA,NA,NA,NA,NA,NA,NA,NA,NA,NA
2000,0.417,0.801,0.645,0.487,0.929,1.053,0.605,1.001,0.676,NA,NA,0.419,NA,1.236,0.927,0.582,1.038,1.21,NA,0.479,0.344,NA,0.544,0.442,NA,0.671,NA,1.954,0.82,1.384,0.948,0.765,0.361,1.4,0.512,NA,0.525,0.644,0.658,0.509,0.427,1.263,0.457,1.156,0.872,0.548,0.668,0.451,0.888,0.651,NA,1.167,0.629,NA,NA,NA,NA,NA,NA,NA,NA,NA,NA,NA,NA,NA,NA,NA,NA,NA,NA,NA,NA,NA,NA,FALSE,FALSE,FALSE,FALSE,FALSE,FALSE,FALSE,FALSE,FALSE,NA,NA,FALSE,NA,FALSE,FALSE,FALSE,FALSE,FALSE,NA,FALSE,FALSE,NA,FALSE,FALSE,NA,FALSE,NA,FALSE,FALSE,FALSE,FALSE,FALSE,FALSE,FALSE,FALSE,NA,FALSE,FALSE,FALSE,FALSE,FALSE,FALSE,FALSE,FALSE,FALSE,FALSE,FALSE,FALSE,FALSE,FALSE,NA,FALSE,FALSE,NA,NA,NA,NA,NA,NA,NA,NA,NA,NA,NA,NA,NA,NA,NA,NA,NA,NA,NA,NA,NA,NA
2001,0.538,0.89,NA,0.436,1.175,0.865,0.918,0.94,0.684,NA,NA,0.407,NA,NA,0.539,0.582,1.524,NA,NA,0.347,0.396,NA,0.486,1.162,NA,1.579,NA,2.329,1.238,1.514,1.498,0.777,0.486,1.029,0.779,NA,0.787,0.658,0.696,0.667,0.734,1.001,0.539,1.05,0.754,0.537,0.66,0.932,1.29,0.751,NA,1.143,0.75,NA,NA,NA,NA,NA,NA,NA,NA,NA,NA,NA,NA,NA,NA,NA,NA,NA,NA,NA,NA,NA,NA,FALSE,FALSE,NA,FALSE,FALSE,FALSE,FALSE,FALSE,FALSE,NA,NA,FALSE,NA,NA,FALSE,FALSE,FALSE,NA,NA,FALSE,FALSE,NA,FALSE,FALSE,NA,FALSE,NA,FALSE,FALSE,FALSE,FALSE,FALSE,FALSE,FALSE,FALSE,NA,FALSE,FALSE,FALSE,FALSE,FALSE,FALSE,FALSE,FALSE,FALSE,FALSE,FALSE,FALSE,FALSE,FALSE,NA,FALSE,FALSE,NA,NA,NA,NA,NA,NA,NA,NA,NA,NA,NA,NA,NA,NA,NA,NA,NA,NA,NA,NA,NA,NA
2002,0.438,0.627,NA,0.445,0.696,0.644,0.596,0.936,0.475,NA,NA,0.511,NA,NA,0.483,0.421,0.8,NA,NA,0.263,0.309,NA,0.388,0.352,NA,0.447,NA,1.428,0.845,NA,1.177,0.484,0.317,0.857,0.662,NA,0.537,0.522,0.581,0.423,0.395,0.91,0.404,0.751,0.68,0.637,0.504,0.761,1.295,0.522,NA,1.021,0.513,NA,NA,NA,NA,NA,NA,NA,NA,NA,NA,NA,NA,NA,NA,NA,NA,NA,NA,NA,NA,NA,NA,FALSE,FALSE,NA,FALSE,FALSE,FALSE,FALSE,FALSE,FALSE,NA,NA,FALSE,NA,NA,FALSE,FALSE,FALSE,NA,NA,FALSE,FALSE,NA,FALSE,FALSE,NA,FALSE,NA,FALSE,FALSE,NA,FALSE,FALSE,FALSE,FALSE,FALSE,NA,FALSE,FALSE,FALSE,FALSE,FALSE,FALSE,FALSE,FALSE,FALSE,FALSE,FALSE,FALSE,FALSE,FALSE,NA,FALSE,FALSE,NA,NA,NA,NA,NA,NA,NA,NA,NA,NA,NA,NA,NA,NA,NA,NA,NA,NA,NA,NA,NA,NA
2003,0.378,NA,NA,0.214,0.54,0.275,NA,0.686,0.391,NA,NA,0.503,NA,NA,0.395,0.377,0.873,NA,NA,0.136,0.421,NA,0.263,0.194,NA,0.534,NA,0.932,0.67,NA,0.522,0.292,0.275,0.452,0.373,NA,0.481,0.511,0.363,0.343,0.397,0.581,0.392,0.741,0.442,0.486,0.375,0.457,1.096,0.591,NA,0.674,0.446,NA,NA,NA,NA,NA,NA,NA,NA,NA,NA,NA,NA,NA,NA,NA,NA,NA,NA,NA,NA,NA,NA,FALSE,NA,NA,FALSE,FALSE,FALSE,NA,FALSE,FALSE,NA,NA,FALSE,NA,NA,FALSE,FALSE,FALSE,NA,NA,FALSE,FALSE,NA,FALSE,FALSE,NA,FALSE,NA,FALSE,FALSE,NA,FALSE,FALSE,FALSE,FALSE,FALSE,NA,FALSE,FALSE,FALSE,FALSE,FALSE,FALSE,FALSE,FALSE,FALSE,FALSE,FALSE,FALSE,FALSE,FALSE,NA,FALSE,FALSE,NA,NA,NA,NA,NA,NA,NA,NA,NA,NA,NA,NA,NA,NA,NA,NA,NA,NA,NA,NA,NA,NA
2004,0.266,NA,NA,0.284,0.447,0.408,NA,0.321,0.366,NA,NA,0.458,NA,NA,0.486,0.41,0.484,NA,NA,0.161,0.258,NA,0.246,0.287,NA,0.462,NA,0.801,0.507,NA,0.743,0.22,0.311,0.454,0.423,NA,0.513,0.475,0.462,0.395,0.402,0.485,0.347,0.616,0.427,0.375,0.29,0.624,1.116,0.412,NA,0.554,0.503,NA,NA,NA,NA,NA,NA,NA,NA,NA,NA,NA,NA,NA,NA,NA,NA,NA,NA,NA,NA,NA,NA,FALSE,NA,NA,FALSE,FALSE,FALSE,NA,FALSE,FALSE,NA,NA,FALSE,NA,NA,FALSE,FALSE,FALSE,NA,NA,FALSE,FALSE,NA,FALSE,FALSE,NA,FALSE,NA,FALSE,FALSE,NA,FALSE,FALSE,FALSE,FALSE,FALSE,NA,FALSE,FALSE,FALSE,FALSE,FALSE,FALSE,FALSE,FALSE,FALSE,FALSE,FALSE,FALSE,FALSE,FALSE,NA,FALSE,FALSE,NA,NA,NA,NA,NA,NA,NA,NA,NA,NA,NA,NA,NA,NA,NA,NA,NA,NA,NA,NA,NA,NA
